Board number,Data Sent,Number of Bytes Sent,Data Received,Number of Bytes Received
1,0020001000,5,00011C930000F3A700010CCF000176950009942B000229EE0001FEC70002418D00020303001191DB0000B0C80003A7330002031A0000E9FF00013236000258190001F1EF0011B6AA000161DC0001942A00011F1C000D7904000375BA00010C2500014D7500118A1E00010FD900019E910002A48400036B9400019A3300018F3100011728000105F800013B9E00023CCF000610D200122BD60001DCE00000E33E00019C5200018E1C0001180A0010840B000155AA00018ACC00035B320001A0A50000F65B0005580B0001CF930003645D0002465C0007F045000A2A57000109A30002E3DA0001BD1D000366E5000157BC000314EF0001BAFE00030C6C0004263300015A8A000176D00005070B000118E7000161E9000141F500010A30000204C20001EFC40002095E00018D720004BEE7000292200001CBCE0002AADB00092CE90001411B000BF9400000FD78000C165F000243C90003118400015BC5000180B400021F9C000BA62C00041995000267180005A0F30001B8810002E696000272DC0001E125000280B50011CDE70000D54E000121CF0002A4430000BB5E0000F56C000833A30001662000025E0400078074000178FB00030EBF0001422100016C5300091CCD00117A710000E67E000198010007002900016D76000463A80004D98D00017D7C0001A0250003DE7600018D630003B85C0006411C000243A1000317EE00085D3B00014FE300019FA50001BCE10001EE0600024B4D0001233200014A2C0000E177000302A30000B01E000205FF0001D70D0008D62C000324CC0002728C0009364F00015D4900012306000279C00003907D000174D00002E88200023762000240CE0001DD550003794A0001FDE000026C08000243460003157E0001B7BE0001BF7E0001A34C000940950002ED2F0001807C00013631000241A70002C59D00066BC10011AF10000639E10001E4730000D6AC0001A59B0002FA4C000136C7000273460002333B0003EF83000154670001BC280003350B00027C020001BD9D0002790B0003ECE50000E80200019120000135B80011921500072EEF000685CF0004EC2B00012E340001619D000110AF000278860004494A00087F2A00018AEC0002D4CC00054089000180EB0002B6700002D3D5000661BC000598A30002A11B00011EEE0003662800014E4C00053FCB0001112A0001EBD10003E68200014A95000372DB0000E1DA0003923200013AF30008276800016D9D0002A2D00001BC47000104B3000411D100013CD1000793A1000136B00002A1E60000F02F000369BC000125CF0002CED20005CFEB0007CE650003526100046030000169D30001108800025B3E000195F000063D0C0003A6D600038283000336180001D1B700045EC30000CFC9000103A50001E9030002CFDF0002241D0000D4410008E6D700028B460002D47D0010FBCD0001798F0001B283000D072800011DF100022150000B0F2B00014EA80004AF75000277BB00043E530001C0F3000176910000E12F000202BF00015A9B00108F54000173CC000300020001E3790003225200024D2E00012F3F000148030002C4E90000B3E300011D950009270400068AC2000311830008496B0003534B0000EA220000FB630001363F000189510003748E0001C8030002C6B000015B22000111370008CB18000F25A9000254770003C7760002B6A1000250CC000109A70000D10A0001EC270002FB9900012C7F00018B4D0001246B000B49700001CF280002D2B40002BF600006A63B0001328300016D3900010A510002D3EE000224FC0000DF2B000397AD0001A64F0001E110000191200000A00000023D2A0002E4F80005BFC000010CD8000198CC00022AC000022ADE0001AFBD000A814700037E740001ACB10002046D0004AAD5000171B80001AD820011131800021DBC000138C60003B6E7000299550008543A0001B7BF000151200003551500028BA10003460200028B8E00010C5D000195E800015F740002B40E0000CFD100018E37000161F40010C2CB0004CB480007041200021AA400032A0100013AF60000BB2D000144FF0002A19400015C7400022A8D00070E7100014445000178BD0001F34B0000FE2D00105E990011A64E0000F376000753AA000119170002CF750002580400045C9F000210750000B0C100019FCB00012B14000235D100015A960003E3AB000157C20002D18B0002E2030000D4AC00026EF5000BFE5400097E09000634DA00011973000112F20003A90100027F21000355CE0011786500116DFB0001A8E200024663000156C600040F34000120670001049200037E9F0002E1AF00015C2B0001304C000290980001FFE90011C87A00016A350001659700010FB50001C3B800023990000C960D00021788000201220000D8D4000F9B72000208C50005EE1900037C2F0002D6BF00014DA10001BBD90001447700024040000110E00003C93A00014C940001D0130002080C0001D94400010EE700011024000133D00005F9BC0001B5C900113B040002169D0001078F00057AE500011356000104610002BC0200011D38000237FC0001E0120004728A0000EE000011D8460001C79F000103B300079F5E000264DD00026B0F0003FB7E000808A60004E853000854B400026601000502BF000F2D5C0001E4BF0003435B0001701800022E780000F8D900023129000687D50000F10B0002866E0001E85600011D1200119DE50001A6060009601C0001E7B60001FB6500014567000247B600020DD20002B73700082B4C0003E9C400025F6B000229650001D7C1000347B300039729000113010001B70400029B5F0001D9D2000633B30001A89A0002D3230003E120000102D60004935900024015000894C3000128A700022ADE0002FA4F0001EE260000ED350000AE17000762630004250F0010E39500016C73000172CB0002CF420007ABEB000306AB0002FA9E00022812000706860002B21D00037E3300087B7500023FCB001127EE0001F8540001224100066C5B00083D6C000208FA00014A0700010C9900027D6500026E630001387E000168180001AF8000020A120001BA9B00036428000248750002941600042C310005ADD800012184000271250007E7E000063AEE00025D2D0000D011000344F20011124000088CBF0000B938000148170005A7D70001C84B00027B8C0001E9400001E0C30001D6870004679800041D690002C1570001DB940003383300016C310004239400068EE00002402A0001752B00028AB300017B72000328000001DDE3000271AC00016C510002A249000679070006F86E00034FA20009FD060002D551000113480001A2DF0002BA4E000390FA0002DA8D0001868C0001932F000572C3000203050001CF540000FE770005E6F300019E970001E8250001EEB200027F8E00084BF50001ED5E0001CB5600012645000480D400062B5600023CF2000524240001BF560002E7D90000EB9100010EA600014F280001C1BC000161400001035B0000D12A0003082C0002F613000198230006B32F00011BCD0001719E0005B339000457E20000E1EE0001C230000134AE0003454C0002B9990001FC34000111F900016BF7000121310002D6AF000190620001B8E30002335C00016E990000A0070001D801000144AA000365B80000CEF10002850C0004543C00025F3D000171DC000B3D0E0001560100033BE9000405F90001E18E000345F100011F790000D020000270090001160F00016C8D00019FFC00017BF80004AD0400021F3100031113000313510002952B000152FF000398BA00116AA4000E24B60001F8FE000315510002C91E00052A6E00018BE20007E14E0001F1A300014027000B5A0D00016D100000FCFA000256520000F0340002EF68000121A60002B8C8000210740001AE3E0002C3BB000125910004C5460001153F0001119E00022ADB000A5A9E000129B50010DF030001696F00033C260001101200034D5D0003C3EF0001CFDF0000F1650001EF600002B20C000160AE0002AD18000133D9000111760002DA5E0004E1890000E5750002154300038D8A000331C7001192E600021059000124D600084DD400022CDC0001D3D200019D0A00039D1C00031FB700032E8A0002794D000833510000A2DA0002750D0006608A00077B27000488D6000555370002355D0002D1A700024C7D0001050E0001B5070007C9B70000F7D900027F8E000191CD00036EA200041C040001A13C00037B5D0009B11D00022AAF00013C080005E6860001ECD500014A280001279100028DF300018D390002AA8700020B030008D57D0002D23F0003B7D10002D97F0000ED370001905500025FE9000167C20000C0100001179500018507000125840001A2AF00021A64000146D70004FD63000155FD000283C2000A4BD200017F8D000295CE0000FCFE0001611D00010CFB000101AB00012D3800117F150005CFF90000F0440000F9280003A8000001FE2200011268000116DF0006985700012F6F0001BA42000408AD000929DE00021660000CE4F0000183F70001AEE30003E38000091E7D0000C459000134A000009FF7000BC3840001B7850003322800018D310003194A0003EE4700017AB0000223F30002B92100011E810001A73A0000FF2D000255E700031DD20001503D00013298000567E50001C4A8000176940001113600043D87000359C8000ADBE500038E9D000566E700087CF70001953500012AA40001C78100033810000258EA00020F4B00013891000279E10001832F00024B770005170700052B6D0011DA620003BBAF000450260002383F0003AAB70002D20900013A6B0002E8190001FB9500015BA500012697000173B7001155DC000358DE0003401C000219BC00032BED000342C700028687000254630003E9D5000EE2DC0002566C000123DA0001769000033FFF0003BA5C00042C51000218D3000133030002887000012FCC0002DB6F00012E280001E9490000BF1A000125FD000178130001A97C00039076000625DA0002640C0001DC0D0000FFA2000156DD0001C4F1000259F20007819A0001CD54000545010001C0980003F89E000BE5D7000362A000018B4800011AC10001F117000816B00004FE6F0002C74A001023F40001F18E0001BE770003CCE200025DC10001818E0001B31200017F6A0001850F000394B80004598E00022BDB00016C56000743BC0002062700023E2D0001A5B60000FD790000EE410004351E00014D5700023D600004441A0001D3E80001A64600019E920001F4BA0000F6AF000607D3000201B90003791F00020047001195F400017AED0001C77F00036609000378A600018A970003245100022C30000189AF0001462F0005A1650005C7020001022800044AB00002931C0001BBE80002E5650003401600043CD00001CC080001062C0003F77F0002948C000790B000024A990001130700041D190007A0350001E4F900014E6A0000E0B50001160700039A7C0001172F0006C8B20002FC700003B9170001F600000241820002E2F80002105D0000BF220002B93600018EF00002F1ED00016E6D0004270C0001032C0001406B0008B5090001573200036E0C00082F6E0001635A0001ADA80001B72E00024B750001109D00008EEA00021A490002FE9E0002D5B30004F99900082C1C00011BD300016BFA0004DFAB0001E8330000DDC4000129C20002962C0002F1E2000315960003F18E000262A3000139EC000181C600011CA1000339AA00010BB80001D2B500025DA80002315100011E4700113AC900033759000295B9000455270000BF9300019A54000217D30002FA270004259A0001E1D20008A5FE00019FAC0000CFE8000119D90001B4D9000181B8000236EA0004742F0001457000036D8C0001457F000228CE0002DFEB00026442000257B80001E7350001CABE0008BC2B0000AB220002048D00022252000223B20005162300034FC500029E22000305EA0002FFB70001740900022C400005AE24000210FE00035ACB00046C950003271800016F62000223900003D6F8000136C20000AB9D0000CA7500031DBF00060575000281CB000186760003B50F00016FC400017B6400017B9E0003607B00011EB4001186A30001A36B0001099C000357100003B5500002D71500013345000305A30000F8DB00029B6100010A450006CDFB000183A70008781A000410FD000136160002E4D300031E2D0001716D00024D35000187580001C10E000165F30002118E0004A7FF0001551F000CC60600013D620001272C0001D4680000E7E500081597000C0E9B0004D4B700010ADA0007CB770002CE08000106660002C6A800010021000161420002C7450002B4FB00018DE90001603700020E4B000332D70000F70C0000F78C000121D6000271D5000179220005356B00089BB4000146A1000125D20002FA5000015A950000FA5800025C32000144A80001A7690002EE5E00010CBE00028C9E00020A1000012A3A000330AC0002E98F0001AD200009A8DC0007961D000425A4000170A90001C00100027A320002FF1200027E8A0002525A000199B10001513300028E3D000465040000D56200037FF700017AD400033AB20002EC4A000128E500032212000127220001EAB1000276380001A3E20001189A00017003000273640003CF6D0001792B0003A2090002B82B000254A2000167250000F03E0002C58300052F3C00014DCC0004F9CC000D7F30000742290001C2780003078E001138C70003D8A30001BC300001B576000481B20003964B0001FE7F000248DE0002731A0003EBC400046C380001D9E1000130980005A28D00013C810000E22F000163020000C4E90001D5BD00012DF80003F9120009892A000242D200015C960000D1A60001ADDB000732520008F502000F9E0800010C7000036AF9000236B5000290F400017F57000773680001F7AF000100DD00019D44000FBC4C00017A7500011C14000162880001BAF20002152200033AA500045E8E0004C94400066AB90009E38D0002D67F0000F5BB00014B3A0005604100011DB00001A686000638170000A0010002275D0009844400015AD70001F8CA0001B089000160C300037CC9000AB24B0001079100023AC700050DA10000E04C0002416E0001B7B30001639C0002ED8A000100D80009C5E3000240DD00014A800002C9490002443F,5120
2,0020001000,5,000331BB000CAC06000168E800021EF900020F660008BC2E0004483400022B87000353DB000139A500017E48000242950005F2290001759600014F130005C207000906090000D639000199590001F56B0002AE7B0005E4E60000B4470006DFEB00011DD00005F7C70002757F000D08FF0000DF7C001246DF0000C00B000190730000EC8B00106C61000178E50000DE190007D0C60000FF2000070D6C0001DFEA0002343300026C31000152A700013E210001E86B0007697800016C950004D68F000303BB0001B6C300017C4B00011E5E000111A90001C3DD00038317000108D500036EAA00018C8B00016179000180FE00012D470004499100019CEF0003AA3D0003F340001162A2000126170001A60B000245A200079FB30001142A0001571D0002FDF50000ED4A0002E7A000023680000253D40001C54E0001F03900127EFA000850F40000F9410005E3850002570E0003B6B60002689F00017AAF00125E7600025FF8000469D100018A69000151A80001E82A00018D4E000FADF8000461980002DD700000E94400036B7D000FA984000909790001421600013E500003247B0003AC4F0001BF5B000171AC0004A45C000100AC0001D0B400016CCB0001710B000239130002169E0001BAA2000AB543000203D100050574000328330003E779000150840007D815000772780003DE770002D7750002DFDE0002106400017760000487BD000252880000F11000022163000121270001BD9F000564010001FECB0002DD5300030EC5000140F8000376800002D62D0001758D0002473D00010C730000BFFD000217A80004D72400011053000128AA0001D3820001E50C0001278D0001D4090008FFC1000265B40003C6DE00012FCA0003EF7B000808520008D26300095DEC000231570001B0AF0001CB3800026B5000014B16000226940001C2850002CB5B0011C9780001A6390002AA08000299A2001223C2000263780002507900010FD10001D186000162710007B5180001B47100038ACF00029C1A0001EDA00004868A0010C7710001A0660001097E00044450000285B200052C200000FB880001225F0002B6950001124500012C2300012A1C0002A91E0000BFFD00052533000717380001AA480002EA870000E4A5000143300001DC090001391100027CA100040D8C0011D69600036F91000713AB0001FA010002013C0002BC660001A35B0002214E0001FEA20000D8CD00018D4A001139070003276A0000D4900001EADE0001B80400018122000278FE0001237C00014DA2000173100000DF450002CEC80001B5580011A4A30002693100086423000261EF000133D800016847000202DA000230990005DC77000323AA0003B4DE00032A0B0001152600043A0700033DED00025A9D0000DEFF00028F120003E3F8000295D000026D6E0001D73800037AE00001AA290003E44500097EC600014D5400014EC90001C6BA00083DEE0002B1430001B6A800023EF1000154ED000169970000993900023C450003015500016D02000280FC001198F30000F82B0002073C0001FF54000A3CE20000BFF1000251AB00030C8B0001B4490004E50200018E07000219AB00014ED3000243DF0000B030000490E1000267D20000F2A500018B2F0001B8D1000531EA0000D7F00001F3C50002553F000D7CC90007F33800018C50000222C4000133BA0000EDD9000534900002DB7B000175780002D8860001265D0000BF3B0001D52500055D130000F0C70007C53500059D6D00024D3C00012E540001E688001149BC0011840C0005DDDA000123920001EC260003285D000214E700028822000270FE000171DB00042377000528F30002D1870001023700014CBB000263840000EAA50002F794000145AC0003A8D100052C5F0001E50F00034B0D0001933E00056C81000355E30001B2D500028F0800019F02000208FA000125D200018A8E0000FAA80001DEB3000291D700028ECF000146550001E2920001CFD000020B980003237500010D860001AC5000025D150002447800011555000243AA00029CFD000B1A33000857BC0001D90A00059CB10002B1AA0003846B0001C3C000041BCB0001C0C40001D29B000183090001C324000168D700011855000129CE000133090001E81600013EA300011E880001CA9F0001E980000397E4000170B0000190A5000174FA0001C3CB00014FF40002E5690011B02D00016E3900013E950003BB340010B01700027F9C00119FEC00021BE80011A1BC00015C35000124B500027BC30002CD0B000256870002685800054A240002FC0100025B8F0004DAB90001F31F000A6FF20001C44300042D570001589A000243E30001515800010215000271BB00017E21000715140001A4CC00021CE20001C3E3000448600004F9640000F76D000EB735000184B9000212C200010C530001486C00017C880002261A0001A2D700021F1E00017B9A000251D4000129620001F1470003D773000600CA00019B6D0003ECEA0002E5510000D0060000D06600039E53000DBC080004CFC50002949B000E83D5000193710002A0B80003106B00020674000317CB0001F5AE000231C20001C0FE00013BC30002CEA10001AEE50011A8AB000261C90001AB530005551300011FC800010BE3000267530001C3020011453C0001048A000593F8000332C7000173AC0004523700017FAC00015B1D0000E883000651FB0003EF1C00014908000175830000B4160001F91400015F5E0001E0970002094800035D310005520B00024FBD000230CB00058E020000ED8B0001E4DE000197DE00012B0A0001834D00016B360002531500026DBE0001AA6400017AC10001CE3E000269350007890700025FFD0007EDE30000C81B0002210600020D3A0001BA650000F8B50002CDDF00021AD900016C030002269A00023E5C0003919A00029441000B818D00025E4D0009B97300011AC500022E1700020AA400017D8E0001B61E000CEB490001E273000211690005F8A100010B5400021AAE0011AFF300017EDE0002DAB90004E363000198940000EF4A00031D1B000160AF000389180001127800019D5600086CE30001BEED0001680200018217000109FA000257CA0002F2710000C0510001CCBB00029B1D0000FEBE00032E7400020FEB000FA11300047CBF000182850000FF6E0002822900013FC20003EA720000F02E0001855F0001372100010AAA000104D900040351000358F500023CF8000103F3000284BD00017CE500042A6C000248DB000F1CD30001B9CF000516DE0004D0BA000139EA000316590001DE9200078F5D000208E400016C61000218BF000138B50001CCB80001D4F60003186800029E170002083B0001648200032E7000022AC90001FE5A0003496100011D6100012FC300018B850001E2950004D41900016C4700011F1400018CE5000378EF000138B00002E32C000142660003997600054A910001C5670005ED2900015DC70001056100037E07000366300001BAB0000880EF0002E6610005C988000563430001F1C00003A9F50004BD7C0004E6AD00099B83000A7A34000216150002FB210003812B0001887800043E7C00017BDF000134DB0011D8F90001ADA40002838A0006FCF10001EDF2000364710002338D0006873B00030903000148D200033CD30001C4B600048DB3000101BC001037180001EBB100015A730002508B0008D7E70000F01E00016FC300017AB6000316E900023D2F000427600002A99700010FE800026A120003015F000376AE000953BF0000D6C30001E14D0011E6D1000295F10001DBBD000A15820001463C00095ED20001D7E40002A6990001E64300010A130001C61500080BB8000392E90003F101000291420011E22B000204FC00036AD5000475730001713E000104E50001D43A00017F5C000284D600043AB3000263DB000235F20002EFB60001E8D7000421F700042D15000357330008989200010631000252150011A74F00013FBD00019463000264B70001546C000090340001CD5C0003D900000437F400024D710007221F0001D95D0005F9E30002197F0001577500014C750001B32C00012DB1000118F30003C09B000AED230003EB56000261E10001DA360002C84D00026F2F0001B2D30001C4620001716E00013E24000655A20001CDC80001D48500012F6D0001D1EF0000F1270002EEB50001EC6F000312A20003F3AC0001854E0007DDE600042E2600023646000111DE000255EB0001ED5C0001402C00016B600001CA470001A7E3000529EE0001B472000285690000D9F8000105EE0001A9AB00065D2A0002D813000785D6000158B70000DF13000299890001C7830001383C0000C0590000F76F00023C8C000121370000E16A0001958300017EE0000F8CA50001EF910005A5990001E7150012024F0001EBC60000FE14000427400003E84E00011213000430B20005D51200120EA30000E25A0000D0000002BED40002E93800027EE300023CA200016DF3000162010001630B0002665300065F3400064EEE00029BC200017A7C0003A6F70000DF3200016D5D0004667400049409000C1A580004F6B10001B89F0003303A000FBE56000298390003DF1800021A9C0002816B00020FFE000276A8000126C7000364650008C4300002B26E0001DACC0003C1EA0001CA4B000BAEB00000F0480000B6D10002F939000120E00001A744000CDCE200016DCA0004608F0001E0660002BB430001A99D0003D814000113DA00029654000981B5000335E90001670A000326780000F4F70000FE2B0002B9B1000383D00001ACA80001AD320001D3A20000F5A20002367A000240C6000193910001082C00034B420002EB8F0004A7730001AB870003F9170005A82D000780F50002E4D70002E13B00010900000730A400016D9700030EBC0003AA9100011E34000114E10002CA7600019F27000381380001EFA60000D90E000299E400066E2E0001150A0002104B00048D270004490200042C0300077EDC000B106B00029AD7001230B40003A3920001BDDB00013397000349140000F2B100028E9C0000D5BC0003B6F50005078A00013D370002496B00010E3100011B01000476820002B62300038B8800039B5500013FF900026D220011E3C4000237A300057D6D000243DF0000F0FF00025AB40001A3E20001309A00017CDE00021F9B00026009000192BC0010E4A3000124E20001E05200018B3D0001CD590003F2AD000496350002EC9B00013D82000122D100026BCB0002CD1600024855000123EE00010DA90003D3E5000429880000F6390003DFA1000187B50000DA4F000208420000C13F000A8E9F0000E0C50002BFD30001FCCE000190A70011C27D0000F084000414A40008542600027BFC0001228A00017C490001856D0003A59E0007B4240001359E0009BD4800035C8D0001F1EE00015F9A0001967E0002677E0003D4AB000197AE0002266700120EC9000857420007A3DD000594B3000BDE750000F146000172BE0000F1D80012264700015396000559130002C8DB0011C0F200033E4D0001E0C30003DACD00029CB20001C95C0001C842000346CB0001246F00013760000393EF0005C7B50002177A00015A150012B47C0002C301001195F200066532000244450001DEF00001319A00038D8A0004660F0001D1A300016FCD00056E4C000115E60001D40C0005F3B5000104D700019161000157CC0001E66C0000F4CC000252870003828B00010EB80002CCB90001E23900016FBC00035E51000928B8000209200001EECC00019F5D0001F3910002D8830002A28E00019AB7000208E400015E5600010CFA00018A830002537C000690D30001844E000F559E0005A4DE0005B2EA0003483E000166690001513500035E9E0001FF3300016B0F00017E3300013A8000010FAE00080DB00003C88500017C1B000138B50011807D0002B8500000FA240001D0BC000BAC9700011E2D0002788300087400001167320000BC5100021DD8000189110001B5C50000F0A600013DD60001941C001196B50001C204000204FA000245130001E29B000244D20001E8E3000227370006F41F000348FD00048B2800043C9D000ECD11000184EE000137C20001205A0000BF8A00018C2600048AE30004C3FB000237F000012B150008F37D0003A102000118C90007C41F0002709C0001DB8900013EC30005D6A100035BC3000189FF001198D400019863000ACB990001659500010DE200010F4A0000EA2100015813000143290002A5BB00021EE800026471000A574C0001CAB400012FDF000549A60000D2140009C7890002A038000118BB0004182D00028A8500050AA90001042E00017DB600017A0D00013BB2000237FB0001F5CD0002763F000328BD0001AF5C000200070001DC7D00031FDA0004F27C0001C4CB0007E0EB00019F6C0001DE950002E3C900034AC60001CF970001AFDE000BE55C000290200002FB8C00022C210001E94F0002799500030629000719C70001B13D0000EC4D0002DE95000143C7000371A70001D6600006E56D0005D7B800051AA20004D3B20007F99E0001E01E0001A6E50001F00200012E1E0002FEA3000258660001EBFA0000FE8D00015B1900013A8A0000C64F0001EE2B0002CC8D0002CF8F0000E04000062EA1000689D400013052000432540000E02C001156AF0008A333000225B600026F3B000175820001145F000152C3000E799D0001D0A9000171260001E1A80001D6B40002F8EF000218B2000281C40001A640000A6859000174B3000182DD0001C3520001628F0001C2230007555900058EDC0001A5160001B7710001F2580001CB9A000316BB0001CB7D0000EF86000A7AA7000B815C0002B1440002713C000448390001A7850001B7FD0001C2070000E29F0002A90900017F270003E92C000D95440001E34100110103000226CD0001408200010153000276E40000A2AB0004A59D000439B5000449790003D02900029EED0001C7B100028C9A000174AD0000D785000148210001CB190002040400012C8800013ADB000985DC0003D82F00015B56000188570003CC370007AD420001E02A0002749C000987D70002D6610000FAB70001A05F0001C4A50001A1660002297B0001E93C00016D5F000272BF0002153000034DE80003F897000138EC000197D30000EDDF0001A461000102D20001BF69,5120
3,0020001000,5,00027C04000D86970004D2300001BAD80000EEA200015E4D00027A950000E5530001F1E800027CC100014B02000812C00001E5BE00016FF8000117690000FFD7000175C200021DA60003D7700001DAD100029FAF00148F9E0002AECF000162A90001E691000B2A430001A5210001AA2B0001A1FB000272B3000105710000FFA10004866A0000E650000351A10002567D0002EB850001CB2800011F07000898E50007FB5D0001D4E50001C40E0000B5B7000209B1000329470008483400016A3C000171DC000420FC000528ED0001FF53000152E90004E68D00018CB70001AF2D00040A33000327FF0007DD0500022B85000144150002363800025B540004356B0000B9CB00030B24000231F600015E42000602DE00039E9100025EC70001EAC500022AAD000081710001903F0007C48F0000C265000195E100016492000531BB0001242600016902000187480002C83E00010ABB0001DA53000150D3000121AF0007A5AF000677D800016D3B000747890006F81100027A2500018A4B000916EE000728750000E59C000611EF000340A5000143AA00041E53000548870002293900013F500001B24F0001B9610001200D00080BAA0002367F0001068800019C990001901B00019A780000D36700033DC300018C07000157F80002509F0009625D000166AB0001549300074B6E0003927800024271000199B60001971C000216190001834C0003538A000200AA00076F260000A0000002F97900028389000E6F370003E52C000341AE0000A6D60003014C000220FA000159E9000316B8000214AF000140AD0011A1040000B2900000AB9B000320A90001AE53000267F500096C5D0007CA100001F41F0005483100012F53000364450001CC650001D2E90000DE87000135AD00014BE2000269EF0001176F0006B8E40009DB9100057BED0002293F00010540001033EA000221FB0001BA3900014B64000298260002AACF0001095600020F4600031819000776840000E8AD000859BE000276F9000127710003B29900029F560011835B0001C5580001F5660000B01D0001892D000169350002033F00089887000509550001561D000102050002235700043F3E0001E741000205E900011B6D00039055000444320002A61300052043000740E6000167820001FD100000E48D000220B000011CF70001141B000102F100020531000132920003608D0001976B0000ACB600017DBE0001FAB5000245420003EA85000136AE0005199D0000F162000244E800017D0000008FF500016D27000175310004F0690005425B0001D3080001F4C80007197A00041BFD0002F789000339CD000148AE0001795D00030A9F0002349D000527E10001BE4A000270E70001E8C600026C53000345B5000156AC0012D2420000800000041DBC00012A3B000492E5000152E100016A8E000397A000033D160002591E0002E01B0001974E00149E3600026E8200010124000152E40001D97C0000E13B0001752B000188040006EB5400025F8A00033AB30001A5DD000162B6000349520002E146000336E800011F3700013A6D0009D57F00011B160001E4570001E4EE00012D7B00018CEC0001BCF3000276930000F451000513760000EF3F0001298400017E9000031FEA0005C728000246FC00014CE7000104FD000141690001671700027D4B0002D1FF00022F1100033A7000017CA50001658E0001262100082344000217CE0001328F0007287D000247E70002B95F000366930013EC730000EA9400015DC100019DD7000170AB0002C4B10002654F000881FD0000C07500029F28000103AB0000F9FD0000C005000101A20006D7700001ADDE00038B0D000171F9000103DB00015475000123320000A0C3000414290001059400018D8F00020354000170A30007EF8B0001EF330000AFD100022A8500035D8300041BCC0001412D00024AF600017EED000444E7000224270004F36D000508E00000D38F00011FD00001A534000773990003EC610001012C00031B1C0001A86C00017E740001201F00012E81000220CB00060C93000110770000F98500026DB600010BC10004E0300001F86D000469810001A5DC0004986800010FF10000DE270000E2B00000BC9500015EAC000123A6000131990003BF5300012A8400043E0A000177C50001C6D6000C26B90006F1E7000277F100010676000B378100017E9B0001B34600020BAB0005979500022773000BB87D000203C200022748000127660013AF1100047504000350D500010BCB0001178B00017F0D000189AC0000B0980001EA5B00016BBF00012F8B0005F95E001200CC0000D96C0001EB530000B4E6000459EF000533E10001FAFD0000FFD00001CD690000BAFD0001E7010002847F00009E810003BE69000590290002128A000138370001D33A000C03C3000753110001C3DB0007677800060E4F000120EA00045F840002FEEB000170290001494B0000DC7D0002EA86000188C60001514B00147C7D000681610001719A00069DC300032B81000495740004A29700013B69000101DA000402BE000565680002ACD90001ACFD00079D7C00018A660000C007000A0BF700011CE200017E470000AFF00002A4F800025AFB00011BEB00011ADE00019E5600023C79000241A10002ED670001DD6D0001DB94000661A800059F410013C6FA0001109B0001C4E70000D3AE000DFFDA0002EE06000308C7000122390004952B0000AD480001A2CF0001618B000127240002E6CC00033AC50000E1A90003DA37000145D80001EC5300047F930000E2B10000CEEB0007C67400010E56000219CF000180660007B3650001F54E00026EC80001BDCC0000A0120001DE970002BAB90000AEC40001642500032CC700066FD3000194B00001CBEB00022B4B0001723700014579000135AF000133B8000A10860002C5290000D931000451E20002BE050004DDAE0002660700020C9D0002D9F800016A950004B8430001516700011AD50000DF7F00010F9300014C9C0013251F00068FC8000C176E00020269000B2B060000B7D90002ADE1000209A7000125E500016F00000CED1000035F190001A4840001C9B3000289B10002D9CF00026DA20000EBC8000196220001CA770002F8FD0003626B0006694E0002770500011ED7000191A10002BBAD0000E0A3000113830002C5F1000868FB0006218D000EC9450000D9F90003E50D0006000F0001F2DD000267DB00008FEB0000E2C2000147600000B0F700010CC20001FB4300051CB50003E78300019DA10001870A000246CE00019C530008DB6000012100000177D10001CD6C0001B2170000F553000EFBCF0000FC2E000604ED000101B7000158850005422C0008649F0001371B0001B50400019A9A0001064A000181F800023A9000019D250003FBAB0001100D0008DB7800019395000339BD000116EA0005575900012B310004055B00021BFB0004500100013CCD000109D00000C943000108F50000E6BF00033A320002B6190001CC770000CBA000011C8E000581AF00032B170001185B00012A2D00011EAE000206E90002909700014D6E0000D76A0000EC040000EE970002028F0002DA270013EB9B00010C390007FE15000172A100055C1D0001228B000137770002982A0001307B000199030001A37D0000DE6300035F9700029D4D0003192D000568DD0013C0530002AA8C0003FE710000FD0C000138940003A4D1000381E50002150D000100870000C160000390540001199B0001EE5B0000FED50000FC670000DC7900019DEC0000D97300014CF00001BADF0002A4EB000557EB000481D50000CAB60001A0BA0001582F0004666900033589000230BB000283F5000263440001E43A0001C5CA0002593D0000D2850002145B00010029000698CA0002A02D0001DF4E0001A4200003A27700015C7E00024C54000A402300014EC500023239000263B20000CE5D000137930004234C0001EE0500014C1C000101150003000B0000ADD9000CCCF10000C0120000BE700003C821001449F5000775140002FF660002F54100036D0C0001A20600069BD30004ABD9000121D500021A49000ABBEF000121120001E60A000128710001D7E50007DA1E00031F0B0000D77D000365990001D44C000168BB000108D80008A0EF0003615500031C370000EAD600043B17000269E70000F0C4000169A20001AD0C0000F1760003A632000116B00007079500074C750001E3800000C241000171EE0001BC690003485100016B61000578D5000184F60008DB39000111F40001C679000090050001B4EC0001F2F80001CA8D00020306000187E30000F30600017BBC00018FF50005FE0F00072B8C00015A6D000178FF001420F700017C8400014C3D000181330002E0F100015E6F0007798D00064B4D0000C75E00026B4A000321210000FFBB0014639C0002A2CD0002F4750002B0DC000098210004007400041E3F00022F170001B969000239A6000531FC00010D83000266490002365D000130D20000E3CA00019B2D0005567F000280FB0001306D000B34B40004902E0001F2D10000F2BF000225E300010EEE000631D50003D5B10000EB7A000292230000C0170001F63B00076F130003F99F0004BF260001070200024C930000F2F30001321F0000DFA30000F2F8000167750001760B0001091A000145B3000475990003E78200015F3900012D0F000327A10002170A0000CFFF00017E5E000232230002300500011BC100024FC500016785000137680001440A000152D500018C60000A703B00026005000E96E70002B382000155E50001D9BB0005135B0000FD0700009FFB0001080000051DE70001D9F5000AEC5100011620000598A10005198A00024A82000157830002A12100019C9100033BD6000183B900008FEE00073A8200013E9F0001EFF3000100DD000313900001637C00019F780010B8080003064E000193CD000446380001172D00027DDD00012B9B0006E0800002744900019B9E00013F160001709F00026D8C0003450800086F3B0001E5930002942A0001BB1C0000FDC40003C6AB00038F090001414C0000FA83000292CF0001309300028ED30004D2B10003415F000AF4AF0000FA840002574D0001C72400029598000109910001587D000305C40001121F00016D250000D97200017FE6001434810000F1090000EC9D0001088D00036F6900017A23000187B70001525E0013FD9100016E600001F20100085D270004F7430004D0EC0002A207000299BA0001BAC9000120810004674B0000DFE90001FCD10001BF1D0008466F0000DAA7000110240000D2E40000EC7B000107CF0002FF190001702A0006F8790002F1630000EDF30000F2B00001C8A4000172F10002D04E0001AD7A000347A3000140E000020492000713C200008F04000103140001DEA900045D88000792660000CD42001190A20000DFE400056A1A0001E4690014A52200022002000329AD0002EFA300010D24000214D5000499360001A6EC000C20B900010FBE00012CF70004A0C5000102C40000D8210003B2D50001F7F000015735000172CD0001A02800022AB80000DE1B00017D3C00039821000152F200142A9C00028DAA0001BC4C00016EC8000336D9000583A5000444C500017D3700019D9F0004E1B2000203950005DC5D000F1C280000DC8100058E8500069F570001E21E0003C30B0001AB410000F1C20001C1670005F49A0001A103000106BB0001DFA40001743F000208060000DF9B0001B9A900010D3C00033E790001004A0001C3C30001DFCA0000A12500017593000211DE0006FDB70003ACDD0000EE1C00032E0200019FEF00024AA700015E8D0001CAD4000374E60001838B000233550002CA9B00022670000140D00000FC140001DD150002262D0005FC580000D055000533F30001B1250002C5A50001FFDE00012B7F0000F61E0003DACD0001238C0003E3BF00011BEC0000C6E900018DE80001D6620004499A0003C09500013A5200010373000295870000E84D0002AB8E00019D9300011CDA000131AA0005191500115EF000020E5F000100DC0001028B00141B97000196DD000D4A2500023BD90001DF7B0001988300039A40000121760013FAEF000106840002CBC60000978F00138DB80000B99F0001F99700011A3600034F410000D135000441830000D8270004CB750000D3DD00020A3A00021C990003A4C4000166F20002A9E70001904B00010C0B0001EC4A0002251F000403390000AE370001182F0002F2370000AFFD0010090E00027BD90001CADF0007EE5E0006A51B0000FB73000607A20003CF8A00044FF3000477420013DEBB0001280A0001EC360000EDF10009859E000117BE0000BACF0002B6A80002CDD70000FFB700015DA50000D4490001C6540005A54000017738000192A8000472B5000176DE0003C9EC0001BC490002283B0002FE0D0004F12E000167FC000142E900029E070001D18B00043ED900010F0C0000E53B00020E19000178E00002777A0001231C0013E7E00000B002000137380001A58D0002200B000489CF000392D10008E66E0003D86800014CEE00034C45000225DB00019DC8000141550001EBE30000DC530002F587000230E90003716F000121290013BA380007FC7300011A750004F60A00014DFE000280CC00017E330001F79900024F4B000177160000C0050001279900013ED20000D14B00034BB40002CD4B00012F190001410F0007C791000756CA000100310000D9480006FB4F0003E9A50000E7670002C8E10003254A00065A4000019A4900012AF700029DD1000185560007CB6F00019D3F000192370000D256001407940000F5CF000335BD00019261000302970000FB210002CFE7000190A80002E0AD00012731000113C50000D02F000109C900015CC400028E5500018E720000D2F70002DA5A0000F2A10002A1C00001896D0002C41D00036C0D0000EC8D0001B70F00062F2C000169C80002E4C1000993C20000AF800001914A00065C1000027D770000B0FA000216770000C02E0001035D00011ABD0008AFAD00038828000169A00007631100048A080001F718000151B10005CB0500011A0B000202250004ED38000251A800011E8700010D8D00092EDD00042FE10002770200063B010013F19C000174E6000196560000BE21000160E90001D3360000CA66,5120
4,0020001000,5,000348850001AD7E0000EF41000291A40004DC520000EB660001D7FE0001F3E90005469A0001723D0009C605000336A600013CBD0001EB670000FC270002ACAF0001ABCB0000B8250001350A000458DD0006DF99000A99760001E13E00013D270001278B00025D3500022CE50001465D0001425C000544D300031ADD000A756200014AE10002DC9E000170690005A60900037DA30004B9EF00011C830002FE5300036588000308260002C4220004BC3300030CC60009720C000299380001046D000183A800084F3F0002487C0001A9A7000110AE0002F20900054F720003B2FD00043DBC000122F00001278A0003204900029635000C64B70005B6BC000204210001259200013EB700063630000F7CD50002147F00012DFA0002AEF2000310EF00018588000208180002E0E10001D1E10001EDFC0001F1E900028726000C2F0400062727000194F60000D099000344CF00023D460001A62400034AF500037BCD00018F4E00067A61000080000002D4FE0001FDCB0005104700025AED000C7FB90002B16E0004578500014907000A4CB5000183BF0000BFFF00017FCB000470220001D07300030FA9000118E10002BE4400117FBD0000F9DD00017F02000576460003554C0011C60500043CB50001C2CB0000FC8A0001100C00022C06000219950002B4580000E6B60002A939000250C300012635000159BF000425E30000D60900018EB50005014000058C620002804F000111AB00037712000246610002CA1200032069000E5ED100011F4B0005989C0000DC6F0012050C000191B500016257000AFB570001C013000131E60007712D00021E3A000457A9000194800001A4790001769900082A6E000191890000E3C60000DCD8000174C000017964000267560001657F0000E3C3000107D1000397EB0000E96B0002F9860001E9910005D72D0003691800035C31000280F10001A0710001B996000132420002F990000232C1000315B20011474F00022A0D0007CB3A0002A1600001238F00077E6700042AF00001A318000D16B5000169500001338A000129AE000205C50001B08300073D450000E5B700026E8D0002D8BE0002A669000604F0000793090001131F00020A7E000787E00001B68E00030482000264CC000193D60002B3150001DBEC00015C3E000131B40001BB5600019D4A0001A7BC0001B9100001412C00047A6400034F4C00025E1600013F1E00016F350001A2F2000218DD000280E10001CC700001164D000295C8000370020005148D00035C85000133B50001A7CA000495D30002830F000312BD0011922600026C0A000422FE0004523D001136570001429F0002B1B8000433110002C14B0001042D0003D53E0002A3C400041F48000306C8000689FA0001D5E100014EA90002CEBE0001DD6A00039E0B0001A14100010877000FFA2000019D110011A2CB0000CFB300027D2900030F920001A3D000024C9200128972000175F9000179400001AD640001FFF800044FAA000702880002901800020F61000125CE000AF5EE000144A0000101F9000195CB0001FEFC00019F1000030A010002ACFB0003CB1400019B2D000208B10004C6DA000187980001C70C0002188400018A9A0001142F00067A170003EA740000D02E0001E4CA0004DEA100015ABB0000C055000200930009885B0001D4E000010184000A6A0F0001DB3B00018DC90002A1650002BBD5000365F100027B0A00020A4E00053FEE0000EBC100020F63000151E0000136000007F64000062630000170A700026439001219DD0003ADB6000232690005675200010A270001C31300036C310001762200015B270002E699000375D200052BCB0004097C00012B18000254FA0002760B0001210E0000E85C0000FD5800070CEA00028B430003001A0002299400028B0100061B26000950700007FB25000279F20001433700027CD5000170BB000744E4000139960004F3A400014EDC0008D07600024E650001801D00118156000EF6E90000F1C6000645CC00023977000C417300031B5400016BB60000AF7A0001C2830001650D000A90F50001A168000FF05700039FF100038101000129A000021BD600014DA9000B5796000133D200020718000283ED0003D75C0001713D000468060000DD85000225F90000D1270008100500044EA000016EB50000F0E0000201710001888900126FA90006AAD70001C4E20002330B000289FE00013D3700015F930007CB8100015FCD0005C18A00017CD600011DA600046A8F0004F14C000438A200020537000349390009A24500066C49000200B30001ACEF0002B71C0011739000018C8C0000E42C0002FC3D000303B70008D6120001D60600011B7D0002AE130000EFB400015CB9000193250001CB470001689E0001EDA5000295780002ABD9000148DD0001FA0B000441FD0005DB5D000209770003004A00023BF5000159F40001A6D70001647F00079573000701680002359C00014FBF0001F9AD000213770001B6050001062500015A550001600500023DE50001203700035A910003038900017B49000325AE0002046F001197AA0001ED590005CB28000124120002EDA80000DDBC0005B08D0000EA2E00012C480001CE79000098DF0000F241000C3065000141D20002180700020C0E0004B26A0000F17600016BA00000F3AF0001DFB40001423C00095370000210CD00020B2C000236EB0002DBF20007054800018F720001A9370012355100014B44000187D70001A076000185A3000311E90001FAE70000D3DB0000D0C50001FDD50001598500011F5E0001BDF30001AF3E000249360000F16F0004D90300020C470002931F00021FC4000174A10001542D00014B3300020ABC0001924000039F860002170200014587000170390000EF9C0011A1880003B79E00017985000115D6000186E500039BAD00016498000207D4000326D000018422000836920002539B000149C50001895C000332AC0001E0F80002CADC000186160009790F0002CC400001A7BD00014B0A00027A630001BFE90002A499000143B50003AE2900103D38001175D00001F6C7000197880003BE6B0001D12A00018A3C0001A922000489680001ABDD00017D350003F553000925DE0002DFF90008F89B0004723B00026888000347180004141B00012C01000121120011BDE20001E6DF00029EFB0000A003000274A70002347A000175530008A73B0001103900023BC6000131AE00058F400011B5120001D4730001D69500027B9C000AC0D10001FF1A000E688800013CE4001180940001250C0001A99000016B15000346AD00014B7E00091F750002923D0002783B000160AC0011DD3B00015006000126470001AD7700025E510001B16700036E450002EEE10001B6A10001AFA30003BAC5000128350001733E0003AF4B0002491F0002B8CE00016CFA0006807B0002CCFF00028D29000278FC000283400001F7D90002D2DB0001E75E00014BE50011D0DA00016BCA0000FDC300015AAF0003423F0000B5F200015128000118DC0010A9620001460D0006B72F00029F250002D4DB00014DC10001023300014FA20003460900033AA10001A3FF00034BBA0003BECC0000D9DF000444D70002B074000447160004933E00038DB200016A6C000D7C3900023B71000425020003C51100013AB10001161F0001D5B800029FD300017AB700012B2500025BE7000110AF0004722000018FC80002462E0001B16600026F300001655600021AA300019E880000A0070001FA740002FCE7000130F70001ABA1000212AE0000D2B400017162000330F1000270B70001365B0004DBB30001B8510000FC72000138F900019DCB0002273C0002251900122272000276DE0003A2E10000EDA50003A621000216F60004A9550001C18E00049DC40003A77E000164890000C10C0000D00000038EB1000111E40001B7DF0001EC1D0002108B0010EAF30000A08900021B72000182430003103B0000AF66000189D900019AEC0002C751000448BD00040B7C00022C62000328BE0001ACB80001C3DC000129C00001AB2F00020FE300024D330002DD5600086B9B0001FE850001D8C600044B5B00031C750000CC8600102B890001C4DC0003AA6D0001468800026C8D00095EE50001E293000146EE0001837F000208B400040DA80000EBBD0008024C0001ADB30007123A0001AB1C0001184300049E1E0003DF400002D68400010D2500035CC600056D110002224C00021B5C00012FCE0001F761000340180004A5540002A51F000138D4000101C400030DD6000112BE0001F2DD000269B60000ED7400016A8800017DFB000186190002E9C50004202F00031B690005E565000108090000F0460000BAA300020E000009B3C00004C30400026BED000144430001619D0000FD2B00015BCF00012E1E000A3BDB0001B6B800036D890003682300045B960001076B0004AD51000AC98000018C1900067C4A000C2F3900027F080001F00C0000DAEF00036BB30006E3E1000565B70008F6BC0002B9F100038840000120D90004E0350003D64B000150970002D48D0005D33B00021B7E00013BF6000226320000B2A5000FAB1300012DCD0001E10200019B2D0005A6D000012F0D0003A534000137FD00019AFD000549A4000133530001238A000E1A5700013A41000188DA000555250002C35D0001EA5900060D57000192EB000216440003DE34000328800001A8EF0009926B00036E61000294170007FF050012202000034AE8000432FF000111FA0001274000016A9600026D0E00038C5300054411000167EA0001972F0003000A000DD7140004F04300015A1E0000CED60001B7ED00016A0B0000EBFB00018DA10000EFFB0003129F00027E870000FFB000019DF40001900B00017299000948E1000342460001F62200052F75000216C000068BC60002B5D800075B370000AF06000ED8730001A8A70000E5A90008C05C0001489900021ED60001D8510000FBF1000113F600051E30000145970001BF4E000199DA0003981C00041E9E00015FDE0010D51B00024BCF0001AAEB00087460000436E2000263E00004F4ED0000DFB10001576B0001BE6C00073EC300014E5A00019A9B00018F42000D0E940006B22F0002256D0003C2BF0002BD8500011A0A00023141000120B3000168350002F91D00023FED0004530F000253E40001CE390002A02F00010BA0000170B800025DBB0001C32B0001020E0001A1620007F61C0011052B00010E9F000472A9000164C10011A5D200017D2A000686DB00021A7C0001BCA90001C6F6000255A10004A132000131200002E87D0003D172000470B00003086F0001CDF800055DDF000256EA00021F150000E0B80001C9DB00018A3A00014A13000222C400056EE40001CEA0000437D9000221600003ACED0001D9C400115A3F00016A7E00025C4D000214FD00016F0E000124FF0001BFBD0001226900019E8E0002035C001194C000012F370001FDA600017DFB0000B0D900015A02000130C1000189530001ED87000116400011A12C00030AAF000694AF000437B30001DF1E00048C27000118950002CCF5000159BB0005C7D300014C7A0003189C0003B5A80000F2F800020F8B00013CFB000317F700040EFE00011B610003DD390001C2B00001E5050001F97F000150400004FF7B00029CFD000257FA00016F5D0001AEA80004F2CE0001664200061A0400020AA70000C67100069E2A00022110000175F4000236050005321B0006511F00030D5A00019CFF0002D3A70001E8F500071977000140D7000115D700019A520011B9F40000CE110001767F00010CFA00023D42000371750000F0190004F8DD0001C21A0002EFFB00011E56000277D00002DFAE00017E9A0001E6150002720300035DB00001B13D0000F7E100021D240003091300034FE400026719000101D00011C5C30001783E0004C9950007A64B000156A500015D440001802600038B9A0002B10400017BB500011B210000CFC90003391F0001723F0001D56B0002B78E0002826F0001DE3F0008179C00016A870002B7BD0002B95F00017EC60002E2410011A32E0008B56200017D210001E2F8000379860000E69F00011BE5000719F10001DA2D0003098D0011A5D200017DAF00017E6400017F1C000405C10004D040000139D20003C7CC000508300000D00D000100D60001A9130001922A0003728A0000FC2F00039A870002F6D000014DAF0001C2510002E5F70005E06B0001BD06000230C200012BBF000217250001A79C000613FF00017A1B000138E00001E5C3001166E40003B0330001EC39000317600002449900012E300001E0650000C58F0011C4730001CE640001308900024BA90001EA8400038D910000E829000277890002250F000252D30001FEFE00022F800001E3CC0002AA7F00019EF100045D71000EE8A3000102510002A3BD00020BFA0002FEB700010ABF0006F315000114E50001DAF8000313250002AA390001E8C10001319F000345A30002ABDB0002E8C4000229E300012AE9000463060003635C0003A8CF00012B9A000207090002FE820003CD550003AE7F0000E9030000E73300012C9B00061BE30001E7C100028647001116D30001159900013BD2000199FF0001397300013CD10002627C0001C77B000238360002C7490007DB9800023A8B0000E50F000198010004A0FC00094D3E0000EF4400015E0D0002C45800045C9F000176DF0001C0AF0002BBD20005A0FA00010F70000595630003C2560001571D0003A9D500058E8500038C1700064F7500019651000155A1000628F40004FDD70002FAD600039CEA00011BC30000D1220001723900013BEE000170C30003E08F000201700001493F00014BF600017C310004C0BA000827AC0004BF47000AAA010001BBF60000FEE300014ABC0004B3440002C5B40001A6A20005079B000A5C9C000123D600095AB70002E09B00024A8B0011C7DC0000C75800024E4E00025F640000D86B000140430001CA260001DC28000140EF0004BC0100028A610002312000082F5D0002022A0004B96200011291000164030001B15B0001AC25000586D00002052A000238B40000DCB100017B3900062537000590610001749C000155D40002A2E9000137C800017FBA0002F2E200061B02000AEEDF0000EC2A00014E720004C3F2000236FE0001CE8F,5120
5,0020001000,5,0000ECF40000E2420003049200042F510005DFBB0000FC8700018779000128050001A7C50000FF240002FE8F0002C9C4000234A60001BD4C000201B2000101DF000505040003A821000103370000B2900001E68C0001C3520003C1A300036DC40003CAEF00048A9100009F0F0004732000023F47000107300003C24B000851C00003B8E60003470C0003F0C10000DF4A0000FFCF0002B2130007A8B1000184310001205B0003441D0001306E000550760001CC2300026BCE00038DD7000122DF0001A5F40000EE1F0001CB6D000112DB00012C780004011B0000F17F0003085400023E230005D91E0001C7A10001750B0004299C00020B6B0001D26400015261000252950001007C000244870003E47A0004165A0000E446000265500006F4A900022A0200017EF200015CE50001CAD70001BF7C000512F200077E550001CB52000176AB000BE35D0002144B000455B1000686D00002004B00017856000666D500011B230001AA9B0001A11B0001D9DB0001C35A00033B6D0001A87300015E8500035C630003BD2D0001D0180000F6620000DD4B00027B3C00022F9D0001C2420001A3250001DAC00009D07B00057CF80001AC380001801A0006C5BF00016E11000433F40001E9670001C014000492980000E4B1000177940004FC8F00012F1100010B410003663E00028BE30002B90200015BD4000447DC0001C4A800028E4500035F3B00013DDC0000E5100001ABB40009C5BA00023E810000E02700013F8F00010DD20001171100036EA50005B71300012B9E000C7BBA00011B1E000275C800036F340000EF950001C00B00010C71000220D0000472ED000140F90003433600031970000168990002A1F9000219510007F44C000211BB000A9F280001DF240000CAD7000E730A0002B5F4000249C40001BC070011E9CE0001C98400015471000372EF000122E6000167EF0000FD8700016BFE000202E20000EE14000BF15B000234B8000356270002A4B0000961CF00015473000A21640000A1EB00014F89000445F4000225CD00009CB200012CE4000139D9000435570001D60E00070A9C0003B5680001B1A9000175350009DAB000041FFE00030B9A0001BB2800020B5500025FED000262950000F398000295BA00029A830001A77C000254440001B48100014AEF000614380002249800020EF200010A02000205CC0001AFA00003175B00031FDD00019F280000E5A30001132C0005106F0001CE2C0000DCFB00023DB9000114540004A39D00034FBF00080330000105BF00028C8E0002789000022EBF000166260002F7010001F9140002F54D000367EE0003C53E0001DA11000563020005727200024E530000BFB00005256B000268F600035621000272B4000BA2C2000174820002DBF000032ED400028CA400012886000B7018000144A900024538000146FC000152150000D8100009C86F0002F089000167DC0008E9760001766A000109F90000903F00015A8D0000E6F00001C981000C685F0000CFC4000130B00004D209000E601C000101750002C5F400024E7700020E91000287220000E2C2000286D50001B7FE000109EF0002176B000443C20004B92000010DB40001C28F000137680001C4F5000319800001A251000172F10004DE30000814F20003416E0001434B000180F70002A17F000857E10006A66D00027C06000124A500087C7A00024BBD00028F0900010BBD00015CC600016ED10002035D00012CC7000276E60000B09A0002A00F00033D7300059EB20003E1E5000245B50000D3CB00011CB000013003001166C90007CC0100041DE70001A69400031FB6000305930001E7DC00024BFA0001F35E00010495000365180004C9020002FBC00005D4290001426600010AFC0004B7B00001BA5500022A880000F61A000127A000020F17000AB6B00001BFED000157080002030B00025CCA0005EEEF00013BE10001BF2E00013DD50006480F0001C91A00011C4F000272AA000103320010A74200013C7A0000E0AB000126D100057B180006A9F100010466000441F40002044A000188550002143A00025D300002625B000136140001EB770001C1300001778B00022F880001249B00018CE6000DDF1800077A3B00013DAE0001940E0007F68D0000FCBF0004928B0007541700023B580002A996000191E30000E7FC0002324F0002C9A30004DABE000209CA0010B15300020D77000218320001927F00014638000119CD0001AA7A0006A2150003394F0001B6880003CE71000648D10001FDC10004B60F00020FC300098C2600117F740003061C000232160002206B000131660000BF2F00031C7B0003C660000265840001158700022BC100037ED700036A9B0002FFE800013CB1000917CA0003C063000131BB0001B75B0000FF8D0002A18C000212490002A0D50004745700017B680002936D0004633E000154100006EF990002CF470002F9D10001712F00010315000102620002C61B00022D140001BD5F0007CE8500013EA100029DC800116A1C00029D140002707200023D840011709500023C4C000323BC0002907000011F7B00026C52000414690001360E0002E960000112E700013C91000150E00002404800046EF500014ABE0001F2EC0001A889000264ED0000BDBA0008CE4A0004D5FA0001CD5B00021C050000FF62000203200002B5A50000EEEF0002A34F0001C77B0006E93A00012E0D000484C80011C48B0001CE480011692A0001647F00017227000131E500045CF70001C98B0003B8E500016145000A4E1100019F22000181980001290100028E5800013798000CF4D2000185B90000FEF50001E59D0000D02E0001533F000231B80001A2510002ED3D000113830002E3340006E7F00001097D0001E7F50002B0B0000102A60000EFBA0005C42F00010964000137A10003BA8100022AC0000146980003CDF70002B5BA00014D0500012F880000F74E0001DA6000029EC6000BF4CB0001C55D00028E99000148FF000284C9000118EE000250CC0004804E0005A3D500023D7B0004D078000275E700028EF90001943800117FF20002B4720005BA36000189770001F5C00001748D0001D3580001203F0001F3730000EFB20000CF630000F771000171F40001A58D0003DFDE00014DA10002580000025DF60003DF7C000557720001581C0001E790000269D4000183390001661C00013B570003530000015B2D0004CC58000167E5000137FB00027230000101A6000174BB00019BD2000233550000BF4E00026DF9000DCBE6000571A100010F550007B31100016ED10002284100037423000114740001A7E70007B2AB00022A580003FC2B000172750001662C0011800C0004B5050002B73400042E3500022D520001F7C70001FE3F000662520002EB1900044EC500034BE4000727F0000168710002ABA900011CF10000F04C0001B11A00014963000433070003342B00016C3B000265D20001EE210002B565000220C0000297EF00017E5400042A040001E95F00010FCD000222FC0000D01300018FA300014018000A6F7B000A9FA800113AA3000431E70001D1310001961D0001253000022B82000A0E30000125DD0011DBD00000B9520001A26F00077C400001F97F00014785000230CA000174820002517C0008839000014C5B0001A20400013A53000371B4000C694E000287DD0001637F0001E54D0003369F0001CF240002174F0001D0290000DE610000DF42000AF25B0010681A00017BC600014EA20003C1E4000200B900072B280002A263000235670003518A00016284000227430005BA6F00018167000132B50001903F0002A4A0000538420001DE7D000132EA0002A34700014D0600022209000171F60002F8BB0001B9CA0001E81C0002FD8700025492000229850003DBB60001791A0011C467000124AA0001155300019D6600009FEE001126D60001444400071AED0003878F0001A9F600014667000495FA000101F800013F63000174BF00073181000332740008ACFA0005B0B50005511900019D800001721400038216000104160002786500012EBD0005680E0001E772000D28690000B879000172EC00040D640001C263000306F000020DD7000263940001CC8400011191000E6191000183BA0000DAB8000126D0000A67EC0002C99C00015BAA0000EBD8000205A30000DF2B00039B6B0002B40700016D0B00036071000DB69A000129A60001957B000469EB0011DFD80000C2A900030EB9000791A80002E0BC0001254B0009D64B00022FD50002D6C10003085000017DB10001738B00013DEB00021C88000482A70001005400015D0E0000E3A5000416130001D944000364F7000116F90000AFD70002D93C0000F8970001A1F7000111A9000993AA00028AEE0000D75C0000CFB80001227900026A4F000195570004DA080002448C0001C1B000019C4B00022F8A000322A5000AE5040005012400039CDC00010F230002E1F60003915D0003C0300001EC600001E25A00024954000178200001650E0003929800020ED800011415000A6E790000EEB500016BC1000BDF2700016347000248FA000126720003C2F2000259C80003050D0000F0CE0002074B0002B2F6000A6BB40001129E00021C3A0006DB1A000107280001AF130001734A000182290001715C000134890003619400030ACB0001823C00024C900004AC1200038A2B0000F1270003B917000183DA0005D3DD001183E60000E9D40003F0A90003D22B000115B40001A3A30001768700014AF50001E72500051B1F0004AE4300042CAF000B5D610001DCB9000165A700012C53000132C90006C6620002808E00054DC20002BFB00002F2670002442D000159C000028E330003C5660001A65A000167A60001B7CF00018B5D000265EC00012789000A40CC0001D85300033B370002820D0001ABC40000FCFB00020EA800079E27000E33A30000C4450001C7230006B6620001A24B00014D1800029C25000225950003A1D00000F61B0002AE0900009CBF000EC7C7000114CB000492E80003FD14001043570001842500022D9A00012FE20002E9AD00018786000108A900011F8F000237280001A6000002F8410002AE8000012F74000104250001530E0002A063000163D10000DA3F0001F41300017DEA0001808100026C200001AEA60000DAEC0002E94B00010C910000BF02000145B10003610A000140B9000160CC0001F83000017954000267290003A99900017A450001530A00010FE8000121A0000A9F580003336E0001775A0000F5C200016FAA0010C7FE00024DFA0000A00700058C850001AD690001BDBE000325950004843C00016BC80003B64A000280B30003238D000245570000FF3F000132BC0002C7950001B78200025B7C0005BD300001001500019527000236DE0001A81C0006966D0000EFA80000A15C0000CD580003E4D2000296BC00018E330001C70D0003133B000141CB0001C82A00014BF9000486410011842200021203000D42310001FC8E00025BB10001AA070009227300018A6200060A9B0004D76D0004CE230005CDFB0004706900015E0C000104C300066C4F00036E5D0001671C0000B3CF00022E900004763D000783A9000418EF0002AB6A0001AAE700014DE600022109000BB4B9000179EA0003B65D000359180002182D0000F0AC00012BF20002A12B0001B1BA0004EBC90000C48500011FD10000D2360007BEBB0001380F0002D6400001E9B00000E97400028AF7000740F70005BD5D000160720002B2DF0002D7A90005C9C40001DCA30003570D00035981000090000005E6600000D3DD0007C0CA00017CA6000217FA0008FE250002680D00032BFB0001DD670001541B0001750C0002CBCA001199EB0003EC6F00043C640001177D00012DBD00082D4C00034B960002251800018716000421B800014C2E000208B60001D61700016A0B0002956700038B6500030C2D00012DD90001538F00012F6C0001A18B0003B53800024BC00000FFD40001D8790002155000012BF90000D7390001DD29000266BA000ECBF40008235B000248D700035A0C000188EB0001007400025D18000227E300017ABD000414D3000357FE00011B7E0001B6CB0002A68E0011B4520001D7F9000C96D70002295F000434850004A6D8000190800000FF50001189DD000194250001245500025962000518F000024983000201A90001C44B000318AD00051B3B0002C54B00015EDB0003A25F00015B4600020ED500046AC10005E0560002964F0000FF7E0002236F0001265A000337520001AF060001E7D90002F5AE000353E500035922001138C40000F08D0001CFA2000131FD0003287F0000E2040001882200013DFB00011A9A000409FE00017DBA0003A2660002562B0003BCFF000797810001CBD500024E13000217530001DE780001C1A50007A8DB00039DE3001191FB000164AA000123610001E7D50001F08600082B900001E5030006020D0001F573000242A700038B780002087300015B940000EE8900014A9000016917000212E10000C9180002287E00091ED1000140750001262D0000F1E60003AC1800014992000433030000D7110001DF450004F3240002AA1A0001F536000159C6000273E3000244EF0001189E00015F570000EAD200018AA10000C08B000267AD000792FF0000DF5E00025C09000395F10003AD070002119500012A5C00022C3600011E200001DC810001779C000A6D430002B1ED000224220001A86C0001D1F50001F654000A6718000104D60002E7BA00017C1E00071C980004C68C0000F0B40001298C0002D653000143DF0000EFB30000C29C0002FF940000EDE20005071F0001B94F000314CE0001373700047EC90002B8D6000647E500029BE6000144F3000166D700083E560004068F00036C460000FC0200033BDE0002913400019EF600015623000258560001126400021F2000033B6C00017B5D0008B5D0000129440007F0E50002E9FF0000C0610001C8330000FE1A000BE1870005B379000197F5000376C600015E640001B7140002B4850001BF030001D40F00025991000463EF000199840003B48700025C670001CB0A000925D700037CE80001C9B70001A5E00000BF09000107FB0003128D0003259E000182A40000FB08000448D5001041F00002815A0004180D00068CE10001E59F00018E9E00088AFA,5120
6,0020001000,5,0003F34B0011057F00010CBB0012439500029AE80000CE890001F50200063930000119FB000232FF000272FC00040F530003782D00019525000227750001640E00039B0000070C01000284940000D757000214E7000236980000DFE7000D5A1D000145130001D38000018793000128750001D7BF0000CEC00001AF17000EB655000F56B200118BDB000296CB00010FF80002F8640001A02D0000EB85000A4B170001D049000FAA1F000156220003326D00029DF10001C1630004FCE7000444CD00033F6400012F4000082F7E0000FEA500014F2D0001FD1100027A630002CFCF00014C340000ECEB0005AEE200017A0A0002047E000198ED0001D8980002A3C20000CFEF0004BE3B000299510003F085000B564D0002BAB90000DCBA0001995B0001BAF5000164550001916A0006662D0003EAC20001BEF20001469E0001F8DE0007023B0011870500021E260002EC3D0002DA010011DAD60001EAD30005398A0002B4010000F79D00015E4F0003FBA9000329A6000284A00002CA5B00044DA00003B94500039F9100017FC300039755000176B000010E4C000202B3000148370000ABEB0001BBC20002DB6600054BF00005173D0001E2DC00027623000296050000F82200118B900001742B000CA5D9000265480006919E0002A77800034B3800011C250000FA8100023DE00008306100017C200002B2010008B29F0002E4AA00039204000303C50000BD5F0002A92700024DE600010D7F000258EF0006C7C400013AD400018F8700037ADC0002D6AC00024829000CA0480003515900013AB60000C0D2000189AF0001CEB50001AEA40000917800014400000214D30001ACF10000FC0F00029BBF00034B290000964B00033527000DCB260001051000052B3A000212DA0002B13B00014E7D00033E02000274C10001408F00015D1E0001D4AD00031EEA0005F17F00011943000423C400025CA7000125EA00017EBF0002454F000395030001ED2B0000CA02000289BD0009C0B300014D3900055C8F0003D6170001702F0004208300020950000114CD00013CC5001008ED0001713600081E030002496300014F13000824490000E6A000013A280002A8470001515A000136BF00014F11000199F10000FE0C0002A60F0002B678000128A40001497A0001A13300027DAA00112E920000B2640001D155000148220001E226000179F70001DF520001B4EF001164F3000107FE000100EA0001C7F5000272B3000BC128000FD94700027B0D00017EE8000424F0000176BB000172A2000289480001344D0000FE79000143870001C31D000165970002617D000198400004C4BC0005314F0001A04F000245F400018DC90000D642000467450000E18C00030AB10001DAE00003365E00043319000151DE000106B90004A54F000227DC0001749900019551000CDFEA00021EA30002A9BB00024106000134D200027E28000FCBCA00018F6000024D3B000282A00003CD630002C555001087CC000138320001D5070001552800016ED700024D6E00012C170004314D0009179500032AB70001E35A0001D5490002AF360003F93D0001DEBF0002966F0000DF6B00010B8C0001BF50000224AE0003CE4F000119EC00028E3600016F6700020D5B0001CE3C0000E21A00086A50000108080001CEB6000131B800096E9C0000FE170002AFD200028C23000BFCD50004728D000298FB00030F19000658920003F1D3001084EB0003027F0007399800104A6A0000F1190001222D0001B018000187F800022B880003BF5C00023E2B000171C0000241C30001790F0008DFD3000586460001095B0004BC660001E7C0000316CF000154AE001170510000EE0F0001BC540006B7A40001C6AD0004045F0000ED530002CF4C000A00AF0002844000019F440002E76D000522600002C919000491370003B02E000092EA0001115900022B070009CAF00002806F0002959E000820660001B36100021F810001AE120000E54800025FB70001C26500028A6300014C1300013C2C0004A33B0004C0390001AD92001095BC000E59530002CC84000128540000C477000160830001F287000849920002283D0004B89100063E9D001089EC0001DD5600017C41000604AD000850050001A3C4000735480001F54200010F1F00082C4F000350C50002E47C00032517000686680002EE370002A5810001F739000506710011C2580001FB03000123FA000230EA0009343400070E2B0000F10C000126250002BDCB0001A0410000FC0C0000F65B00034622000207960001EE36000124F7000128E20008DABE0003D97C000113650002407B0001C73000070AFB000114DB000192AE0001CBF700016BB7000190120003912C0007500000029F00000104D1000249A8000231EB0001224B000183AF000267EE000242EE0006A5A500034218000121930001280E00027EFD00015C7F000146410001594A00016DCF0004458F0000CFE10001AEBE00014433000266F00001A1E90001E8D500039BC5000193F1000137160000F42A0003DA2D00042EE0000518A4000370C00001BBE10001500C0001406000029A480004D5C90003A9CE000218280000FFE600021E250002B22400115C4B00010CAE000146E300063CCB0001D5C000029A83000330560008D87C00032F29000258DB0001DC540001A05F00021BA80008E398000AAB3600029F21000556780001115800126304000137EC0006D2970003321700031C5D000142D00000BFC70000D27E0000DFEB00019B2E00011B03000156AF00036CC7000135090002647E00014F4A00074AFA00024B0B0009085B0000D7C3000210B300027F3C00116CA2000146420002737D00013714000614C70003EA8B0001A63D00019E2600115CD60000F87A000453520001D0800002828700015AFB0002FE8100017DF4000C5D6500010CD10005E8490003EA210004141E0004AB1D0001F3870000ED2F0000E0B50000D1890000D201000430150001CD4A00013B15000B25630001CFE30000F2D9000226E5000142270001942D000362F9000236BD000361D10000DC96000183080001239F00095E360002AFAD00016C810001453D000CEA640003A77A000B764E0001E1420000C444000152E90007E183000149C9000379260001C8270002A5EA000254260000DF7F000B10E100021B100002018B0001361300023EFC0000B8740001388400011C97000278100002487800097B820001B67E000323880000F96900022C070002973F00029C5300102B7600010513000235F60002728800017C23000995010002047700023498000256790001C8EC0002BC8900011580000181A300015CA50001A55B0002C7BE000F76EF0001EBA90002BF470000CE9C00114E4C00016C75000C0C6000013CB30002F0A400015F6100053D7B00013D01000118170001B2130001B52D000269B4000294BC0003852E000192E200011EF7000446780002575D0001AEC90008F0A20001C2C500010FF50000EFBE0001D31A0001BC5500013286000AEC090001A3D20002AFA2000596E500020F480001C59800032C1E00017AF0000237CB0002828B000171AB0001BD200001F3690001C3DB00022220000144E70001655300066FC8000113D6000267190001AD640002F8E40000FF6B000459AE0004155E00010119000268E20001B91E000361AB00083A330002721F0002C794000137D60002699A00017B8000022CBD000139D10001353D00112E500003A44D00026AC3000409AB00032EA700016E5F0001E3D10000DC78000B85AD0000F0920000E9A200054D89000BF0E400012460000298D700019D4500027F250001575B000226850001EB30000449A90001B18D0001C83400016CC5000173B2000145550002A51F00097D210005768B00038A1F000123C60002655E000233D70000DF360001DCE0000A41D5000CF6970000EC08000217AC00014E1D000314860000C709000371510000F12D0001363800029617000180AB0001C7110001EEBE00031253000125190000F11F00021DB70001FA360000F5730001707200011B2F0001C68400040105000372B9001117CC000392D700012ED00005B2CB000161D9000197E700027D3A0003FD5B0010BB08000248FD00039C6F0008B47600013D33000172100008D03D0001774300043A080002632B0001D32F00011B110001152800047B7800015F910001FF330000E2730009B6F70000B154000130E600116EFE00036BBA0001553E0005E9DF0000D01E0001929000020B71000A6A5E0000B0850000AF7D0000D0470001867D0004399B0003EABA000117770001682A0002C547000210A70002780A0001710100024270000200F6000850EB00018DD90011C1F900016CE00002970500016CC1000DD5420002DD570001B6410001EBBB0000D15300019A4700011C6B0001479C000336940000F9FA0006DBEB00019EFD0000D0BC000444BC000378F00001A5F70002298500025F2D00036D13000183380011AD6D0004AAED0004F472000646A200013BF10009CF8300010C7F0002E7190002F3F7000262070007EC3F0002043800014A8700011B61000189A60002F6FF00030F210003D5A20000E4BB0001762900026C3D0003096500039090000225B30000AF29000159FE0002A8700001958800022F5600023B83000295A000011FF7000362030002049A0006ED6D00014DD9000D35210005F61F00094351000448600001DEBC0002D0FF0002AC9C000202070001BE5B000495950004D31A00037D4A0000EC910001593C00039DB600016309000137640002F4CD0002598B0000DA7A001194ED00013670000B6C8F0001C5260001C60F0004246F0002912300017BBE0003867D0001296F000441510004C63B0003FC9E00023C360001201F00034E8B00015C0B00012345000A369A00024BA80000DCCF0002625B0001639D0000FEF30011A7A70000C0220002D3E9000AF2EF00014D0D0001157D0001C175000217F10011D63800031A830002F2A10001B3CD00012DFB00026DDB00018818000111A7000698800001789900037C8200021C610000BC820003F35E00026DC30001BDDF0001BB9C00047425000225420003935D0003450B00014D7C00045DFA0000EAEA0000CA540001A2350002FB6100012B2E0002A4F70000C2E800019C690001588000010D9900013EED000234370000E50F00033D890011A4C8000251FD0000FEFD00117DA20001F92F0010EC820001E19E0002CBF70000DB37000203F80000EA550001577A000111300000E6A00000FF050001ED480001BC7E000E9AD20002920200025DE70002FCE00000E007000254B30002042D0000CE360001280B000936B500116B7A0003863A0000C093000432D1000381B40001406400022E6F00014B1B0011771E000169420001327100019391000268260001D7C300033C0900012AB50011726E0001908D0002488F000145E50002E3E20001510800013FEF0000EFD00003B71F0001046C000267BE000A385700013C240002148B0001DB11000179ED0011652C0002B8F300019FBF0001614200010881000180B00009496C00018C7E0002119B000178C30001190A00022B1A00028A350003CA42000562B400021A4D0000F0EC000EEE710001ADEC00054C2400112AAD0002A659000271A2000301FF00016577000345510002272D0004D979000328E30004E1AE000142A000034C7A00022F8E00016CA10001AC2F0002F832000177460003C3CB0001AAD9000175CB0006278E00030022000124980001DEC300105CF700017BE300021BED0004C73B001047CF00023F00000267F20004CF9500014B4800040E880001176F0000B3E1000192EF00017C040004946D000590270002A4C0000864290003BBA60002301F00105CEE0001337D00021AA60000E80B000140A900016BC00009CE0A00028FD7000130CC0003F8960001AA8B000248120000DC330001B04A0001904B00019912001105290004C983000216E1000185470002009F0004AC4100056DFF00019E3B0000E0ED000503870002597D000225CE00014908000877470001231F0001DBBD00114C3600038AE00001B2B40002A5C900019A6500034B5E0001BBB70000EFCB000158C00000F7DA0002411B000139550002C56B00061C940001215A0001C8100003E9620001FC220002975700014F9900016D900003541D000568CD0002054200031B160001A41A00025B1F000128270002D57100019AE3000176860005A4FB0001A69F000118280007B0AA00044844000D797D0003E1BA000390410005152300061841000717690008078D0003FFF6000125F50001D66100029EB300024D2B000430D900013D5D000149760002C6B800015D9E000277A80001527E0000F8870001694500062A040006400F000184DF000111620001C1A20002A17600020A91000159B90002608500012C7400028D230003227F00016E540000BDD40002571300114E780001C9E10001DC1500011FA60005B61E0000D329000254C1000228A30011033400014C8200046A35000159BD000A47800003DFEF00018B280000E05C001164D6000142900000F9D7000598CA00028C950001624900045F700000B3BF001047D60002C80A00029A6D00015B250009ED03000138F6000373460001770D0002950300025CFB0004F679000261A3000216FD00014188000420B40005BD490000E83600020C25000185530000C03700021B25000268DB00029D1700011FAC00026F5B0001881E0002481A000423F60000B8AF00011BBC00027D8A00012B2A000165820000C4780000FB90000160970002EA140002D4490001511A00013C260001C2E00000F029000B10E50001D201000366710000F07A0002ED1A000143EA0011513F0000EA6A000429040002E53D0001F9BE0008844F0004286800015AA2000768D0000352B60001A3880004365D000AC56C00064D2700115F780001D0EC0009AC5A00014C1C0001C5760004358E000132D60001DEEE001261570002E6580001818A0001ACE700027BB50003D489000117F600017E9C00044AE4000478E70004C5B7000108A4000113A0000439B6000120E90000E86B0005F0FE00038B530000B7A80001006D00021DA70003C0A20002A5C000025F5E0001A2B80008303F00010F0D0001B629000A6D94000484AF000F7C450001827A000523F9,5120
7,0020001000,5,00019C71000617C600018F41000750C80005B4FF0001B41F00011C7F000145C10000EEDF0011C94F000182780009732600016A440002169200025C630001FDC7000134FB0000CFF700020A93000258610007589A00106BF8000133D500022735000862FA0001D1450001FBFA00017FC30003C6E900022C0A0001FA09000360000002940900032C72000203AB0011FAB50000EB800010C8AE0003CA0D00041A970001845C000239E300010C9F000359820000F5ED00017673000120380001A5E400026986000B7FE400023D2E000299FE000457A5000137670000BF0100049B8E00029C3500034D95000330D700016D89000168A300047A390003CC660001A9090000D52B00029DF40001876B0000E2A80000C02B000E1061000698000008589100026C5B0006AB9C0004C523000202880001E08B0011F04100016F7A000131FA0001BD5800030DE60000FCE7000167A90006D1270000FA3D0005BEC600050FD50001337300010DE50001150C0003EA850001F5A40000A042000447C10003A6910003A1F30003CF3E000254B00008CF6B0000A001000144A900010D24000802E500013DD600018CA3000129900002B84A0004420C000632AA0003ED570003591A000163C700017C4F0001490C00020E6600013B610000EC320001257500029537000369E90002B01B00018AC300043277000282B40003E8550003089B0000F90800014195000161A60000CB0B00015488000168420009C5C50006E1920002229F0002BF2600114BCF0001A0050006FF79000148A00001F5770006CD0F000234DC00025D2800113AAC0001AA8F0002A7C200010547000523190000F43D0003FAEA000796B600024C990009457A0004F0AE00014C680002A5FF0001136C0001C7A50006983D001143530000AE000001899E000123CC0010480F0004234E000102CD0001A8F7000DF8A6000210290002D6E70004C7260000B42F00016C220001D06E00021A3B0003C80A0000E45A00017BE200019125000175070000F4570000BE530000EE5D000101440002B334000724AA000154FD00053FD6000174C600016599000307010000A2FB000109A6000108BE0003070E000F4102000423B8000199F6000155B7000133F70000F07500026A870001444D00043BF200014A63000141530004C5E30001E92F0002498C0010D7D10001846E000F00530000E077000192600002CB6A00103FB500036D9B000165BF0000EDFD00017D230007970E000113DD00042F510003071F000417B7000463A3000108000003A9F50001C6A3000172BB0008E618000A5D320005C4F00001134C00015A0B0001D70900012D240009C74C0002018E0000AFFF000238B9000195660001C1D40003A102000273720005C523000108CB0002418000026B740003F18A000138CF00014A7E000213C50001161E000277D100015C0C0008C0BB00018EAC00018F860002D36800011A110006013D00096BC1000B75CB0000D98700016C2B000459A70001A38F000158D3000188060000D90B0000D04A000196A30000AFF800022783000146050001ABAA00015677000102DC00021692000253CD0000EC980001718E00036DB40003C0310003085800018758000164FE000167BF0009A86D000160800001A9E2000127D60000E0AD00013F9B00114A060003A67A00033207000148D40003504000051F9F00015DFE0004798900020B1F0004151300017F140001146F00028CEA0004E148000169C10001858B0000D2580001CBFB000451DA0001ADF40002C5E10001578F000115690004C37D0002A346000144FD0008B5B70001C14200077DB100033B7600024DF10001E5B40002652600088E5600055D710001EC630005770A0002A8CA0001259800050291000110CD0003D24B0001143500022EA60011D934000198890008332C00015D050001DD81000194ED0001A97F00026CE40001A27F00013BC20001DAB700022E8800016843000124E4000114D50004DEA70001AD2700081AD00001ED7A0002DF8E0007270400017D48000091EE0004DF4D0004015E00074B2A000111C60002089D00118BF70002F82C00027037000B2A1900028ACA000174B800078B39000140BE000244C60000C25F0006EDB90001E2A800101A3F000130970002291B00017CD300116B15000149BB000198BA0003DABF000683720006BB250001674A000206C80001D0EF0000D6610001909E0003E4A00001C24000038AD40002BAF600016E340000DEC10002E7D40002C39B00032C8800024DB9000114CA0002AE7B00038BF50002734500012768000171CE0001633B0002769C000152EA0001CD6B000181D7000205010001C5CA001241A20001AAC20002D00E0001B2A4000165B10005CE9F0002B08700076EC2000BF9040003556D0003600E000230BD0011F31900071E6D00013B780001CE140001A755000129FC00029BD6000870C20000E0C20002CE660001CFBE0001738800018713000147D90000F03A0003A2D4000334A70005E66700102EA200045C800001A0EF0009D9A200019E1E00025A68000140AD00011D350002314A000376280009D5380003AC230003F6A50001D00B0001D0D70004216E00018E51000441EB000BD5E00002702800018A3A000165FA00027BE3000143ED0001990B00034C310000F1CD00017CD00006F8EE0001019800017DD4000902A70001FB5B00022EC200086A9E00034F4F0002A79E0003575D0001E5E90001A6430001859100046A22000107ED00035DBE00023F0000023B1900049A9B0001E1350005EC4100013A8700027D2D0002352E00036C200002632400033B2F00014B850010A4F50002B3F9000339730000FC160008ED4A0003E43E0002AD3D0001A035000185CB000107D900095F45000449CD000782140000E4E100050CCC000623DB00116062000103BF0000ED740004971B00028A920001B4E8000E1C460001837900023A5100017F4F00025BE90001E898000450340001E53F0001271D0000A007000204570001036B0002FEED000190C20000D0130000DE5800010A850009BD38000232CB0003B7B10002B9A800049AD70001A8300007783B000A0DDF0001B5B60002C592000660FF00028C5E000251050002C835000606D4000145100000E3B80008B1FD0001D6920003EEAB0003FA7E0001CA84000523FF000191330000E1450002B84E000272FA0005C0B50003C90F0002C678000207200003683F0001981400040C860002E0640000BEE30005F1A000025251000185160001C4CA00026BE1000283CF00033AD8000386CC0001126F0003A0CF00015C7F0002278C00014876000D20E00000E9D00000F7AB000290D00003FF600000A0840006F01100015F360001AE6600021D190003A8410006BBF30002AC590001487E0004306E00016E2D0006CA0F0001958E0001D031000255FB0004B6190003758700020A9F00036AB4001169F500025B720002680A0001D9FD0000F1380001AABB000130A6000465C80001A4C700017CC70002E3990001231000022F41000221BA00092D380004C17B001150A80002B6A400080BD60001C8420002525700028B6B00039427000A9C170001AE5D0000BFAA0001B9AB000979ED0000C76C0000FA0F000F4C7100037CC5001151F200046BAD0001363B00024F7D00011A0E000224F50003154F0006E76B0001BA8800027D330006AC45000196A200113C470001FD8000122EC6000A532D000221EA0000E2E30003E611000309DA00053914000145F5000DD0D10001952F00011B9A0009FC9B0003A80700020FB2000131DB0000DB590001F71900011A860005DB560001203100107CC20000FF1B000352710000F9CB00043F310001EAE40001E78C0001D4CF00031CFF00013F8C0002652A0002AA9B0001BD290002AA4C0000CEBA00030C2B0002684300014C8A000379B4000527BF000275AF00041C10000130690001307800046D9F00011F810004E5340001E0FC0003B0F50001AFC4000170720006AA710001BF530002B21800014DDA0001CBE10001B47C00016F59000475070001D4D1000136F900046531000210DB0002F80C00016D5800021D63000231EB0001094D000A0D490002C9790004EAC300013AE0000091950001DA530002A1670011888E000815410001725D000A481500067D1E0001B39B000553B4001028BE00031CAE00070DA4000A4D2100023C4C00011F30000123870000F4CC00029CA800011CBD0000DF5500026CD90002816700024C3000010945000149420000F1D10005B7310001A9290000C0E000048CDE0000EF38000122B60002398F000319AA000328460000C3FF000246BA0004CEA20002B25B0003E12A0002FB450000E5960000802F0001602800024DE60008176A0001EDAD000E929C00012E28000138720003F3B00000FC7C0001F3390002625C0001AB8F0000FFC5000150720000F0F300014C2400014D9B000317DD0011285F00053B150001DF650001B4A30011887E0001A05E0001D78300036501000149DF000184C80002714600010011000297900001435500029B250002F62F000292A700044A9C000259F7000127DF0002307B00092C49000196050000D37B00011C95000108CD0000D052000196090001B3CE00022D6B000152990000A0000003DBC0000156BD000248F90002963500037B23000137850002BB83000155F300019ECF000272B60002DE44000281220002CD4D0001A95D000416860000ED3E0001813C0001E20E00017C1B0001FD79000178650001515D001067360002065A00010AD40006C84E0001E3CB0000E5270001CC0C00021626000126C5000181C900013B0A0005EEAF00030B0F0007C15A000FE97F00015673000B42C00002CD01000F297700017EE300016F5E00031D5B0001DA8900029745000276B40008E4620001E9930000EB4800011A5400011BC9000337A6000689B30001E872000256100004B6B2000496510002A14B00096A1600112CE500021977000F92020000F2960003A4420001168C000444E800014A020002619B0001E6F9000CED0E0001E6E7000185EC0003A920000A4FD600017D16001191180001F84500040A2A0001EC810006366200013D27000AE4150001163100030B240001506C0002627A000164560002D653000121E80010831B00015D0C0001EB210002DD15000195520002C09F000202EF000189C50002237C0002D3160002772B00011D4D000FDF5500016759000114A60001C2F100014DE30002954300105FF3000103630001ABBD000158180008AD190002346E0004003400012F3C0001C6FB0003B5A300027BA3000131850011F57F00065202000141210001983700019A9B0002A4CD00029664000160BC0001BB0000013B100002BFE20002A7180002884F00019323000475910001025500013DD6000284E400023253000C4421001143710004217F000101EF0002A1830002FFFE0001D556000BBC630001808E0001A4850003F1930001093300010F6E0001A1FC00010DED0003B2AE0002F273000113FE0000F5DE0002F48D0001E577000C10920006EF1700024BDA00017A130003CB7F0001228500021EB1000147170002B0BD0004524F00069A9A000159030010128C00019CF500031FC9000181760001B3260000BC5C0002EF0A000AAC500001957100018C2E000235800007B5A200011A300003002A00059A93000176540002889B0001D505000208E6000ABFCB000391910001266A0002E28100026D58000149AA0006831E0000D7B30003864F0002B1BF0002F35200013ABC0003BC0B000661FE0001E28900014ADB0001203F0011FAFE000119DC00033C3F0001E9F0000337B70007234C000347780004A5A300057D700001789800016F9C00063BA60001947B00014B2E0000E0D00002E60E0011B7D3000106A400029BFE000130470003555200012E30000405310000EB56000C0EE5000534470001D1590007B07000049CF5000482FD0003187800040E1E0011F95E00019F9B0000CEBF0000A005000FACD300011CF2000310600001FAB90002976A0006B1B4001244FD0005BF9D0001B814000198FB00020CA20002F5F60011B0C300012CF50003CDB30000E0E600022D3300013AAA0002E5C60001984E00043AE00001DB870001697F0003CE290001C7F00002F4E900034E950000C09F0002945A0001ABEA0008459A0000ADC1001189640000DE550001C8370001533400032FA300028F4A00025B5A000255F000010FE30000CE850003C510000155C2000316D60001BA150005470B00018297000878390003A57B0001BBA900016B740000F872000263AD0000B6A80001364F00022AEB000133290003484E0001A3D400019B850002F2880003568000034C1E0002B1DE000111B80000900000012F660011DB910001EE720000B7090002C1170001D6200001C0170002FA520001DB8600113126000335FC000297FD0002088500060EC80003F7BF0001C09F00021CC1001093C2000170EC000221AD0000F305000132AB0002375D0002163B00028FC900038FFF0004671B00015678000382CE000735D1000179A7001234710002CFCE000288C00001087600018789000195470001AE9B0002417700011ADF0001D4CB000219CD00071E180002B38700023B4000013E2C0002185900028C76000204EC00024AAE000492A6000CF33E0001F92B0001FCAC000156F5000286930002ECEB0002EBCB0002628A0002EAC00001152100110D940000FFEC0002518B00015037000257A7000787A40005AE610009F9490000D0F500016D5C000518740001F46800119A96000246EE0005B8210001A5B900019D270000DF52000166270001A6D3000163390000F26400031683000A395800045CA300015ABC000304A60001598100010DD80000E48800032C0F000100EC000653B7000168920001009500023C670005B94100075E190002CDCB00042D5E00022B91000676910012215B0003A20B0001CFE0000539C1000228870001382A0000E0A300016CBB000250D70001B1B90001058600014B8D0001C29C000446DF000124C3000134230001AC510000B02700013BC30001B5140001D1EC0000F7D20010A88200028660000D0FF4000456C20002A5B40001BADC00071FAF00013A120010488400024BB800020D78000467030001651F0002893500017BEE,5120
8,0020001000,5,00012CFF00014EB50001F0F30002593E0001514D0000DB41000317360004DF440001B3460000DD11000090000000B20600018D100001B8A60001DE5E0002121B00030C77000112990001CB3000081ECB00013748001129B1000143A30001F830000218A0000693AF00050171000678460011BD2600031FE20000A9F60001B573000353EC0001F4DC0003621A0002B6EF0001CFA500028EC3000505CE0000CF3A00013F8A000150C5000135890002B11A0001BD0F000277610011A0050001612B0002B4C600030B9F0002642E00056FF40003578200039028000178270003CD270001401D0011DEE4000588D60002404B00018A17000F218D0000EA7C000C43C800015A990001C72C00012E6E0003901F00119C0C000140A400034E070002BD0C000205D30001025C0001E60E000285D60001BB3500043DE800031253000B6C400001CA0E0001B5510001636200015ABA00022B45000248A2000222480001529F000209A5000317490004D64C00052F890000A94D00019CA40001355100014707000AA00B0001768800043A630002DE5600022647000FACB80001712E0008AA18000207FF00038B1A0001EC1F000629480002C1C40002BA8F00012699000615180001BC600011C0ED0008AF6700020FE60002810D0002E14F0009E5F30003B86400029F580001FCBA0001286C00017A8D0000DC6900012C130000C1D40003B94800015895000190690003FBF70001A2610003A0110000FFE20005B4BA000170DA000FC82E0001212000013F740002305400032ADD0001EE9400018611000372C50002642A0001E1BD00016BA1000C20DF000319BD0001C4870001A97B0009A8CC000126B700025D6D000183450001C15D000235610002256200018E9B00047E8E0000DCFB000186A100010EAB0001E52F000341E50001AF7C0006DB40000212900001ECA300012BFD0004657D0004314A0001730F0003D8010001140F0001896800031FD80002F57B00085C49000151AD0000F69A00016D3300014F37000478D600015E830011B7EF0001535D00014286000120ED000139110001D2EA0004A30100038A5A0002A18B0001DA7300020816000132A500033FB10001C5FA000104CA00033A2B000358150004948E00028BB800058FC20000E5080009E90200012BB10001F3CC00012B1800062ED00000FE470000D8CB0005085E0001DFDB00027A2500020BD900025BB6000318F600040A8E0001807F000255AC00021FCE0000DEFF00012F390002AC5300025D140001CAA70001F34B00020FC70001E58C00014FD30002DB1C00028177000140840004914F0001DED3000128F60003855C00021F68000129B00000B9EC0001848F0001FC0A00029FA7000234550000D02C000235080002B42900028B3E0001AEB00000B8D80001457D00028B800001933B0003BC620004EBEB0002CB6B00029FA30004E3F3000442910011FF960001A53F000100C20000CF71000132D60007267C00011C2D00015200000B923100023DF4000257530000C4E20003223800012E8B0001514C0005D513000CE656000237C40001D9B20005608700026FD000019C990003F6D00001401D00028C040001BD3C00015224000999710002970900010CEE00032AA500014CD4000148660004EEF90001B25F0002A36F0002469A0001DF920008ABA3000671A200032FBB0004FE8B0001516A000174D2000355B500030D8D0002B13C00017A580000FDC200083FE90000D018000168CB00031B9C000663B80002BB7D000196C900083BA50002D08B0005457D00042360000F12DE0000FD580001504B000CF4DA0001BD88000251C500039D6B000136180001120000084729000162D10003DC000000F8F50002BFD60001444B0000D6AE000281920006EB53000234FD00011805000167C6000234FD000153620001A1A200012169000753EF0002C7EB00036116000237C30006A19A0004BE590001D5B70002A6B90002186300088EDC00013C1B0001B09A00013261000137310002BE8700035F1F00040EC4000184060001244600036BEB000193AC00027CC9000137300001F8BD0004BBB900034BC10006AB98000D3D7F000113D0000A23EC0001DE3500015F2F000197890001E12D0001DA1F00045A8F0002008700039A17000261C7000B8A8A0000E384000C5DC3000278790001E01300055AA60004B9E30009E3B40002022300010C6F000606C300011C62000109920001454A000255BC000522BA0001187300121C00000339FA00019B990004BC450003E5690001B7A10001606600042A1B00010D8F000A47180003300200018F320007B771000BCE8D0006BB33000213E50005888900019013000792D70003A1430001919D00030655000781C9000EFD4900013EFC000389CC000166080001711E00012785000403770001BA310011DB7A0003BFEA00020D5300012C5D000154800000EFD90005006E000218CB0000D178000225F60008441F00024C7E000177FE000455FD00055AB1000203990002BC7F0001D8260000FDC4000250DF0005595C0004ACB10002FDBB000177750000F16300014941000B50F40004B63F000287D60003095B0003BB910009D8B50001C7640000EBCB0000D4FC0003DC2D0002E1A70001BFC10001F9EF0007CACA0003F06A000176F20004C7F40001D38B000257240003B1D100031EE70001756500019DBF000186020002D488000171B10001F9A70001663400045FD500025ACB0010C7890001240B0001EBF800053C220004903A000164D70003424C0009FA1300021EEA00023175000161940000AFFB00053BAF0008AFC200034D470002B04F000199C20001073F0001B5570003D94200049C300002672B0001FCC600017903000187F1000257870006AA51000128E90002C41C000170690001F296000385510001248F0008A0540001FC1C0001A0510001255F0001A6FE000284BB0006058F00015F9E0003CF3E0009AA5C000183D6000168E80003B1D9000356F500011F5800024D170005561E00022A7B0001689E0004B3FA000161210002044C0011119600010EA3000EB4E20005F73A0000FD3F00016A7F0000F13B0007988800019ED20011B505000307B20001673A00091BBC000180BF00022AA90002BDC30002B27700013B9100019D2D00058E870002A0D90002E19900026E860006B72F0002900C00018EF20000C23F0006FE09000DC2ED0009D1B60001957C0002F6560000B5A30003885B0002133800045D2A00017C5B0003086D0000F4370006BC7D000A589100024A410003529A000541F10000CE1900022E6E000119460000CFD600041990000382E900013CE6000213D300034CEB000C70DC00011F2A00016B6B00035CBF00018D2600025C5D000236D00000B01700011AA500012EB100047E7F00011FE90003A9CD00014FBA0001D37B0002849D00018BAA0002B2470001D2B9000124E7000247AC0001E335000D84890000CF7600014C85000173D0000514B4000223430002098700015AAD0001B4980003FEE1000288CF0001594E0002F81700012D190011BF1D00019CDB0002B52D00029FC1000F09740001BF7F0003DD4F00015CBE00011CC9000C40510007D1540008B1A10000F2C600013A5F0002087400017C54000BAA030003B637000C18DC0002547700118C1700014A4500036C170002E1A300119942000866C9000234BD000184180001347600037AEB0002204E000295BE0003DA7700021889000220D60002C2480001111000023E5F0002810F0000EE8B000A034D000185EE0001A2A00002213B0002D467000230EB000114580008AE750001257E000123E90001F2890001DD42000192710001475100029A35000159950005DD17000180DC00050FC20002F0D10001EF300003C5C100036A8F00010D1300019827000A5287000191B300018C110001563F0003315C000168E1000407030000E3E50001F75C00023FCD00029243000132540003405C0003908100051038000247650000CCC50011DB1A000366A900037BF50008F8B000019A1C0001CADE0011787300016974000214AB0004492700067A6F00042A1A000475830000B0360000E1D400033DC300015B160008740B0001EC3D000113C80003CFB6000572090011BC510003DE4A0001C2B20003EE1A00019887000269CF000697E30001192D000221C3000133680003C7270009149200020B8100017CC70004617A0003833500119E6200029018000356F40006A98300042DAC0001148A0001DAD600025FC90000EFE1000211EE000199E60001208E0004DA850001FE1D00019A9A0002416B0003958B0000F3AC0000F3810001E71300011C0C000A3DA00003F5E40001ECA40002005F00023C050001E8080001371A0002F8C90001706E000251DD0002DB3900056A190001ABFB00021E520002699D0011E9AF000143810002354000071627000857B90002205900016A7B0002E9740002B3AB00074222000294810002D49D0001B286000313E800014CDF00011E690002B19E0000EC350002B7E900035AB00000B3C000010DFD00013B400002A87D0001089C0001E4BB00028CFE0001E8200001AAB80001DBE10003343400017AE000010E3A0000F305000635730001D3B200011ED80002C7570001A97B0000E524000A32D3000152AB00022C880001EA900003478900011C020002E47B0000F1AD000377DF000607E400033DA70001CBB10003467F0001094700029A3D0002E99300031BE200014DFF000296B200010E710011EC7500055C25000879A90001C77400018D3E00069755000333A50001A90500025DDE000281C5000208A70004D00D00031054000156F400071A820005EC1600025DC30002373B0002E75C0004427D0002498C000395BE0001CFF400013A4C001192910000D9D70001BA5C0001FAED00022D4F000162DA000E44B50001D109000187CB00019B240002A90B0001A2790001E3F200050C640001BF1B0000C0CC00020EB5000110A80001300400113A91000166C50001560B00011B58000785B7000209510002223C0002823F00114352000126EF0002AA210002E75B0001CB7B00027BDB000241580001868700060ADF0011D3E20004A279000164E600081F620001B25A00068A77000F358D0011487F000E0D3100018C340001B2860001C6450002AFDD00059A130000F11F00018E4E000126F90001C6080000E19E000276320003EF2A00054070000156090001632100027AF600019B820007CC9C0001B6A800021A7C0003D6340001DC9B00032CE40003E1AE0002A6460001042100011C3A000BB9BA0010049A0000EEAF0001A16600015D3600063C0600014E550001B56A0001869B0006C92D0002166F0004A38B0003F4A800015592000220910001AFAC0011BA6C0000F8A6000216BD0001D0960001FCED00018E060003DAC50003B2C100025DC700057888000F4B9100010AC700035CD10003395F0001DE430001DB350011C13E00012AAA000CB23900018BFF00059DC80001A0C800021987000379110000F9D80003BF7900016A760001CEAE00015E310002AD64000127C50003BC1400033BC50001FA5C00019D670000EBAE0002F94200023201000304000005EAD300026962000C81990007706600019D81000232CF00011049000154BA000517FD000123F100017C860001FA670002542C0001D5BE0003EB8C0001DD7B0002DF79000144F40001AF490001494D000176BE0011B23B000A537B0001FF71000153CA0001BE850000DF080000D04F0000EF030003544700027C8C000164AF0002C04E0005109400016198000548290001691F0002AE500011CFA7000158CC0002E99C0000F1BC00020C71000207ED000430170005976900020465000258360001F4DD0001CEC10001CCDD0004BD0B000204010002E89500022498000EF7E0000115FD0011CEFF00019F1A0003D90A000482390002393B00019EBE0001223A000200AF000146EF0000FB070002089500025D950011C686000813EA0002FE950000CE1E0001EE14000255910000CA140003BCF5000C95B00000FA0200028B5C0000E0750011982500021ADD00027B14000485A30004899E0000C9200002CC7200049550000EE1C9000267810010B65700042544000733030001617200051E5300014AB10002771900016B3E0006E9830001860D0002A21B0001D1D900019C7C00036DBD0002270E0002E20A00015678000181EE0007D815000201C5000C2CFE000282A60002A4390001B00B0001714900025C3900030DEF000101310001AD6200081F1E0002647D0001234400029E390001F1230001B1C80001405D0001DC5100015471000136960000D3850001632F00016A5900010F7300015B1E000990E50001ECC50011943B0001D8630007EEB500053C4400021A38000186300001164300017B950003E29F00010F1B0001902A000227A30002513A0001A43E0006C9070003AE350002226B0004B5E60006232D000A43770005009200017EC600031055000120B70002CF830001F2B700023EE50007EC59000174920002ED520002936A00017C0C001135880001B6950001933B0003A321000120D3000137C900078FED0000FBC5000A70F5000265090003B3CB0000E34F00044D68000279570001CCAE0001720C0001ECB4000390CE0002527600030C1A000CA3620001B81B0002559D000194B70000DFC10003F52B0002A9D0000223F30001B2290000E0FF000493B0000321B90002150F0001241100026A2B00015B6F0003805B0000C4190001A4060001E5F90001B86A0001554000022A29000894BD0002C5520001FCC600022F6300028F6F0002449F0000EE010001C9FF00050A17000437BD00076303000D83FA00028436000229370002A81700051AF30003F20D000256FA000351B7000115A100016CC70001C70E00019EE60003CB9D0001FDD9000A24CA000123410002E1890001007B000182420002DBF90001A2130005EC1700021D0E0004C5170004B10500025EE90011C6FB0001C0120000ED090000E8990000F08E0001FAF30010068C0000BB5900037E7C0000FA27000CB19B0000F5F3000209B10001315C00020B3D00010E5100119A080000D6D70008CDEB00067DB60001C2F90002DF91000137D60002686500012C1B0006C65F00019BF9000217EF00039EFE000252BC00054BCE,5120
9,0020001000,5,00015DB20002F1D300026DA000028DF900076B250001F04D0002127900021A100003430600123D5B00029D7C000233C10001D46E000621CF0000EC080001F1FF00011ED900020CD60001F3140000F7E80004FDC40002F34F000829BD0001A66E0001243B0002090B0000F2E80002A54000025CA800033DC90002CAB200040CCF0003A1DD00030F5E0004AC3400024EDA000360E1000DCE110002210E00015D9D000175C7000386B10001382F00125401000244F10001312F000199C4000172610001125400068589000359F30003E70F000133610004D45C0001675B00010C4B0002310C0001BFDA000128020003BB280000D832000170920001EB0900011DD00000C3F80001066F0004506A001315CC00010E1D0001A147000194F1000117D80002A7650000F7E0000193FC00013CD40001BAEA0012C034000196FE00027A37000498190003B54D000239CD0000C126000317A300036CD400010F83000A765C0002D69F00030E910000BF6600013B690002ACCD0001BF04000135C70003DDC10001AC59000186BE0005FF0E00012B12000160690003F97C000186AA000251250003A05E001234A10002E1900000F7530003D74C00037F6C0000F1220000F1870000DEA700019B120000C762000998170003A2D10003FBFF0003AE1F0001C04600015E920001DB6D000152790003D7A100026EB60004052E0001F51B000BBC9F00017491000191F40006785800012A8100012CDB000123BB000143C0000B3F09000166ED00125AED00032A980007D86E00014A88000BF072000573F90002B93A00024A930001B1E30001210A000D67AD000192D100010E920000FB04000181690001134C000285250001EB170001619200011283000354730005D11E00018D0600018EF00001C3D00000E36100014611000953DB0002573A000130D000016CF000036D6A0000A0170001C703000576B30001D8C1000208ED0001A89E0003E45C00020498000231240000BF440002E5340001494A0000FA2300025808000172B3000A3F5E00013CD20002CBA70002B3CB00019B81000BF17C0000BF140001864E0001A1F700011F2300016471000122A500016E3700010A6B0004A0000000C726000323020002CAFC0001DED60000EA140002054400014A540002E47A00024CC80000DECD0001274F0001B080000132D60002809E0004FB8B00078A7A0003A8B1000572BF00089C740001CF8200019A2500022209001206550000B66A0000B6E90001926B0002AB6400020CA800010B55000175D20008AC550000AFF8000181BC000142270002F335000317AA000166C80000CFC7000169180001CDD90002813500067B7F0001CD3E0001C002000286980001505B0006DAA0000367660001FD690000E74800120E150003A4F20004B4ED0002C95900019EDF00026D58000212660002DE3E001212B400017513000309930001AA0F0000FF07000177CC0001445A00015FD6001229B00001235F0001C91500092E680001DEFC00014B250001B45F000376BD0002071800035D840000F2C5000423A500041285000135910002EA620004C8B10001AC50000160D1000160EC0002549400020A5D00027B3C0001513B0002C48C000233C800015ED60000EA3A0007731C0000FC5700016C8D0000FFC30002BAF6000110A8000841C70003CD9100010E5C0003C21E00010EF900026C1B000221080001A6C00009613F0000AD0D00014CB700028949000183440001D002000224D50001071B00011FF4000218550002B1A60001621400032A16000192F6000402C30004E9010000AFFC0007DEF3000361D9000405D60002A8150007EDAA000179D80001D6120002A1D40001278B00021075000F80DD00073EBB0001B1BF000370510002288100015FBC0012A1930002D9700001CE930002F6C50000FFB50001E90E000166580003E4720002A10200022AD200108BD800014226000D0FC30001C40B0011FD7B000122690003609200019EAF0004374B00041DE40000FE5F0000FC8900029271000841AD0000FC1B0000D704000231DC0001D50B000298EB0001CA790003F3330001DBA20003931900048C8500029CDF0006583D0001C97700017DE100016031000179060003F92C00016560000BE0320004F4250002BE8700016DD10004066B00053782000107F20006781800014B890000E21F0000BFC1000251660003A4490002AE86000598F60001A088000151E40001735700041ABB0002CDC8001211A60002886C000138B3000118F3000192040000B06600017CEA000B45EB0002978D000212C800050759000331C100022D0E00013B5B0001BA42000618A5001238CB00058EFF0002EB110003590D0001C9630001436F0001B40500048876000216190000E0130002B6A1000100BC000193CA0001B84400023F500000C7E40012267100022F0B0009A53B00013CB70001EF59000195890002EB9000013AB10011C9FA0001244A0004526B0002E7030001F6650003F0E30003BF1B0001F74C000207100001E41D00043E1000014AAF00018A720002058300015EDC0001457D0001C0EA0001F701000862EA0000E8690001FFB000037D3E000224DC00032CF60001A22800014FCF00010DFB0002DF71000461F70000F50300030828000629790001C6B6000189C30011EB0B0000FCAC000ADB5D0002098E00069786000208640001126F00027415000323BB000119ED0000B31B0002089E0012821F0001C1E600050C690004A299000230350005B20E0000F11800048A79000488870004C1F7000268DC00019D060000E02C000211120002DB4E000277C40003A94B0004A42E000102C300034E320001623F00016BC50001AB1F000189AF000136540003B8F700087DFF0001EFFA0001066A000698470004A537000216370006BF1700022D3F000183E000011250000108AD000155E00002F1ED00094726000301CF0001108F000659CF0002571200019C7A0001418A00012371000804AC00039BAA0005359C0001FEB500014EF30001F96B0004B2440001FA640002DCFC00027A8E0000FF770001301700018DC70002B95700043EEC0004516500049767000639D20000EDAC000D4B47000222320001EB50000845D300022CCD0000E31B000268B200087D2E00025809000363F50005F12500022A2E0001BF3F0002877700014CCC0002637D000D6FFD000191AD00054C150001109A00065BF1000155900001430B000193F90002737900013A3A0003F24C0001119D000492150001A4D8000358090004254B00013E1B000324CD000255E400021923000147A00004E05100013531000186D2000400470001B5620003A05B0003AF130012560B000279FA00079FCD000186000004711500030D300002255E000349210001E3E100021E4E0003034B0000BED30003082D000906D60001520B0000E91C000418560000B0030009E119000163F90001C07E000264A7000116250003830E000191E70002248B000E43B60001779B0000C9110000AFEA00016FC600011D3C0000F3120001DBA50001C2BF000274220002678B0001844D0001243900016C920001E5BD0001BE05000231B800031A0100076C040001822500016DBE0007448E000288100002FF75000559BF0001482D00029A390000CFEC0005712F0001EDC20002B7F80001AE2A0000E0AF0002AC280011C343000421640002561C00022C6A0001EB6500039CB400023BF30002DDB400016C1E00014728000180F50009A68500035340000178E50008BA940004C0290001815000015F76000723C500014CFD0001178D0001DC410002CF5500010E5200013DB40001058900016244000379C1000A0D5B00026CD20001451B00012713000DDB2A0005F9A70001C6190000FDC00001D673000300020001C89700015B6800120ADF00026F690001A85900011FB9000898810002BBB40001F1AA0003EFFB00020F3B0000EAD300067EB500055026000103FB000116E7000125900005CB6500064FE90001345D00011BD900017B7D0002EC6D00017F85000EE2170002DF4A000255020000D0EE00011E780001A16700083CCC0001FC3400018D0B0000AB820002E63B0002954D000339AC00030252000243CE00084DA90005C518000222300001381300014A08000DA6CD00074CB500127E9D00012B990003AC0A000107870003BB730000D667000284BA000157060002231A000184B100013E96000290920011F80800034C04000166780000A0670001031700015C160001F09500013F190002908500012EB50001DDA10000D70C000118E90001801500019ABF0001627000023EF800033BAB000160E70001EFC50003C9E3000132F70002D3000002D4E4000389E100011C640001502400028F6C00058FBA0003C6CA00013C3400022C8F0000DF770000DAAC00033D210002E370001294F80000BFB500096D6B000226280001A224000661EC0002A121000212C9000137C70001F2DC000196C0000091AE0011F6EA00021EB80001132C0001DF0D0001F9520004EC7500075DDF00023BEB00036B170004D44F0001E8E10005F287001280860001998D0000EF250000F1F500019D1E0000DC3500010D99000846E3001243C30001A0080000B07200017AB7000111DD00031ED90002A52F000163BC000DDE4000027EC2000196480001BCE20002C853000215EB0001DF4E0000FCE500015BF30001407500018A460008CFD20000E8B1000115720003B815000104770004762B0001A76B00031D7200025A43000144000000FCAB0001D22A0000EFC300019724000202F300019E0E0001B8990001DCE20000EEDC0004F44700014DAD000209E5000286AA00026C890000C00D0002C0C700017DDC00043D1E00033F010001F4B20008D36C0001FFC3000321790001E8E50003DFF30003660B0001F0260002211C0001352D0007959A00037A4F000F52E30002A20E000503710001A3FA000345F5000472A8000137ED000112490003CAB2000114FD000580640001B7D30000F0A80007AE4800010BA80001160100019F6D000393510001B9E40002691F000BCAA00001D77D00011C9400017616000219C6000480C5000144B4000315CC000189E40000D78E0000D103000224A10001AE0100017FB00002E30F000142A20004F2F40000DF1A0006EA5B0000EB67000E33870001B414000109A60002B8150001696A000112A40002258A0001D2F50012041700013DD300045C73000144FC0001B25900078F730002EA9D0001E7780002659B000183340001077A0001D3BD00037EAB0003169D0005A7D700034997000218B200015A670008F6E900020738000289E50002A9290003B144000146D40001DDF1000134E00004CF250002587B000354A800020C6D000402F40000F9C00002A2100001867500015BBC0001A69F000311BF000142580000F0EB00017A350001F424000214C5000A7F300001221B000267FD0003F7260001CE41000221980011526F0000E13600056CB50001A83600012B37000879A60001C9C200026E020004539F0000F9D2000A6D7A00019840000574C60001AC7B00011F2D000192850001FD5C0001A8E300020F05000277A50000E7E80002A5440001CD5F000141F10000D6BB0001AEBA0005045500021CC10002D1E70002B8410001C4D400013AF3000219D90001C3050001136500019F15000E5C04000248CA00015BE9000747230002046B000134BE00018E4400014671000151E700011A9900020B9E0002809B0000F98600018EEB0003260B000A7D37000203EB0001340A000211170000EF920001124D0002959E00040E9E00021893000170720001430E0001AFDF000189B1000164AA0000E6AB0001ADE00001D64E0002AD6A000299C40001A0350003A5010001620A00025622000D6ABB0001F71500037CA30000DFD800023BE80001D8DA0002564100016B070001B22500026E7A0001479200037215000118C500016EC10000F07400015E700002715F000108A10001433500017E6D0003F5DE00034020000D067F000101CA0001936400078077000174E300013FCF0002C3450000C3EE00031A4E0003104B0002DCAF000130D80003846C0000E6920001BC9C0000EE4F000FC76E0001EB790002BB65000184BE00015C53000422590007335E0000E0BC00119013000746D90000E4C1000521390002418E0002D3DA0001AAB60001FBA300015D8E000284D60001B3BF000139A200017B950003541800017FDC0009EEC70011F2E4000298F000026C850005D2240000D3D0000205DF00029A720001F791000100E3000298D10001E34200024110000239430002CFF200011F9A00024B0F00063EF70001339500027E4900012AE800013557000235D40004055B0004726B0012092E000313FD0001A26600015FEA0001BF8E000A3AF50002202C0001ECB40012227100012F4B0001D3F600011FAD0001484E0001BEFB0006A0C7000981A50001D9290002CD690001224C0002043C00023F5B0002DE410001F06E00020A390011E19C0000E2BF00036AB800036FFF000229EC0003B7250000A0070001B1E60006A4DD0005EE2A00035A170003EE2A00070461000193600002D356000318530001E5930001CAC50001874B0001BF910003D14700011567000FA3620002D5050000DE5A000111FF00023DC300013F770001BC770002142400029A330000EBCA0002D9A90002668A000131E4000280250001310700078736000993C100009FF10011B41900028D7400030E920000FF3B0003C12B0002A92A0002873E000137630006F9380002473400038A410001A6600006696D00013614000119DC0000FDFA0001B45F000343A9000573D10001EE190009412F00012FAD0001D3B2000207FF0004691E000327850002E1B90001CC7000025B100004F3B5000197710001C9F90000B6EA0001A94C000153F000016E4D0001735C0001FB3E0002D2A80001458A0000DA4B0003A410000112CB00013DD9000432430004F07700047E3700039C9100028B8300026509000A47310000E85600025A2100026C9900012209000161CA00010F8800054C3F0003641B0003B6ED00017E1F000103BC000231B10004D0F70001E2ED000461A1000209CC0001D58F00021B9F000261260001CCF40001F47900031A8B0000FC1A000110D300010BDE00042E1300010DA6000164D9,5120
10,0020001000,5,00020B7F000223A90001C6E100015F7C000282DE0004353B0002B7E60000FAC3000338080000DF95000262E100019BD800015CAF000343D30000AFA500014EFA00015E050001B1F8000824CC0004C6780002889C0003AC730001CB6E000272C50000E68C000290070001A18F0000F1BC00026D6B0002C1D80001A25600010E6E0002AD6300116D910001A43A001171D50000BFE5000230B3000137910007C8B90000E0CF00028347000312B50001412A0001AAF0000101240001527A0007BA0E000484ED0011B40900013FF30006F5FF00022568000108840001680E000164ED0004871B0003865500018A9A0004E11A0000D1740001C30900028F8100015CA30001329200058C5800011056000104210008E59C0000C063000106F5001002970000EA7D0000F10C0000E1E50001257800013247000130E80001BA800002E7BD000108EE000240B9000484AD00014C3000021F030011DEC50004620A00051E4A00014F050001632C00016F87000FBBC5000334910000F17900015D3D0004A96F000167340001DC8F0008CE84000295AC0002AFB10001F8FA0001914E000262DB0001C5490002C69C0000D311000137030001590F000A69900001E8F400020D270001D9260001AA4000021A550011D23A00011E670001C0500000B016001141200007457B000AD3C40003B4A500093EB60004307700023686000111D20001EB6B00014AFF00014E6E0001F36A0001C600000188430003587500050C6D000400BF0010AC600001624C00014F96000CC3970000F66D0002892C00052231000286810003A63F000148A50001F4990002F12300019F7B0002951D0003646E00027B7800011C7B00011D060002DB350003308C0000B6550002BAD5000201870002EF7A000110E0000235E9000174FD000225800001797F00016D780001829F0007886E0001096D000181C80001FEC10002CE66000187990001CE210002297D000218BC0001FFA70011650600034218000493490001915C000122250001013F00085A04000ADD930000F6C80000D09000043ED500015F0B0005975500016157000FEB2C0001946F00117DE50001164100021EC5000185F3000414660001E8BF00019DDA00014C0B00114D490001480200052F0600018F810001295B000A5C6C00118A9900045FA600017096000145F1000183D00001106D0004F0550001AA460001D148000196F90001C15300017C3900018E350000AF2B0003833C0005DE4D0007F3E80001753E0001EBDC00011C210003B1510000E8E6000316980001A6470003C47E00010CC50003FC2600026BDF00019B61000211CF0001E9B700023B360001C64B000144550001A987000168350001E12E0003D4DD00013B730001BEF4000226F20002D2B50010E7EA00024D9900014B0F0002F42900119F610004714B000C71C10002E95200116A92000350720011A52B000E0635000D6D3600013F77001220FC00051EA700024E4C0004042A0001914E00020780000399EE0001A5C2000F942900011CD2000148EA0000EFEF0002270C00010FC500098F300001C5600004BE64000B84E1000102C80000E597000521710001BA9F0005783F00013CB30001D898000108CE000135430003F8A300032EC30002962200020865000137AC000243D000016B35000C54AA000277EE0005A68600010B60000C83B600014045000832F50003DF2E0001C02D00022C710000BA9B0002749C0001C4A70010B28F0001CF13000162E400044F910001685D00024774000222250000D77B000195BE00010A9C0000E31600021D360001038B0000E4540001913C000E540D0001760C000157C90007143400010E000001F9D80001619800034A7C0001FD240009D46400045C930001CA370002EF41000396660001014900026A9A0002FFAF00014242000353220000E6A6000310BC000748A90003123D0004FAE300101AE20002CA630001F0320001BCE1000159290000F52F0002280A0002DA51000508BF000264DC00031F400003F613000173C10000D76E000167790001D54F00008F0D00022B180003137C000311C2000176B90001B68300035613000304670005F2F70003A90D0011AAAC00013E1F0003358F00015261000FE4A4000485B200024C4400011C310001DCEE0002107B000AFB0800012A090002989D000488CF0006D866000130440001205C0003A05E000560240000BCA50001EA1F000229D70001380600038F1000042033000D22B40010EDE00001AB4600015BDB000209D500029F5F0001B5FF000219DB0000B0190004F2980001DAF10002C81E00024A8F00037E3F0000A001000CD6C7000227980008D71E0001EED00011F344000215C400031DA200075D7B000138C30001CB4400020B450001FD85000173E00005E8F20011333A0001818B00017BFA000135340001439E0002D3220002946500025F230002A4600006850D000CA7230005B5BA000F84DF0001E2CF0000BDA1000BADFF000396680000F2CC0005B6AD00036EE00000D6CF0001BF1E0004839D00010581000106910001E35D0001DFC2000203490000F33100033B0900054E3F00017DFB000EC248000123E90002BC1B0002D5E6001161790004721F0001B4A80000C65C0003ACD200017B6D0001A3510001432100111FBB0004B182000433E600109BFF0005E89F000158A70009012500015CD00000DE5B0001F39F0000FC1C0006A0B30003517D0005506F000F8AAF0006C27D000172410004E750000138A90000F6460004E1380001EFBC00018F690004E97300029DB100036DBB0000D2500001891C0001853A000B516B00010F670001C69700015D61000291E800012B3300013C4A00106B4200023F74000189360005F2E300113F03000115A8000AD32C0000969B000A452E0002702900010B06000094BE00022E610006BA6C0001F49500016F2D0001E92C00023E3B0000F9DC000269ED00030A5A00043FBF001025140001D0D50002391D0005BBB3000171410005555B0004D1D20001033C00010666000412FA001187A1000234D8000317A5000AB73D000FEE360009C5F100026F270005B678000239760002864A0001577100015EAD00114E36000416C900028E750001292C00057AC40001E193000AA2AD00024A8600113871000272D0000B5D4300027AA80002BC8200030D570004BE320001D748000163F500029A550005B9B80003E07E0004C26A000134FA0008C9C90001F1A90000DFC300024A9F000D16F70002214C001194C00003276D0001058A000210C7001119200011691E00020C810001795C0003E0D8000116290002E9E0000482C9000126DF00020BDE00076C8C000C342D0004B62F000364180005BB0000021F91000153E70000CF7500026B9F0000C0C50003A3E60001338A0004606E0001999A0001444F0003671E000122B10001995E00063AE700051D270004323D00024D9700033BD30011828700037179000293EB00098D3B0001CAD700036F90000146910001A19000015E6C0003E333000172B60000A52F0001AA00001262D10000EFDF000448F10005778A0003B5B60001628200050C680001386A0001D1630001636F000110DB000228860004AAA60001FFAF0001CFA3000131B0001206A0000A295D00011F430001B4970000F0F0000104620001DBFC0001C8DE000C7E2800019F2300011DCD00022C67000278D40005B8320001AE0D000156950002A07A000AD6410002E88B00014690000268A70001030800013E210008BECA00073D2800015C8C000178B60000B16F000524BE00097B830002F2C5000196040003BF6800059EE30003CB460003A9B200014B9900044768000C31120003201000108AF600029E4C000FF2FF0001B0180001ADB40001B3E200014F2C0001A686000207480000F50A0002B2780002216000048D1A00027C610002EE600005328100012DAE00015B740002C88500010485000631120002287D00015F1D00031989000157F300024721000285540001DAEB0000C03A0002FFD80001EDC700025924000A46CF00036371000191B200016E0B000170FD0001316B0004720300026C26000F195200037FF90001D5BC0001C4C40006608D00022E280002293000039D9D0005FADF00026B9E00033E7D00011697000E12EF0007CA1D00030FA50002A3F2000442BE0008E1BF0000E7B10003BAA40001986500024420000DE20D000116C10005F3100000A33D0001BB060001079D000AC49D0001A3D80001E38800024AFD000DB39500018957000903B30001834A0000FAE10001EB930011BB48000157090002561B0001C9A8001171F70001CDAF0003B03E0000C3F600028EF8000125E0000D0BE800046F960001DF08000138D4000207C10001242D0003259E000203D5000127760006248D0000A2750001C0B600020A9400022C3B0001D2370000C07300020C350000E02F0003346E0002A70F00010637000949F800037F88000436C500016C960001191B0001B2BC000160F1000F73E600014422000DF617000179580001A22A000149980000FD00000119B50002A35F000100EE000A6EEF0006C265000CB1E60001FF970001538000040A750001DD370001CE8900022B3100011E8A0000AB1200023917000189A5000152CB00021D9E000208F50001ABBD000A138E0001DFCD000241B800036DF700036AFE00025C740001AF6B00092B260000BFFC000FE9520006F3D80001BE0B000100DA0000D60D00012E3E000553DA00029D0F0000D667000835E5000230D50001132000019C7F0000BFA900071E2100087FEB0002CF360001B16900009E5D000319470009379B000241EF001145A00002B8FA00021FD10001AEAF0003842F0001D5B30004726500030D940001BFA100025470000DCADD0004AE1700019EB80001D1A6000322710003F2690007C45C0000A00D0002FFC200012482000F26660003C99C0005BE4500012BC40002ED2D000471D70005CD7B0002449A00031F100002A6FD0011C5CA00017CD5000266E40008A701000267A20001AE4A0003BC200001978300014D22000263540000DF2E00013A4900016C5C0003A8CA000120A2000923DB0006B3130001DF5200029F5D0000D1A9000506D8000C9896000272F20001DCE5000210BB0007584600018A5F00046FF60001364C00021F5B000212640001A9E8000213A000010E940001062C0001F33600019CDA0000DDDA00024DB8000245800002FF2F000218190001C8E90002C21C000447600001114A00022B480011815B00057A0500016CD000049C4000020A3F00024E490001FC0200038A8E0009867C0000FED60001C8070008EF580000FAF30005642B00016FD30001017D0002BCFE0004828C000134A70000DCF000015DB30001D3D80002DF01001074ED000264CD00019B1E000A40AB000137C000027C8B00015F8F000134F9001183520001E1B000010BB70005903E0000CF520001D7F200011B6300016D2F0004AA0D000278DA000473C20001547D000686D40001C95E0003F3B40000C1190000C9700000C5C20002193000011517000219DD0002CDD5000565070000C1550001ECE20000F1AC000448650002E7D100020B430002D335000498E6000BCF0700026DA90005DF9D001213130004B8980000C1EF0001FF050002202C0002B5590003334500020D080001B11A0008320B000DA5B9000227FE0002751D0006559C000382000001EBBE00018EE30001CA230003CAAF0002215F0001630200023B2F000507B60006EDD30003552A0001F23F000148AE00028A13000235B0000148CF0002BF7B00090679000B6DAD0005324E000311580004CE0C000527E900043223000386C40000D2E10001A5AE0002139200022FF2000152150001C71300052CCD0003D79A0001A4FA0001F8F60003165200013DF60000D7C8000EFE11000140880009C70B000221A700024D7C00034F6600111BF60007820800048DAE00010F21001046470000E3640002B2FF0001B33D000169A7000189AF00012BF00009B80C001179A100031ACA0001221D0004BDEA0001B0050001E8EF0005B1E30003ACD60001EFC50003DDDF0001E934000300F1000418CC000151BE0009EE470000F593001174C000012AA20002D69F0001601F000352080008A0D200026E7D0006AE2300111B2E0000C12B000B19EF00031A4F0011C8FA000120170000DDF50009A25700037B7200015A05000207BF0001E1F1000174220001482D0000FCED00039225000139F100077FE9000195D100024AF70002059F0000DD6F00020A28000A3159000281EB00009088000BCED200013A0300011E6D000456520004D3460001CC1D0003F24C0003399B00040A0A00044C0D0001BAAF0000FC8C0001B0F30001129500010A440000BD8B00016062000175C900010011000A7C7500015FD60003573B0004FD8B00036F1D0003BE4A00012B7B0011E79E0004DFD400038EC40000F9E90001508C000431E40001B4770000B0D4000129E100028FF30001172B000AC8540003711300093EFA000268310009B1B500027B7D0001783C0000CED000093891000161E50009CDF10001E34C00015B87001037920001A7FF0005B6060002379B0001B6AB000240C9000133E000013A270002A1DC000131190002EB130003222E0001C7B90002BD4B0002B1C10000F0F80002B42F000376030001E0C2000171300005A6B40000EC43000172010002F5C30001F369000136790001D5210008FCB500016BB00002D58500025ADE0001821E0002FFEA00033D9B0000C37D0006D750000175EA000247740009FA250003AF8400015166000439CC0001BD8A0000EDF000116E5100022FC2000657E10001C8130002D3C900019C32000186D40000E9BB0000F20400019238000133F1000224790000E89900045F7600028ACF000285D50003D9F0000251B9000429930000AEDF000395DD0001EF4800026F1E00014F7300012E8A0000F20C0000E6830001DD880004CF3C0000D4ED0002BD77000586B10002309D0001D2A00001C0B600010FD500037E07000187270002243F000158D60001DAC900027DA00009BE560000F76B000206530004552F000124DA000373380001102100014A6900013DE000014F8800018BF60009D9F70002885D00037A330009D1EB0000D3A00001BD890000E40C00017E760001C09A00012EE5,5120
11,0020001000,5,0001ADEF0001FC5600054723000123370001BB940001E79D000393B10001EDCF0001381000024A790000E79400020D320000FE680001820C00059A310002B4A40003169800141037000151B5000227B3000130330004781C00064C990001E392000173570004B63C0000F95C000A8536000202B7000540A900017E2000016CFE0001D3CC00053465000163960000B7C60003F0A8000224D300026AE20003CCE500015DE600138AFA00039C57000354880001588F0004BEC8000222F50005DAD30001820000017EA70002901A0002D8BD000214BE000457F70006D7AA0002FEA6000254E4000225A9000391920000F2450002D78C000189CA0000ED650001A02A0001458B000178060002CD840001CD5E00043C69000179350002C2BC00036C78000796B00003585B00047BA80002393E0000EE5F0002940800020C1B0000FE55000144DB0001C4E30000FA8000018B70000191260001E3A0000182B90001044F0004C9E6000184F7000110840001666A000263300002747B0001ED640001E5EE0007C1F90001DD570002273800019A6B0000F8C3000226CE0002E46300067DEB00019B920001E6EF0002C7930002B2C70001F3F30001858600028AB30002AAA7000523A20000FD4D0001E1B90007CE880002A06900014DD30001B2800003BEEE0002DE5600028943000146A70001F42300017C43000570070001D6750005BE1E00058B3700059BAE00026F6D00029DF7000123C300013F5100029C6D00019913000413BA000119250001EA5D000144C10001594300059F4600034B1F00032EE600027C6C0001B54F0006AAA10001D3BB000390010002614300034B3E000302870001631200010ADB000338E600009F850002E50C0004BB620000E80400021749000116FD000A892A0003CF780001CAAA0001DB3A00043C4700077C64000213220000F79C000139A5000184720002DE2E00039E2F0000E9CD00036CCA000431F30004107300031B53000101EC000175A1000281790001282C000132740002A45600030D060002202E0000F4FB000335610000F74B0002766B0002E6D500021C550001B30E0001E47700019FDD00019A95000170890002B7AA0001043B000101DB00030AFD0001CABD0000C000000558E70001E56E0001276C0005E33400012D3E00014DC0000392C70001D78A0001282F0001438000014ED60001C315000261FA0006193500032C120001C8EA00015002000347970003C0630001256E0001CD400002B1EA0003D619000236940004763B000237B4000322B600070551000100B900029DFC0001F41B0001A54F00021B330000FD3B0001B3F8000139230001A2330001061100014F4F000120570000F00800012E4C000309DE0006440000043DC300025D7B00014F53000660CE0008F91400046B3E000221220000D9660001A84100016ECE0002DEBB00013E2B0005C389000206540003EFF400018DF9000151640001BAA60000BFEF0001D49A0000C143000723580001D97F00029145000575E20001012C000154A100011A220004DCE00007834200013CEB0002074D00012B9F000104560001147E000412DC000506D100074E0A0002BFB90003969E0002342E00094174000387AF0001B53C00012B750002031E00078B380003E976000391B50000D17500026D6F000382CB00015A9A00014C9200084C6C00019298000101C1000291490005B6F50000B00C000170CC0001B5EC0002232600033F0B0002A5D50001D6050013DE2B00010F53000154F3000106490002AF43000123E3000196210002C72900035327000192A40000D10200015C9C000216180004F18C00012736000249FB00145A5200060A0B0002B7CE00031A96000216F00000F4960002B70E000117E40005619F0003E3B50001910D0001962B0001B88900016414000189DD0001771D0001B7650000FF4F00018DCA000233E40001CA80000664610002A1F90005E5140002EC5300017322000187DB0001DEFB0001114A0001A5AA0001666F0001BB160014594A00050DFE000A5E570009652F0002847B0004275E0002558B00017BFF00020A3F00036A830003D3600001F6B70001467300030561000148ED0004971F00011BEB0006D42C00020FE90001CFB300022DDF00030616000317F900036D2500015A4D00010D120001599B000281EF0001026F00013A3C00021D1C000332400001C0180002DBD10002C32D0001C2290013E91900014BA100016C760002BC5C0004ABD20000F3350003304A0004DDAF0001CA0A0001000E0005169C00013D810002DF5A000185AC00076EE600022AFA00018A19000296F400012524000206CA00030CAF0000F184000A0934000306530004411200048B330006ED3700025C7C00016351000802AF0002BED70002C1DB0001D9CF0003BB2A0004156700025C53001453850001ABF00000E3470000C5A30004971200019FFC00059DA50007D56A0000BFBD0003309D00031EE10001BB9F000171D0000135DA000196F90002164D00021001000659120001AEB1000188F000059AAB000DE28D0007214700069764000160020007C96C0002EF400001C9E3000381DF00048AF900023C9A0000FD4A000142950007DB770001568C00019AF80000FBE90001FC1C0003BD7D00027585000342BF0000C17A0000F4B90003349F0002517C0006C1C7000253870001FF7800032C790000B4400002C00300033BD800015E350002B8380007C6EA0005351B00127D070001D8BA00016C100002E81E001431EF0006B40900036F83000150EC0001EDD50001239F0003F67F0002607800010EE600041CE80001A61D000175310002D3C00000FC2B0002B9CB000250FE0002F76D0003394E00063487000811460002A2D40001248D0002CA350003019E001443E20001D23E000B7FA000032EAF001461BF000130B100021BC60000DE4D000166E800010F3F00018774000130E300034E4700055DBA0003BB2C0001EAE2000423940007F3E90001BC130004D9FB000D05F50002374F0002145B0002B63400014AB4000275320004549B0001218900046D290001A51C0003366C0005A573001473180001A24F0008DE2D0000EA750002649F00014AD1000130030001FB43000436670000CA9B0003439A000789E100069687000178CD0000CA2A00033475000229BD0003C2DA0005694B00016CDF0000F5470005C0B40001F44D00013AFA000137DB000469D0000562E70001D1AD000145220000E07700010DEF0005712100012E880002788B00028B570006484400030B71000112BB0002439800029D8000022FE70003EC0C00011ABB0001D9BA0001D21B0001368C00039490000323320001D259000443570003201600029D520001B18300016BA60001721E0001971600032B09000128350001A03700015BA00002D48200013CC70001670900039B4A0002AD00000287A30002C62400016456000ACEA100017AF6000357B40001152D0001484900022C9B000118CE00020FAA000155EB0001A68C000121DD00031DC20001F66B0004A2880003581600019BFD0000F1B20001199B000168E00004659000032314000234750004EE4F00017C660000C6A500063B110001FA2200015FA0000242D9000186A6000106AD0000B9400001A83D0000E4D500019ED50000D62700013DF100029D89000189630002ABF4000257790006DB0B000111390006271E0002F5CF00013BD9000370860001174E0002AAB400033C5A0001F6190001590F00015DD600018B8B0001721700017A4B000145D4000267400002C8130002C7BC00039B550001219B00037785000472E60007EB330001A36F00016734000239CB00077B7D000657DA000A6E5F00017D0800016BAF000116190002085900019D4600016A3F0002EBB7000134AB00036E78000171740001CBD70001B3EF000318E3000EDE93000130DF00015AF100016F14000223560001D8400002AD690006CCCD0003B2810000DA5D0001EDC900023EDC0000C1870002CAF8000162C80001679E000425D100012C3B00079B400000B36B0001DB3800029CB40001CAA2000159780001507B0006CCFB00082BF90002D9E7000232A70003DD0600026E870001DDA70000D41600012B0E0002E34400014F320001529900041ACA0001D306000398F90001C83C0000FA520001431D00016E9600017B8A0000DCE500027A7E000288B1000173EA00047AA0000138B1000161400000F76F0005F3BC00014141000566B50004B98F00063A7500011082000420E300067C840002FF040001A11D0001C79400025C5200037CF400017D4D0001F3BF000674B80001C86800012ABD0004DE780003406F0001AE7A0000944E000104EE0002F19A0003789F00017C17000191DA0002EEED0005858100067CC70001CEFA001481AA0000C8180001EE6C00015C9B000175EE0003B4B90002B6CB0001AF6F0001E33800017EC700022125000347F10001114B000508780000FF17000427B30000E8BF0002AB7900019D370002794C000188580003B158000520F80003B6150000E8B50001F8240001282F0001872700010E580000D96800082F3E0001B28B0003CF5D000202D900050ED600018C7B00014BEB0001195A0007AF2C0001412D0005D7830001CF4D0002C2E4000156200001C1760000F16F00017E230000DDB90002ABB70001ED91000333880001AFF30001CBBA000180F4000166BD0000E8D90002B211000285CF000244880001FDD400013D530003E8FB00013EA50003E41300017A55000151720000FF45000833840001FDE80000E1530003D41700021A0200011EC30003D6510003207500013B5A0002356500020DC10001F23B0001637300016C2C0001723100012A15000231B3000210EE0005DC23000174DD0001BFF70010983900011A4D0001C24600013BEC0002130B00058B1B00022FB0000435BF00012AC40002A200000477850002933700024D500002677C000B329D00030C190002AA4A000111380002969F00010C7B000219DE00010585000194690000C007000362C50000FE5600021FF70000F0150003B82C00010C770001610600010518000AB90A0001FEA60002477B000143E70002268A000200F00002F95B00015D8C000408290001A6950001DA880002064E0001CB610001EE590002584100018B160001C1CF000727D200041B760001089B000177DF00011D3800011AAE0001CFD10000FFEE000185050009B34C00018989000F998D00015C1F0002A3A30003F62500147EBA00018AE6000109020001411700013F4E0001684F000BC43B0001D9F100026466000377550001CD820003C740000668CC00033261000329110001B49200031932000251E60000C6E10002824F00030D4E0002BBF3000292CA00024A380002682900032A6500071251000326100001ABA60003560D000274090003B5A10001B4F00002DAC8000133EA00025A19000289DD0000E25D00015F450000EF2700025E7B0000C0AD00014C26000131C60001C0F50001458D0000E4B8000523470001CEE90000DB4900030F160001766F0010AFC000028FF50001F579000313F70004467B000379830002074600024A2100011E4C00078B3C0002B0BF00016F3400078CF10001888C0001B1140002CB410001A25000012A8C0001D1FD00067198000237B30000AFBF0001F9E00004C3D000012556000236EF0001D5C30000FB2300041949000766C800018BD50000A19D0002BBAC0001FAA000035335000333640002B8EC0000EEB5000163560001928B0001861B0001726E0001827300021D3600049D73000261CA0002003B0004C0DE0000EE850002116300016954000122F4000450AD0002B54E0002437700058FB10004D42F0003AFA700084D550001448500142C850000F4FD0003F5FF000100C300013E5E0001FE3C0007C10D00011877000C0A330000CFF80000DF8D0001482B0012E8F70002124600026448000483ED000214F3000102D100010DFE0003CCC5000158E50001A49800016A3D0000B0FF001463AE000139E80000B73B0002878C0000B3F00005EAB00003D673000164A00000F5600005D8BD00028E730001C5A20001D88E000369C300030C3D0006BF0000024CEA00008FF000019F7D0006942D000316CA0002CC0D000164DF00010C6A00024EC90006792E00013E33000222DF0001D651000344800001578400013AC5000341ED0002ADD1000368660001BE320005271C0001BF0D0006ACAF0002E95F0000F0A80000F01C0001A0910002D19E0002A32600051EE9000733300002C23C00012347000153D0000110590001D54200014B7A00082E5500035A760006DF5C00015012000497CA0001599700012D260001D7730008947F000165B100015A83001018FF00047093000634970001FAA50001177500017CA4000139ED000372E600023D210000900000015850000205B10000CFFB00016A8700012FCD0000CF8C0002536A00019E4B0002D92200016C830006188B0001C68200012AFE0000D099001439870000F39C0004B83A000122530001424F0002EFD60001625000011D7500036F0D00019081000285150000EFDB000831E3000161770000ED69000242A200018D980006BCAA0001BED700042E59000174D4000238D400024A8D00010E200001C385000268B00001ABC900011DBD000169C60000C7EB00026D150002E3EE0002148900016DAD00018893000145A700015E2F0001793D00016B45000324E40001C53D000192450007CE480001239F00010C8300010E93000143150001731E00022BAE00012E9C0008471800026ECE000F16410002A21F00024A16000147AB000209AB00077992000253FE0000E00700042FCE00014DAF000380A400036A9E00039787000122CF00025D2B00012D6B000B7BB40002A28300013258000113AD0001017E00025A050001C5670001BD130000EF3A0000AF4E0007E14B000563D70005AFC7000164300003459B000469B900018E6A000121E700035D3400031D080002573400019DEC00020C7400012B5A0001E2A30001164D0009439D0000DF330001A3230000FB110001B75C0003C67200040E62000880490003436500040B9B0001DA9F000110400003A37700054DD500042B6F00042CF20003A5690002D04E0006968A0001F5A50001ABA50001C1740000FD100002F05900034E8A,5120
12,0020001000,5,0001AB090010A5100002BED70001C306000252DB0010CF3F0008C69800024E1E0001997E00020A2D0006BA1900036F8F000120E10001858F0002F0A500029D7C000163FC0001FB290000D6DB0003DB9F0001602F0002F9C100014518000938FB00021DF500018FEB0001E841000282550002E0AB0003EC3A00023CE9000103C00001625C00137A2C000200AF0002126200011F87000312C40001C1270001F9070002381A0003918F00016889000285BA00012C360014149C0000F56000020A420006893E00019C1C0002333400076A6C0002E4B90002FC6E0001249600017B11000259620001A45C00065BC30000B08C0002BB48000153B600023E38000115B10001EB310001F1B30001D96E0001A8FF00033CE000019F620001EB0D00019ADF000159CD00011834000152CC00017BA90003974B00042F5900032E0B000860FB00039CC60001C2170003E5180003EAA6000624870001ECE300040C850001EAFF000510510013841B0001D1D4000102600000C0030002B287000134400001A84000018B450003DF640003412100015FED0003DBAD00096E140000F6970000F336000184E30000DD310009841B00024E150004F6370001BB030000F9FC000B5ED60002CAC90006AC0D0001F1E70003B3DB0001735A00091A930001BC3500012367000179940001D0F500014699000C14D9000121810002022C000140EA00012BE70012A1A10000E8DA00074AAB0005C0F7000250650013E8E20007341900032B460001954F000251F00001945F0000FEAF0001D9EB00042D0A000562DE00079D110000FB330001BD340002C291000321560001482D0001AF040003E88D0008EC73000176A200137BC90001EB3D000102FC00011A8D0007F42C0004FF510002953600023CAD000F267D0001546C000131820001B521000125080001BA490004190300036A2C0001180300027F450000D4BE0002E0990005B2AF000398320003565D0003E3BC0001D7290001FDB80001C821000488A800030F21000206F50001710E0003A7CF00020523000121040001926B000807630004222C000299BD0000E1C4000202290006821D000289CD00022A35000341370007BD1F0003E82F000218030002B9C20012ECDB00014B7D0003D3B90001EEFF0000EEB40002A0580004D84200019152000690AC0001998D000119AB0007CB5600059BE000011D9F0001A3730000DFFA00015B60000ACDF500048E6B00014446000120FC00061A9600054725000215F60002FB330001ABF5000296890001EB9C0002B0710001E16A000217310001515C00029D4E000577C300012C000006DE3200014DA800078B4A000209750005485000011F170001A6F60001A78D0001D8BD0013747900018C5300056B0D0000D6F500136CD10001895D00017B04000894EA0002C56B00013C300001256F000167300001E99600021CBF0004873C00032CCB0013D471000400E60004AE60000618EF000409B10002557F00027AEC00017671000548F800011E3300026B9A00037B6F00016E530000EFA900023F550001826C0001BE5F000551C400013FF30002F60E0004224900018F6F00025105000258F700025F47000383ED00011E5E000121190000D0C600020B7E00038609000229BE0001CBF90001388F0000DD90000A07B7000198F00008E90F000118FF00016760000147310001AE9F000176C4000178880001C7820001A27E000136E7000165310004A0BF0001AC3D0001EA120004ACE90000DCB10000F5B50002055C0000F8B50003363C00015EFF00024646000159E200015EA900020B1F000346290002453100065A4700013DE40004239A000158F7000F496F00021B2E0002208C0000FC320001C1BF00015B0000012D710000FFC400024A4F000253C10005C8B70001160400070E2E0003F409000146010001E6F80002099700013CB30006D6200001AFC30001D75000014833000150BC00015D8100054FFF0000A0020001BE100001D1F70001557C00033FAB0001FB420001971B0003E8B30001EB8B0001A8FF0000DBFA00041F5F00017EA50000FF8900018CFB0002DF45000806420001023100034A290003F32A00041B920002D0CB0000BFF300014E880000FAEA0001A664000125ED0002055E0000E0FF0001EBF70000CE2700012D7300046AEF0001B0400002A0490002C07800013A93000248160003A0BC0002C6990001AB200002DD2C0000F0BE00028E20000400A00001463300026492000287C700033475000361A700012320000243A700020A2C00021FAE000126490010A32D00010E150000B68F0002E9460003695E000238C70003D9B900026826000184DB0001FD35000215080001C93700020DEF00011FC30001EFC00003BD0B00023EAE00012E8500019F4C00014442000110FA000471AC0004B2E800019DCB0001BA9A000172C40001B6940002C251000309030001039F0002899C0001B652000153D20001420300017B97000260830001DA1C000109D90013AF180002281100071BF90000C50E000182510004463100041DFF0000FE650002F0A5000281CD00136656000467190000BCCB00035B640000F2D60002E8780003218100011D1800023B820001BBAD00022EFD0003ABD4000167150002D2FE00099B8C000133810002E6A0000260190002C8B30001E55C00015A1C0001DECC0001DEB60001014400027C830007003E0001742D000187B30001207800051B500001C4EB0007672E00027E000000EA6E0000F0EA0001D18900028CD100016E200000C2180000C92F000DCFCB00015F1A0001E2C70002EAB100025656000188B3000406BD0005A74300008F900001B2C6000125E80001BC2300027DC000013B4200017782000187AD00016119000275A70001021B00016068001373A400028A6A000121DE00008E2200015D9B0001D2D600021059000825320000E06800063B070001DC2300034B4A0004EE7B00013B530003C4BF00018AD00006440C0001FB600004C00500061E23000186B2000168D400098B910003BB290002DC9E000120C30002C3210003A0AB0003A69900014B940004B9650001CF480000CE370003D56500016C570000FF510000E0FF0001A97000012AFE00019ED5000650190002B4D3000297E80012DA3200077B5C0004BB80000492610000E0CE000204410002DD63000155290002FB8400019A1F000360C40003420B0000FAFA00038F4800013CAD0002E5BB000100780000E3CD0003A02F000141F700011054000D255A0003B15400022FAE00011A0A000DF36F00018D9E0001647C00022726000107950001F5020008AC770001216000016561000110A40001AE4B00048A700003B37000052AA80000B4C0000181F00004FD4B00016D2F000315E600023BD10001C563000364B70009F14A00025EDD0004A4F50000D8580001F1C10001628D0003361F0002448600077BC90001655C00136EAE0002ABA000030957000185E3000260910002F662000A8A140000D03B00049AB500018F75000501CD000218C200016D94000249350005773C0001D5020003C4F400022AEF0001739700010B690012AE9E0001030800036F6000010D8F0005DF1100046C3D0000EFCD00020B19000283740004FA5F0001F0450000D045000172460000C00500097C7B0001AE3D000117BE00012AA200032F420000D20D0013997B0004F59700067A3C00021F7000027CF900019C11000546FA0001D6510005FE500001B2CD000307400001573A000351060003A6FE0002B7E50004F2E200010B850001624D000219000003B74B0002A97A0001024000021F270000EE22000224BF00020BD50005B8A300012225000195F90002120E0001C9BD0000C09D0014001100023BF40004C9BD0001357400048BEE00013BF600078B380001B9BB0013771C0000E3E700030CC20001E8860003D2E50000B114000373600001993C0002309E00054578000252E50001FED8000106810001558D0004274200031DDE000155D90000DE9A000270010000DF37000247DC0001165B000171A00002DB3100053E08000169EC0001338C0001026B000477B700039CBD0001B06D0001112500016FCA0001900200015560000690B00000E080000458230001376100017E6F0013EA9B0002C20A0006013A0004FDF8000158E60002B4A30001BFFB000BA2E30013E6640002131E0002ACAC00011D5100025F550001AAD80000DCEF0002A20400027C1F000162EC000367090000D74E00024092000230E700016148000169AE000EF6FF00012ABD00015E1D000333FD00042B490001701900011AAC00013957000523CC00036FB60004AC530001645600029FF30007E0F30001FAFB0002317C0001316100018CF100059DCB0001E087000378D400050D8A0003042200099E310002B95100020A39000254CA0006F8DC0001F17D0000F2880002BBB10001782200016CB40000CE8200034CC30002AB740002EA6300096E1400012E0D00034B1B00017B640004335B0006EE46000383F1000329D60000E927000139BF00013EC70011C9DE0000D4B30000F875000117310001BF880005EE510002847A0003829B0000F9C7000F9C1D00013EF90001409000023BF10000AFE20002ED400002CFE000109E67000180E700085A48000233DD00024B8F0000C02200014D360002A037000152C00003C20000018CED00030BFB0002905A0000C35100058A9B00013121000101890004873D0001DAAB0000E47B000191370002F87F000292BC000195D80001E332000162BD00034D100001582F0004343C00048065000156710002125E0000C37200020E920001AA680002AABC0000D691000249DE00013C95000212330002DC8F00022C4500074AEF000167900001F2260001407A000C8FBD0000E46B001364ED0000FEFF000BDEB1000189C30002C2820001B1C700017195000115A2000100DA000151120000E0D20000C00B00031D5500018C19000312AA0001176300023042000512980001727B0002AC6C00019B8C0000E29800025D960001E7A700136BB4000490EF0001009B0001248400017A0900013E9800015B460001242C0001C6FC0002C35B0002C347000168440001407500014BB90004B10D0001AD2B0013281F000234D50001769F0002B9FF0001176800029D700003C0750000DFC70013396E0001349D000207A200023C9D0000D11F0001024F000763CC0004C6620001D08A00012DDA0001A0680003A29F0000CB770003BF490002371F000DF5A500016DB900059307000CCE2F00023509001241D9000361870007629F0000D8790013A40C00024700000174A2000200E8000E4078000146C900013D4C00060631000326E40000FF2300014B9E0000BF45000484780000EF71000286BB000153E40001D5EE0001ECFE0000A6D90001EB5C0000F55B0001D78D0001D7760000D91C000436D90000F8310000CFCC00026E02000149840001A8C00001BCB800075268000157F30004113D0000AE9A00021A7700033D5100029DD70002D92E00013B160012B62400036C780001A50A00016591000196940001E7790001F23F000390180002F61E00021A8700014C110002044C0000E4C50000D1880005CA95000303E10002232100075A24000752A700044803000123280003799E0001D80E0000FC890001CD2000015FB800017A560001A6270003475D0003114C000129BD00026B6E00020ACF0000EEA6000862A400032D4C0001DF0A00083405000161BA0001354B00135C5500057F05000117FD0002F27A00023E37000359ED000269280001333E00137FA2000174A600012190000272FF000310F300010F7000025D5900020A97000142410001E82100023C6D0001840D00017F6D00012617000149EA00056A850001D45D0000FB520013EEAE0001082E00037D3B00015B220004CDC200013A6A0005BE4900017D7D0001E8790003853300020D2E00016F3C000243A000024FB600040E2B00016D3B00012ED2000179010013114500013F3500015119000175850001799000015E420004D5FC000935A900024BD0000182D70004539D00011A4A000247EA000494EB000F7F7F0001700800084BB900014E8A00032D050007E63F00016A29000195A10002ADA50002B21700083A9D000520B9000855BA00014F3C0013B09D00022DB200017032000427D1000350100000EE5300019D3000014AD30000D10800017C7B00014385000128CB0001F2B60000D6990009ADAA0001A573000193BE00029FA50001433500014929000151420002FED40008BAC80001510D0001703900027493000181DB0006A034000338A600027E540001EEE70002EFFB0001B9620005C4F80001D1AA00011D2600036FAA00018BE300044BBC000B71FF000690E20001BB6900010B0200030DDE0001948B0001908A000383610000F13A00127E7D0001200700016EB6000177000001F82A0003074A00016DE200015ED500017CAE000384720001672A0003066A0001A4900000CC110002068D000221080009B02A000151F10003C35700085AAD00028B20000116AB00024B7D00024F5C00013C430007F1260000DABC0001200B00097E7400063FFE000320BB0002B29800046E7900053B1F000112D000029A6200036EFC0002319700021B8B00016013000169D20000EE66000332D500019AAD001357CA00019DE2000380E60000D057000515780001965100038E7000037AA90000B002000297AC00034D8D000673FF00035FD9000119430001840900032B2C000407E800013E81000496860000FB580001622600011D6D0001247F0000FC670004867500018647000546A60000B0D6001381110001340C0001ED860001F08B0006630D00013A1100025EA4000303210001C1B40001B6150001E9D10002209B0001DA710001D3600002A81A00011F0F00044F0E00043D5800017C3100043CE7000281740007F1B00001BCA0000168400000DFE800074ABB0001BFE700011165000293A600022E4F000210C300018133000194CE0001DB500000D43E00029F5000015DC90001EE850000E4B8000138A40001F5B100011070000240FC00011DF00002F80800018EC0000A142600030312001387090002E0FF00015FBF00010E0F000324AC0004F72F0002CD2D000431190002B1C10001A419000826B90007F872000927A80002A08E0002CD0F,5120
13,0020001000,5,0002298800041A7800029D48000258F90001275500011909000677E80000D3CA00012E8A0002544F0001C2930003E7C10001D2BC00027A0C000224B70002856B0001A3C600017CD3000133A200024F24000191720001E64100023FE000016826000138BF0005C53F0005436F00037D5F0000F59300086301000126F400029C330005EF4B0001912D000347EC000732A5000241C300012FAA000417FE0005F22000054B32000392A700048B160001D03F0006E32B001467A10007193C00026D4600019417000100DC0002E693000370890004318200013CB30000E074000208360007C6DE000630030003ACF50001783E0001B69800033A56000171B40001BC2C0002A1E7000148BF0002F1290000F030000100860001881600014B090001572700018CB40001D1EC0000DFF100014AB8000231D200015EE10003305D0003D6FE00027E520001745D0006FE190001C72900053C0400079A720002AEFD0001600900018BAC00040B320004C6FA00015C0C000379A00013E00800019AD90003475A0004A5FC0013D523000135C20002BC7D0002373F0002364D00035DFC0000FC2F0000B2C90000EF2C000256F00001C0EB0001CDA6000345D9000119010002D9AD00075A9F0003FB650003C6610002121B0003A62200009FDF00013B89000128000000E2CC0000DFE80000CF5F0000FFF000035AA900040E3200048A8500035C830001CB33000449FE000270A1000199350001E7240004687F00018044000833EB000122E20000CF570000FFDD00008EB00001E8620013ECAA0000DF1B0000E39A0004350D0013DE7D0002D57100020621000125E00003CDE1000122040007C1C9000165750000CE72000200F10006240C000113590002A0040001EDAB0003A3490001DE0E0000E89E00016526000500590006C5A90001E1E300011F260000F20F000195BF0001EF3A00019EDE0000FA1B00028581000376E30001F7A10001CDD70000900B00012A8C0000EF3E00026C63000124F20001EE900001355400043D640001417700026D3C0001AEA200070C150006248A00021A000001929400009124000100D300020F4900014214000271FE0005CCB6000149BA000386E20003613D000218F1000163E9000158BD00019F12000161510008556C000116070001D932000690B0001386250000FD740005AF9F000202B80001C2110000F82D0001FC300001E2400013BCD10001FB6D000176180000FE3C0002830200015514000257E7000241D80013D27B00023A1600028B36000129DD0001591700012C0B00011BD00000E1AE0000F4A000018ECF0002A5590001025D00060251000126F20002636E0001C67E0000DE0E0000CF970001069F0002DBB700048BDC0001071D00021907000182AA0001B4B70000D1820000E25E0001F5E50002101F0000B04600030F060000DA090000D0960001153000041BCD0002EB120002A78F0002919E000165040000D102000297690001B8F80001AF290001468300014F8300023BF7000298610002578C00016242000102850002467000012F8B00015055000134DF00068F6F0001249B00033CC9000379EA000281B90001CDDE0006AE8900055024000181CD0000C281000325AD000106BD000299650001E5BC00014B6B0000E7AF0003B5530001CB570003D6260002CD1400021B470000E0750001C40200013C39000293D40002AB990001054600013637000131820000A0000006D4BF0000AA0C0002005A00022A2100025C410000C21F00024127000141480002CA05000719540001FD4F00080FB50001C1F800019CA10002B00C0007F7A700139FFF0001657900012A780001B13400043C6E000141970001D085000231670000E1320000CF6F000200CD0001331000011983000317F400027D08000604940000D5880001963A0003687E00012339000238C50007B32F00026F7600013C400001A72700063F160000D0090001B4640013A33200025C910002F695000223BB000196AD000171C20007B4CB00025557000152820000B4140000F28900031A7000010DD8000196DC00020DE2000159DB0006C05000012B640003E98C0002BC0E00022B920001CBFE000216E5000208E30002FB67000104990001B694000215FD000280E10000E0060002231D0001870A00034B550000CF5800049291000160C2000182460001DE4D000224BD0003E2A6000263FE0000E06F00015EED000420430002160F0001A6A60001EB7500019D460000F3B10001976C0000F8DE0000C00C00027D0800014D4A00012F840003577C000231B0000166C60002E3340002A9D300010EEA0006F09C0003D0F600011AF00000E11500016528000357080001A4300000B0020004FB6A000812E20003FEE00001C1480013261B0003F203000281DF0000EE550001144500018D8D0001D01C00024C5000028A5A0004E1B600018312000188D9000259AC00015C9A000778BF00011CE50001513A0001B9D70001884F0007D7B0000181DE000149BC00026BDF000212700001EF9D0003A3FF0000EF91000187800001922A000256D300027DC00001D5D90002DE89000405EF000316A9000322A0000200670000ED7E0002FA530001887B000408DC00033859000151AD000272630001B5900001ABF8000135E80002839E0001401E000231AE0003DEE70000C00700022BC00001BF4E00012FE80013A4CB000126E600016F1E00024CFE0001A8DC0002C7B50001A7C4000180C00002F956000130A20004E08B0001219E00030A8B00041CF8000660CE0002492D001283EB0000CD090000FDB10001F8650002454B0002BF23000134A80001CE9500018C180000C13500046DE10000EF2F0000D1410000F6AE000183B30005A43800024E6E0000DB570002E1030001531A0002769E000161910001684200013F3F00014BBE000224B80000E2730001D5DE00038D370001ED880002658C0002CA7F000315FA0003AD1D000348AC0001633600017B1A000176770001507D0000E6D0000263B40006F7680002FF650000CF8E0000F51C0001A99B00043CA9000214DC0001E97C000333A1000B41860002045B0003D944000614FB00031DCE00026C5C0013716000059600000203B1000189260003ADC4000324E4000457970012970A0005058F00025B050003C2B50006F7AE000449C300035CD500027AFC00044770000645E8000286170002D5790004741E0007052D000201750009B9890001B9730011E8080001242700018CD00001D145000417B70004CBBE000321820002EAC6000E22EA0001F5D400013CAD000220F900036AFF0001A56400066ED400012D980002C2B10003D05600028E2400026951000381650001CE1400014E280005494F000129250003025600018F8C0000F818001034830000E1600001048A00026025000251F00005C93100127A15000251B90010C754000196110001C47E0001635F000621250002180B000100D8000617230006003D00010F0B000179620001381D0001CB98000394C2000208EF0001ACEF0001A5A9000206FD00059B5500039681000322A10001D5950001948D000309CF0001A45A000155580000F6B40001D91500017BB400015FA20001962B0003833D00022B5400012304000277C800028F6500017DB10000A45B0001D25D000724DD0000EC2800015A6F000140C90001613A000253560006747D0001324F00016DAB0000F49600015B580003EEA90000DF140001F9D00002B2AF0004E6E20002CC19000559E80005DCD500015BD900012A8300019BA30002633B0009AD76000450CD0001F28C00011E090002893F000777250001293800017039000161A40001674D000299CD0002AE2900021C9B00124E910001AE4E00016D56000569B700017A8700010C7D0001104C0000EFCF000148FC0001B28000016DD9000130C000030D080003C7170002C27B0004B60000040FAE00010A430000EF6B0001EB3B000164AD000153A400060FA3000149800000D662000CEA4F0000C90A0001167A00015D0900020B720001B08D000108150002B7990001FD970006925E000104910000DF5C00029D5A0000E2C500019D8C0000C72D0002FBD90001132D000160620000EF8D0001632B0001F0C4000114A200021C4F00027ACB000264EC0004E657000373070002EB860001EE800001919100013C55000318EE0001EEBB0001247F000580E8000185F5000293B30000B62800015FFA000287BA0004A3100004A4130002D2B0000177AD00016F1D0000EE210001882F0002F469000130190002B49300018CD30001130A0005DDE60003A5C6000123BC0002999C0002594A00016C650000E0640003E8360006FB3000024DBF0001792200022AA70004D2AB000111CA0001AD4B0001C99E000106CE0001F0CA00018ED700021D9F0003D6000002E0D10001279800044DE80001248F00015FF80004CD970000FB7F0001335C0001BCF10001D03B0001DD7400069B310000F2E600046A8E0003399A000155F300017BFB0004E7D700021263000437E6000118C50003340D0001D4600001364700083D710002B67100085AE50007134700011AE50002865D0003B8A2000122FC00013ABC0003F0440011B53D00010B5600023F1C0002CCF7000BF35B0000DEA4000113B90001E2CD0001A05300028D99000181AF0001567E0001283C00011F140002252400013261001471AF0000F0BD0002218E00021D870001CDD30006BDA00001F3320001AEF90001E3260000E685000215880004D95900026737000278400003A8AC0000E66700148F7800012527000441310001781E000113F3000148F70001C1620001ACF1000156DF00026CD90006453E00018A0B00036576000331110001E69C0003853200012318000217910001FF800000DFBA00030461000125380002F70F00024DE600012B5900072192000B4E1B0001C3F900019F130002892D000935770003AFE500028E220002D517000253930001422B0000F86400018D01000281F500035B1B0000E39A0002E41C00017D600001C3650002B31F00016C7600020F9100039FBB0001E4030002C9330002384C000140D60001BE75000903720000D0650001AFE90001C57A0004061F000241100001C94100017530000125BE000247320002270A00032DCB00023936000163A10002458700054D4700018363000481650000C0CE000105900002752D00014AB20001FF7B00032167000110830002F65D000180020002BB9D0006426D0006574700016B6A00019B640001E4A50002B9DB0004CDE300014C6400017DF80002A189000222B100037F4100071D170002A92C000707E40003B7420000C8210002BE64000080000001FF6D0000CF10000157BA0006ADA700023DA8000564C500049FEE0000C91600015C6B000350670003C09C000127EF00024AE40000B18E0001495F000160D30007A07700019DE600010DDF00010ABA0001A4B60002FE9E0004BA85000104C8000295450004C56F000341900001899E00014769000192E0000606D800057BF500013B170004FD6C0002A01D00016B1B0004D5A30001A57100014AC2000190750000F2720000F0AC000166770001BB890002B80F00016BA60000E3F5000182B500026D360001ADC5000172E60002606300016F540003A562000182A7000257610001C6470002A81100057D450001CDC20001C8EF0001F2DD000171AC0002127000017873000487220002D76600029EFC0002DE4A0001431E00023178000235ED0000FFA70000FDDE000126ED000641D100088B100003E4F70005FCC40001F027000202610000C9F60002615900027CA500016CCE0001EAA30005FE0C0001518300011B690001044700011AF000014B430002C834000156ED000168B5000112E2000451930000F9A3000419C20003C9FB0000EEDB000290EC000107BD0001029D000090100001331100027F410001DCB30012D6FD00027FA80001A486000183270000F0D700016D4F0005D93F00018B260006C8CA000151A60001ABD50001358F0002C6F300012ED8000370230005F1C60001EE37000337A7000DB013000156260001D149000279B100016E7400017D130003955F0000FED600026A070000D19100030B14000135CB0001419000010EB2000167E90003B8670001D00E000133EF00023E210001A4AC0003DE1100020F180002784B000109A10003890900029D1A000254B8000243710001766F000141DB00021F7C00021106000125A40002F5530013D1260000CDB9000240530002DD810007A74000016DD00003E8AF0001904B0002E37D000447640002319C0002823C0000D11B00028C4800034FC90004F8DC000108FC000124690005511F000265DC0000EAC900014C99000521E0000261270003DCF100026486000216DF0001DB5C000197CE0000EBB30001503E00009FFD00020BB200033B6A0001620B0002A9650001B84F00082F7F0012694E000105080001553A000144930005F42000012F1000012F3500013CB30003049A00069F0B0001A22300009FE9000145600002DEE30006F7AA00053826000148C40001E9C100012DA90001170A0003477700013DB2000229F300012B7800097F3500026DBA0001C8A800039A820001C39F0000D5350003179100058E8F0002091A00028E5A000803D9000256D10003DA590001B9FA0002FC2D0000F88B0000CF79000109050000F46900011CEC000223A7000465F900040CC000011A8B0007CC2500027A350002C6A30002B80B00019A2C00064A870001CD6B00015DBC0003D26700025D0C0000D9930001F1DD0000EBFA0004FC79000388810006160C0000E304000462C70003401400011EB70001AB7500022D060001D5A80001FD7F00010D23000264E400035DCD0005EA730001984C0003E66400018BCC0001F97200044F720006AA0000018E2600020446000158E80002C53A000211B40001529F0002A9890004296900019E320001E2480001A0E3000BD1FB00077C680000F8170003360900052F690003D9BA0001F98100026EAF0005553E00012ED300012E8000014C9200016336000467E3000123550000DE44000134D700014EF9000287C4000762DC0003CEB00010BAC90004ACCD0001B204000116F80002B11F0000E4A800010F0B000364AB0002982C000264180000EA2B00011187000444A00005408200019A70,5120
14,0020001000,5,0001493C000347390001C7400002DC790007CD4F00044F22000218C8000393EB0001F98C000184BA0002E55E00026A6F0002E4F40002E9670002D7F300053A540000DBF30000EDE90002B21E0001B82E0001BB9A00010F090000BFD3000259AE00016FD900017A7400031E6A0002E9A30005939E0001A54A00026F4D0001043800017236000127900004118900031AFB0001241C0001F6C70000DEED0003686200025DD3000275220001ABEA0001FC330000C937000A10CA0001B8A80002AD68000118A000150387000167CB0000FEA300060B26000431C40003F03F00010E7B0001853E0000EFED0002122E0001F7620006DC8D0000DC4B00018FE60004238300016594000200920002FB030001AA140001D54500025664000189AB0002CFC800026C3800053FA50000C32600034B2D00014BE50005CCF10001B56B0001CC09000290DB0000B6E1000126690001B62C0001EBDE00015618000208FC0003135B0001235300033D2400020AD40000D470000109FC000171B7000246EC0008AB590001997F00072D4B000115890005F29D000307780001DFE6000510A60001007A000184E90014D5EC0006C8F100012DBB00014DD9000308C40002EB0C000628DA0000A2CC000C1493000147D80000FA78000204E80000FF710003E2CA0001BBD00001B2A2000193DC000126A40009BF070000B552000286010000F520000277B40001AF760001BB7700023EAC000D5DED0000FA35000177DB000103A10007BD4B000151E20001EB410000AEA90001D4EE0001B87A00034F750005F2AF0002B60D0002B41500018C9300017886000131E0000191F10002CF9C000235D20001B6A100060D65000B915F0002205700013FFC0001321900017337000648C90001E8FD000247B70006E6B30000E5040003FBE400008F570006AEC600036A6C0002C84F0001B3370003269F000184DA00036998000196DD0001AABB0001B1970001CB20000144CC00112CDE0001D507000578E300011556000113000001140300010D850001056A0000F0A20001A4FB00045A020001FE8D0013C44B00010FDA00056C440008B8F8001461A10002F9910001B5C800019795000932CC0002686E0000F01E00013D8B0002428F00010E050002AB2D0000E971000F0DB20001D2DE000A48430000FE6D000344400005E04D000288AB00081F19000145600001101E0006E6010001D81A000291EB0001F75F0001E20E00017B48000223580002AE5D0002C1F90001E9AC000204C20000E49C0001AA2E00071B2D0001F76C000170DF0004D73E0001B9430009689300018FDC000180D100020FE7000381260001EAE4000105960000B0CA00042EE30001B91D0000E20700014A08000576C8000335270005F3F90001559A00040AD90003992C000184E70000FBF800011BCE000182200002EE4C0001B74D00012EC500013B9700036E8F00019FA90001627100038BDA0000BF1D00020DE20009135200010A2E0000D0220000F77200038DF50001A7F00000DED300012D960000F697000675E9000582670001619700013E0E00014E460000E16D0003486800030073000317C80004DF490001004F000122E70003B53F0002E8FB00018403000106BC0001418E00083CC50001C31F0001A46900024DE0000284B70000B0170001D2590000F4DD0001CCBD0001A8F50004C7330001146800020344000678EE0001F60D0002DF940001001200091DC00004B99B0001400000095AD900010F640002D8CF000301F100016BD70002002C0000DFCD000193F600010F4D00025D6500148A6C0000FE9000011A35000117A200022E370001D78F0000BFA90001627A0001402D0002EFA800032F570000F22F00025EE30003A4BD000518B10001380200012AD3000108D9000120150002C8290004E66E00025A86000D2D64000553680003597F0002530800020A310003EF0300053FE8000156C80002B37D00034E30000208430000EC0300017FC400023E89000406310000EF41000555510000AE8500014985000161130000FFAF00012D870000F8970000CA8800025D3A000A0AEA00033AE900011B85000180390007FAED00029EED000750B90000ED8900022D750003AB0B0001323500018D9000050AB90004CA3D000201C900019A6C000492A8000172CB0000EEF200040C7E0002C4370010DD590000D0730001334000056AA30001C9FF00021A3D0003E7510001D3070000F5460000AF710000D63E0001BF46000447840000FC3900060EE00004C3AE0013D3300002194900012DAE000492C10001B90F0000EECD00024FDE0003CE6C00029B950001D8B6000FAC73000139850002661B0000EEE900015A170004424500022B190002C893000161560001300B0013D360000229F50001F466000599290003829400013FCB00022D4A0002620D0003120F0001B4FB0001989A0004B7F70001D4830000E0B90002DCCF000283CF00017F20000239D7000142BE0000F4B1000248B4000230F00001FC560002704B00015B390001363C0001BA7F0001AD7400011C850001392E00013CA9000399D70002B7350000F2D10000F6A40000D8CE000321B9000148F2000203000004B347000137C700013CFE000172C90003318B000301660001BEBC00017F7D00027ADE000249770001362400023B77000157E80001B58700024DAD0000E025000612B00009EB0600019D8300032FAD0002BB7F00012C3B0001EE2A0000C9900001816F0003E8C10004D10A00015D9D00032DE70015124F00010BCC0001529F0001FF030002372F00014E6E00017FAF0004EB9B000137AA000265FD00015A3100022F11000296910001FA200005DFBC0004C5ED00023DDA000157610007EEE300018CDD0001641E00012040000160770004A77E0001CAC900024E78000745490002C444000175AD0001EC9D0002E53F0002C5C1000150F200021D08000186390005B76B0014BA1400042703000A7D390002445C0006733E0003E565000111EE00010163000164E4000199490002D03D00026C2100010401000252AB0000FCBB0002CE2900036C6D0001130D00047E130001B4A30002093F00013E450004482E0002E80000013AB60002B8080002914A0002F73C00013A450001027600017ED80000F8FE00068ECB000635270001194E00050A78000564C20002438000027D0D00030FC50002221B00051054000115D8000157A80001CB5A000159E1000227A90000DFDB00011E050001401600022F73000723B200011CE100010694000141E20000B0190000C3CF00024EF700014DDD000236C600151AE90000BCC30003AC8B0000F6FF0003CF4A00048C5E000176EB0001A3CF00018373000547C0000349150002145A000214F2000292AE0001AD2C0003DB230000E77D000313D7000A10CD000297830001A33F0001D1BB00016AD60001409F0001FE060002950D000300D40001273D0001E4B70002E8DC0003943500016B5400020B210003EA54000194AB000323AB0001E4370001EFDB0002110D000149D100033A5F00018B6400057ADF0000ECA5000227AB000159790008F8070002682C00011E88000199C9000111F70005AB470001176200017B6F000143510001C2FD0001CFAF00027CAA0002D2FB000242F800013D0A0002848800019A710002D541000C727100031BD9000268940002169D00022E2300011756000164B200025297000AD9D80001F02F00011F0D0001B449001258350004B40D00074C8100063DBB00026FE7000189FD000289E1000139600010F0A600065EF500039F73000276190001CFB600011A560002EF490000F6C30001D2340001F6A5000090000001DDB00006671E000172F80004428100027CE700033F6B000260AF0000F29D0001117E000187BE0000EEB50007BABB000376F900026034000227920001896A000119180002F3CE0000D5C8000496540007AF96001495DF0001DF8C000954220004289C00123AEF0001621B00035D8700028E6C0003086E0001110800027171000323F700032BC40001B0B00004E9B20006387A00013E6A00011F8200029602000129CA000C5C7D00010F2A0009FD6100064D9E0004BCBD0005EA6100029D4B00053C300002074C0007004000054A520001DB10000257D00003454C000622430000FD83000501BF0002B3350001AB780000F2920000FF2D000162400000AA6B00067FA90003E9A300063A1100026B5200010C470001B10100080C3400014B4300024D670002DA3B000250900000D1CA0001ED050001CBC70001E2AB0001E31C0001B82600012D01000634620001BE8D0001F6E6000260610001733F0003009100023982000191B5000289260007C1BC00036015000103570001CF2A000117C80005F5C40001C28D0001ACF300052FC100022BEF0000DFD50002A8450006E20900011CFD00027C910001E11000045ECF000131D70001663D0000CF840003C5D100065447000245480001102A00051AD30002A83E00025DD500017FD300020929000180C3000242890002FAEE0004900D00019CB40000A17F0003B168000161E7000375AB00013D830000D02F0001762D0000C0B0000195400001D4C10000EF980003E668000191E20001204300030E8E0008268F0001A8AC0000F9C00002CA670001405B0001666900020B690000F027000122380001D8C60000E0E10003425A0000F5210003318D0002CAC7000129890014051200057601000582B60000E4C50002E525000230C400018B5D0002D2DF000239B700146FA800013E23000440F60000DF0E0001574D00012E300001AA7000013B0B00010CB800042DE800020A5300014F2E000172010001212D00031F220002602600014AB9000118F80009B98300021AF90000FA390001A9580001B8230004A6C8000154DD0005D243000715EB0001ED1D0001DF490005D43B00084FC800056F3F0009B8F70000B0A4000138660003562000150608000117840001C51F0002FDEF0000BFFB0001623E000276B00007A09C0003269700041E2E00025BB90001E3D8000BDB0D00048BC1000223AB00011B07000423DD00019A3F00031D3100018C3300022A040001C110000551EC0001C6250001850D0001A56C0000F74F0001253B0000F3D30001786000070BF70000DBC4000100FE000152F100058F8E000990640002D0860001D4850001565500067E850003FA2D00017C2E00019E5F000245DB00147EA0000324F3000119C7000402550002DEBF0002A01300040B470002E64500016742000213EA0003FEEB0001610D0001C1D10000D01D0004682D0002F941001470610000EF9C0001B50E0002B56B00028367000206F5000889590000FABD000117E9000174670002C39E0003F43C0001896D000130CE000119DB0000FFD30002E1DA000382A10000FCA100012C5A000FB45D00032145000BEF980000D2AE000323E60001432700049A9C00025C0A0001501900070D7B00031E1D0001729C0000FE47000174320002044E0006A92F00033C340001243200033A490002494700011A1800011E920003A49600021CD50000D1A50001FB5D000966D50007FF9A0001214600009FC10001AF0E0001205500019B6A0003DF5F000242680002336E0001820600008FB500010A930003BE2F0001F468000153AD0001C9A30000D1000002754E0004A5C800010421000427D80001546900027FAE000134B00000C151000504510000F31E00031A5D00083BEA0001DA7E000418570001737C000207CF0001D05A0000D15A0005B6810001F1540001288A00021B160003D5B50001B8690001C2A40002AB710000D4440003BD520004AB2B00013CB00001A88B00011FC20001500F0001A3D50000A013000286B00000D0BD0000FB0B0000EB4D0002688A0000F08000016C0A00044AFB0007A2370008C9330006B206000BADA8000194E5000268970008225300019AD9000586E90015262200024C570003FAE80000CE4B000112150002DDB7000178CA00018D4A0003E88B0001897B000A3F050000DF4400017DC10005761300075EB70001435900014419000121910003CBF10000C12F0001819F000370CC0001328100042F71000120120001A4170001E22F00011D2300021871000137230001B5BB0002A84300019F2700008FE500033D7D0004F3CB0002B40F0002343700013B920005E9700000AFF00000D6DD000183890001DD6E0000F42900036C990001775B00025DEF0001BF55000391F300044BDF00012C350001F2EB00022E3500016224000179F10003F664000163660002D88100028392000181710001268C000BBE930003F1F7000A31690000B0C60001E9B800012A7F0014C3E6000218A50000E07F0000B1580002B9E300034161000230DB0002F4CF0001F7250000FB0B00013BCE0001CCA300144CD20001117C00017AA60009119D0000EC1400015F490001C28B00025D55000340AE00017700000183F40001FF630002CA290000FEA200011FC800025DC3000300B40001ED3100037AE90002F4C2000304570003D0E5000217AB00018E950005AB4A000167C40002846D00010FE50002385B0000C1C100032A9900017B8F0000C1990005911E00024BC0000362ED0001151500017A3000023F400003FC2400100EBE00017FD70005A89200022DCC0001193C0000F52A0001C17D00011FCD000160870001567F000288A20000D0260000D100000154A60001CFCC00039BD20001896C0004D7DF00016F740000CFD50001B0600001374000053DC70000DEBA0000B634000299710003A1D40003BDF30001C3F000012EC1000D9A150001F7520004F17700013F8D0000ED7A00032AF70014ACC300028BA600047E800001632D00019B9800023871000277CD0000F2D00002819C000179450001025F0001279100016C900000F6ED0003DFC000018358000EB80F0001EE5C00038E2D0001C1C10002D71A00025F770007CBDA000093310000E3060000800000010C1F0007D5610001FB2700035A7C0002AAF00007BF150003443F000181D60002FF8700011BF90003D8CB0002D2D80000D271000173040001BE3D0001393E000197730001C76F00049BA2000212F20002E638000320DA000A1BFE00035B1500050FB00001B8170005B17A0001678200012101000198D20001C94E0000F08C0000C0400002AB07000410CF000231210000FF3B,5120
15,0020001000,5,0008052700025EA0000169B00000F051000162A5000C7B3A0000CEF20004CF7F00035EBA00051469000109D90001EA2F0006EFCF0001E71F0000FF0F0003134700011AB00007108900029DAE001145EB0001CA160001919500012D010001FFA30000F131000D74F100076CE100081C5E0002F99B0001AA3E00061965000518AC00010DF80001299F000185620003CB3B0002149D00028AFD00053AE800027DE4000271B100065C8A0000D6DC00032C730001885A0000D008000157E40004304D0003281E000425D80004E812000255A400017F970003569800025B960003919500031E16000108FD0000FBEE00010F0A000249CB0000CEFB000834000006CE470012658E00031D05000127210002141E0001BEAE00012CCD00018F1A00045758000638F3000282860003CEBC0002FB5B0002D9AD0000FAFA000552B600010B560001E09E00020F2B00014ADD0002179700014FD600047AB60001FBE8000160B50000FCF60002767500015151000404FF000131E40001A551000747950009EEE700018D69000285BC0001571B0002B86F00083771000164BD00020963000388720000BE1E0002F38F00034E770000FE08000115B40002F8CF00016418000244130001B7CE00016AFB00026E39000101870001E9190008D6F1000134320001E972000096510004016A000152360001A5350003579E00011FA70001035A00025E660006EDCF0001948800016BC00001BB7F00017F790001EB280006DCBE0001EB180001632D00011EBA000119CA0000BFD10000CF9100016D2E000213790001E63A00014D010001F4BD0001049D0003F5C700018476000315800001DEEB0002E3A60000C0390004484C0001A8D70003FF50000522490003CD4400056A1B00033569000715C6000277DD000323290000F5B10007B5D80001A2DC0006B58C00014E5B0007C247000364660001B06300038F4000014E66000326E0000184A7000243CE0005EA760004A1E30000ED1F0001EE8D0001B23C0013076D0001726D0003ABBF0001A0C20013201200010B70000400720000F2780001CC6100068C6D00094138000134E200012B340002DBB400020E150000EFBF0001CDC00001E7AB000147A5000271ED0000A4330001AE3700027DE70001886A00015565000186E80007CAAE00022EFD0009AE46000327A4000320540004CDD1000408670001D59A00016D3200052941000122AD0002CC67000225CA0000FDEA0001196A0001120700016B8E0000DC5A0001C34B000117530001995400047DED0001BCD80001A715000146540003D3C8000115FB000459B3000246FE000267AD0001AF9400016C5100036B760003569B0001958700014CE60003947D0003A8960005EDEF000185D30003ED7B0001D69800023AC90001D7E5000143520001C4700000D00800013F2A00019E670001167A0004162100044BF00003419B00011B4A0003DFB80001DE240002AA6C0000F47D00018B260000E6440000EE020001A6FA000418160002D95900045E790000CA96000278A40002230E0002E97500021C120001915F000170D90000EDE30002684A000179F60002CCE800015BB4000122D90001924300017A09000235ED00014B440001CD07001354010001ED710001CCFB0004289E0001515E000803F600027B5A000234FE0005675400015E8B00040489000206510006ED140001582A0002A89A00131CEF0001D0C400012C56000509970010BC420001ADEA0001E5CF0001C3EF000B9A6F0004C8BF0001210400014A6600013111000753BA0002F7830001E2210001DF7B0001F1650001481900014A5D0001B6270001BE730001A25800052B5A000125ED00038A7100072D050002A6FA00026A7700010F580004CA7B0003C57300133962000200160001433F000210CB0004FB290001C95800013EFA0001C70700028AC700023E490002AC410000EDB5000178AB00024B800002C73C0001AB1C000516690000E14E00023B4C0008B276000141400003202A0002301B0003F7A10001548D000173F40001B06600013718000105C8000222E100016F280001F60D000C748B0002A381000153FC0007E33C0001E73300024C190001A34D00024AC20002849F0001BF0100013FAB0001C41100041ABE00019E6700012845000103810001320B00016D12000889F20001453400016A68000163A60001E38100028DC6000225A6000317CF0004079500025FB90001D73D0002FDB8000172AD000360350001B9FA0000E0120002932A000157380001C8B7000107000004F72C000139D60001AB04000268B50006D08D0006ABBA00081E0B0003F7BE0002A200000139060002782A0001104B0001A62A0001F4090001DC0200017A680001555E0001B6EE000150C60000C9450003D5F7000126E90001E7E90004AB680009D896000162CA000192D100018CAA0006A3E80008875A0001065E0002F0B100014157000166FB00028DC400018FD60002EBE6000360DC0000C00D0001362A000345C000022A45000200DE000101570003B5C1000178FA00045E99000199F400019D880001B8E6000223B9000433330002187000012DFB0001AA1200032CCB00017A8600021B98000236D600010FF600094DD5000685040003882E000205A60001670B0001530C0003213B00011A360008F3670000DF1600033AB80005770100011E710007769A0003106900036F890002BA5C00022C400003B089000383C200067D56000163800001D07100009FCD0000EBDE00072FED0002689F0004E6E100014A6E00014F8B0001114A0001320F00019A37000127090002BEC60001D74A00010F4F000213120000FA510000CCF300091552000163300001C0050006BA8400030B98000181A400041E9600014C4A0001A4C80001A88600011AA30001F99A000591210001FB9A00012F900000EF1000039826000330A7000111EA0006E399000270B50001660F00030E3400016D12000103BD000166030001DA7A0001F4E0000135A40000EAAC000129B5000827F70001B2720005FA2D0002266E0003503300049C620001494200010FB10004415E0002508B000232B2000130B700028B330000BBEC000322DC0000DB9000018CC8000123AB0000E10E000446DF0001FE3B0002B6B70002212500016ACF0000F45100021193000452FB00018DD6000154840000EFDD00010D090001790A00024A5E00139F2F00010E06000118930001C670000B379A00034D8500039B800001ECDF0001F32D000143880002947A0003F9B40000E8EC0001B1B800027A6B0001846C000330DF0002E9C8000168110002F83F0000E2F9000349730003C4590007EC570000FFAB00048E960001A44B000177490000C165000417A7001346CC00011CCB0001217D00014A0D0003E48D000489FC0002FE3B0001499200015C9E0000F92A0000C11300015724000122910001BA9900037E9C0000B27F001278690001CFB10001548D000160E40003457C0001E0CD000678160001FB7E000292600007283200018EA800020F880001559C0001060B0003A44400029E4E0001134C0001C52000017D2E0001A3450001FBA9000225AA00051F25000520A2001268490001E20B0001193100048307000167E7000311690004F2740003191F00068AB10001F8780006972F0001819500030B8C00029ED400021A5A0001B84C00106EC30002A11A00024BC400020AF10001B60A0002DC6C0002A7960002220C000276CB000273070001F21F0008BEE300011D3B000133370001DCDC000467790003382E0001F76F0008C9DB00017CC200067DCB00014B500002400F00084567000144F50000B88D0002088F0001AD490001B0DC00034FD70002EE1E00010692000340D600016A0D000157C10001CBFA0001D9DC0000D77B0002594F000234A40001E6250001BFCA00052C630001CC9F0003740B000145D800037260000118B10003F3530003DD2C0000E68200021765000F31C900017A99000177900001D45F0000F68C0003E494000134280001545C0009571F00018B220002A28E0000A1F60001053500019B050001D0F900012DBC0001DE7400078F0E0002421F0002FE220006098E000102D60000D1D30000F0DE000168450002527600032CDC000159F90001094B0001C1580001551B00064A48001282CF000169C3000275D400014B5B000FFC750008ABD90001301D000302350006F7F400068B580000CFE00001A5010002608C0003D9430001E7D8000171F4000D874A0001F02B0000B49D0000FD97000C90420002795500050A3200026FE10000B2840005191C0003DDA80001CA7400020516000138D60002254F00014325000149DD000143470002AD59000182AB00014B710001B8990002839200016C850001E8E300021F00000494E50003BC49000207A800014DAF00025BF600030E400002BF5200012CCC0001D10B0009FAE6000325400001BC27000210D50002647C0000FBED0001022F0000F41E00037A0000137E8E0004C16F0000E1A70000DCF80001F4A600046027000317860001262700033B3E0001A63C000148640001522C00039FCB0001B3010001B4AF0000D70600033C2C00073F1C0003C127000179F60002BB330001A286000409FE000136F3001263830003B68200018A42000391EA0001C6280000CF5600011E0D0000F9170000ECA200022ABB0006488F0002D1640001CF3A0007AB5600026D840000E45F000EF57C00030CC70002C7F40001A6C30001189D0000E68E0001A37700086EDE0001409E0001F6A50001408C0001DACD0003B18F0005DD600001A2660000A0F90001C6A50000D0600000F1A6000144040000FF920000D7C200015F1900019EA90001AAB800071A7600013EEE00020E400000F00700032B1A000280A20001EA6F00029DDC0002DA1700012C7500017DEC0001D3F7000511980008E73100016CD100015E8100048AF20002A09F0004B07B0005245E0002D05C0005272D00016783000437430001C7BC00015937000369B9000A04510000CE62000767D3000AD2F90001C65A00050BD900010781000137CC00025991000114DB000135850001E17F000281230003520B0007611B00019BA900038FBB000194BC0000E0FF0004E8270000F6D100026D420005268300028BA200019F2B0001E20D0007F3A900042CE30000F1110002EAA800011A3100011E5400013B9E0000D11C0001B1E20004C3240000FB2D0002424D0006DFE20002FDC4000563270000B0040001C9160001FB3400019B020001D972000172060000F28D00019DA4000115A7000179DB000169DB000299F80001A4800003A8D80000F28C000100150000EC1C000336ED000496A30007352F0002043700022616000204CA000250800000DF530001BD010002BC8E0003B35C0001370C000111D80001ED150001D4D1000116E60004F711000202C000016E98000329D10004B49E00013F49000690050002B1740002579300013EF70003409E00025A86000141650002F9D4001262520002FA0B0005AFD00000EB150003D05F00086C2D0001C0540001FE190000E0CF0007B509000515B1000272C30001458B00052B030002BB480002853000059DB900016444000399600005FDB100136F7D0002406C000143810001F57400025BA7000408650004913D0002707000011659000436B40003A90D00014F8E000290D7000880640001127A000288000009EA480000B4AC0002D2F30001AC09000319A500016D310003342F0002F886000263F90001749E0001C61D000340E800019ADA000108E80001B11600038DC5000533100004C5FF0001BCFD00021D1E000162EA0000DAA20001D6D300022BC60004AA5F0004616D000301FD00036163000B90800001D3E70000CF9A00014B6B0005F20F0001FF09000306FA00011FA3000386060001E4CF000549EB0000DDAA0001C0F500021BB800022D590002E49000023FCD0007AB09000227C200011233000AD5E3000184F900040423000140CE00026E750001111D00038FAB000102F60001F6E300025C20000182D100039068000A0D8F0001DC7600037A880001B06000012E470001ADDD000148FA0001006F0001CCE7000316DB000241B0000160A80001D4DD000609B50001770A0002C57000023A180003FDE6000334F5000197AF0002A9550003357D0002302A0001CEBE000C1E42000119A60008C32E0001588B0002E2370001891200015EE30001098600041EC10001B549000287BD0001752900137F0100025C860001290E0002787B00010B2700015F9000017F1F000126840002790500018B9A000309430000F2340002B6E50000ECE600025F560000CF970001EAAC0000AF6F0003034D00054A5D0002AAC900012226000120E40001025500025649000227DD00013B570001D7C00003698400014A940001A9320000C0190006A84B0002750D0003B68A0002B95700085F7F000265600000B0000001975D00045AF700013346000222A000022DD400127569000463AE000422290001F94E0002145700013ED300058519000529AB0001C13A00012495000191A90001A4FA0000E00900069C2E00024B85000181BE000371700002F2BE000150380000E70B000412BD0002736000027DCA00023ACF000452330001168F000112AB0002EE4F00022B470000BF040002EB950001FBF2000362F30001A9830001F6E3000153A5000CA9D40001560200021CA80002017400041E990001496700025AA2000143690001262900010D3100029F800008ADFC000D4F9D0002E4F300036703000514A60002CCA300054D4700018AB200033CC10000DFAF0000FB1D00026ADD0003D3A0000140BF00016A8F00011FB700049BEF000291F50000F1360003AF80000293510001C4820001A4BD000349AF0001A7610000F6250001F27E000101E6000357D3000DF02E0001096B00019DAD0002B5A20006C7C20001A1FE000421260001BB9400059E15000213AB000166D500030AA000017F310001A1CC00020962000101CF0001AE570000D0E300010E45000172D00001489B000416A00009685F0007C2120001EA290001111E0006849400028E40000448480007CA4E0004D9EF0002FFFF0000B1F000017ED40003245C000276890001A7C600014343000466610002FFC50004B2510001EA3100047D1A0001CF2100036C370001D3BF0002DC56,5120
16,0020001000,5,0001C6E30001244A0003044F0006E9590001B27F00020E3D0001A26D000137E30001E0EA0002170800013B080001F12E000159FD0004E1090001D93D000FA07D0000D0750000DDA60001C04100012153000115640001A52000022624000398310001507E00018CFA000305940001CF070002A25D000208F50005D4BE000425B10008090C00011CD9000179C3000352EB00020419000221350004672B00022A9400023366000C6B81000249E10001835000036D46000264DD0000F32900015AD1000188D90000E00F0001E2480001C8FD00016A5A00025FB80003C77C0003042200023508000301C400010D29000178450000C7FA0000C4820001E28C00020AEF0000BF770014ABDD0001BD7B00020E0A000141DA0001E42B0004189F000374D70004185C0003A50B000157830008FA9D00011DF10001607E0000E20600013347000302E10000FD7200036AEB0001F76200020521000162CA000156C70005484E00011C7F00018F5D00012969000D50B50003BB4D0001805500014892000D35850000F50300040FFD00013FD50006BA26000262190001875700018D72000164E90000E0A30005A0250000F2B5000217C300050D8D000322110001E26C00020DC70002A3170001D2A200022A380000E81E00011C5F0001DC59000173C3000187BF0003CB28000221B7000201CB0001371E000181F40002FEBB0000DC5E000658590001224D0013C7490002BAC100016F1700017F23000172110001C3800001A0BA00023C830001DDC70001715E000120BF000391B200015C7E000248CE00055C0500053EAA0003196F0007B43300013166000336FD0002374400014ADE00011AA900016A6B0014B8680001C55B0004092A00013E4F00014869000313390001630D0001B7380001AFE9000178F900011CE30001D7510003BDA30001ED3C00027279000799ED0004DACC000366E00001AAE000018F76000242E10000EFA90001C4D60001186D000AA88900014D2D0000E0CD000227620001849700015F4100025025000226B400046B79000623C000015E700001F251000101200001B91A0001A2C300074D22000589720006FB7C000112E70001BDCF0001949C0003A3970004210200021098000157F1000237EE0006308D0006282200032A460000C98E0001CF79000239FD00035D67000556E40001639300072DA00004FDEF0001E16200078B07000408C500016E2B000110390000DB85000225CA000199C600031DBB000683520003C0ED000DDEF100012FBB0002B53800018EE9000200C10001456700010E8700014D150002434B00017FE100072599000161FA0002CD53000250700004799A000186DA00149DEC0004724000011223000476B1000153740001E57700013BC10002939B0003B867000253DE0000E8200002046A001454790001A25800029C150001005E001311180001E7CB0001EA6F000872970005AB52000162230001459D000180A40006B0E20000A00F00021E560000CEE40009CD440000AFCA000244870000E1A30014375E0001203900015FB50001B2BB00025CA90002B7C00000FB850000BF2F0003B185000110980001319900018C99000275900000F0B7000C96CB0006C3D900015D1500030D3F000160D50003C7FB00042A8C0000F26700020E5000029B46000423AD00022BD400026BED0001984B0003151200012CA10000F1960004143F0002F89D0000CCC10005D31D0001A6CC0001BF24000201CA00027A5400015DF400147E450001999B0004522C0000A001000989AA0000EE6B0009B7F7000362950003B5810000E6DC0002CF2D0001600C0006698A00017F3400011E1D0001AFC30001035700015B7600079AFA0001D5940014B20100021E60000280350002A091001177740001DED900010EC50007983A000368750000D2510003024D0002229F000268F9000135AF0000CC4A0001B6500014F97A000187E600015A640002EF750000F508000173F50001380B000319230004268300019CC400023AD7000167340000E6630001F4470003272D000110BF000399950000C03300027ADB0003A9600000D2470002BAA500031291000356CB0002A73A000197D80004923500015DF000017A290001CCA0000861A600018475000451D70001C5CF0001B5640000FD790001C7DC0002DC0D0000EEAF00011B2200014119000178520001606C0001C7CA00135990000231890002E5D100053E2D00021402000231DE00058CCB0001695400024183000133FD0002F5420001292100018F710001D6E50003D671000347BA00059A9F00040ABE00018E970004A18300021C6C00022EEC0001A75D0002A8590002B977000180740001CB2700013F820000E1C300014F720001146900024B920001D70100048EF90007BFA400023B980006166C000193A1000321050002043F000594F50001E5470001228D0004541E0002991D0001FF1A000208540002A7780001C73900012FAE0001527B000136DD000406AD00017AF5000196E9000177D7000364570000D2DC0004418A0006E97E000EAF7500014A6A000269D20007D72E000175060001CE450001D38E00015E450014AA910003FC5D00046CA100070055000161CB0001B3190006F7100005784500019E130001D8F30001296B000331D10002EA30000139390001E0890001BB43000189AE0003B88B0002980400013195001441A30001703100035353000107D00001A1550002AC750000ECA900043BD3001015830001B4C1000582C0000156770000FA1D0002CD5E00027E3F00012E83000669F90002EE08000141B3000202CF00052EDD00030C39000284B70006B4620013BF3C0002CE790002083100045DAB0014944E00064F520001474F000184B0000266F000049377000494CC00031C05000702880001D9C2000182C70004687B0001DCE60000D87B00015983000268B20000F4A000037FF90001AAEE0001E8C600012A4D00023927000140B60000EFE100016E680000DBBD0008928E0003FAEB0002A74100017A2B0001750500018D63000177C10001D96D00075D37000124A200030E1900050D560006B6EC000229F90002566500017E130001E1A60003C1DD0001207C00040B940001334D0005E6D70002D3110000BF5400026A62000111AD000141AA00010B120001C562000206390005BBA10003E2270001665F00011D190001B1E1000221C700017C770002CF83000CD9420001BF2500035BB300029D97000E6C550001F57B0000BF2900042FD70001DD6700069624000261F00002735C00013EE50001AFED0008E13A00044B75000378DB0000900000011FEF0000D7C60001127900029B4C0003395C00059E67000234830004F9E80003621F00011E200002167B00030043000131290001CA4B0012181400035E010001A9F2000183DD001340860000F116000145C700067F760003519E0000EFB6000C83550002FF450001AB4F0000B90B000129AE00029E280003877500018BC30003384F000180A900147AD1000426830000F36800025F3D000183730005860C00010FCF00031B090001981E000140EB000251B7000115AF000768FF0000D1840007181000010B2C00022AEC0001B4D900052A2600010D430001ED860006BE7C00010CF100029BC7001262BD0001F69500012E630002738A0004B66000017E140003E20E0001DEFC0002D5A900020F8A0005AAB90005C66B0007198B00014BDD00044F040001C973000785D30004E1BA000100790002B0DF00149BC700034D2F0000B01A000241A20001C7220001C8D40003CCB30003DC35000270310000E83E0001B1670005BBA60002753300014CDB0004A6540001382900010C5200025EE8000140CF000660AF0014371E00014C7700064D6F00010C5D00057C4D00013E3F0001F9FF000114CA0000FA090001BD6000036FD90002DCB20001EA280000CDE7000A6B110003156100014FAE000194D000059A610002541300035BC20001680E00061A0C0000D31800011A500001AE400003DEB90000F85F000190370002A011000162A90003796C000282BF00010D2500025D9400031323000483DE0002382A0000D0080001EBC60002894F0001F2F60001E15F00064BBD00124CE1000150640001ACDE00015E510004D01B0002A01B0001792100046F2D0002F6D10001126400030A3A000266D60001467E000235460000FC610001EC7A0002EF4F0001A52000023B2200012DB70002312D0001EAD800015E7900036A030001F8F80005352400088613000163310001D85300012E6C000BD92A000360510003D9060001283200013BB800010E08000313A30003CC090003348800012569000480B1000511370003CD6000012D100001C58F00016A3D0003BF840001C4770014D4490001D1BE0003A0B80000E7480000E455000216F90005B34D00020EDC0001796C0001C9360003CBB40000FDEE000208000002192B0002039300017E6D000161390009A0E5001064C1000251F3000368DF0001D92F00089784000200D30005F2A30006029D0003FD4300021CD70001E9CE00024DCE000320190001454F0001D17900023F0300017AB200016B8B00015FC1000261D2000320FE0001CB06000192010001223C0008D86C0001A84200026C790002065A0004DF320000F47400032E4D00017FEF00009FFD00017ECB0001C383000940A000018DE90001D4BB0002558700012FB000033050000168340001256600010CC500013625000110AB00060213000200040001858E000084DE0000E5A80000F6010000C031000131E80002C4A300016FCC0001FF1B000185AA00027A300005661C0002ACD80000F102000213C1000275F3000266990002723A001446DE00017D1B0009C407000549F9000466B200048E6F0002716F00018CD60002126B00020CAF0001091D0001FA7F0002C9720001A45C0002A9A100023FB20001D5260001445C000252D40006CB720001ABBF00016DA30006D9CD00045F770000F98E0001E3120001D13100018019000509380000F0EB00019D310006EB38000286F300036E7C0002ECA700023D7E00024B1A000113E30002CBCB000194FF00011389000158C600044EE700046334000948390000E0C30001B92D000676BF0001AC71000241550002C219000509B500012EFD0001E1E0000923F20001B2640002490200024F860000BFFF0000FF2D00038F6800014176000331170000D032001300A20000FBAB0001DE0D0003D42F0001AB490004D981000139E100017E610002622B0001AE270002AC7B000228500006C2DD0003D6080005AC560002E1890001BA4C0002444C0002248500016D5100019C530006AD810009BE3300018E9E0003B7A100015FE50001AD79000228DF000AB5FA00013BCB0000E1630000FC890000C9A500018689000519990001A8D9000263620001D63100056F490002F44800012109000814610001891A00011E490002183F0006A8730013ED7400011C7B0001D3040001B83B0005D6BE0003A7880004178C0005A49C00011BB90001D5B30002F6830003132D0000DF080004825300011E49000245C70008B6BD0001ECDE0003142D0002A0F20003BA770002F9250001E6290004947E0002F92D00035F7100040B220001F695000252EC0001EF1F00130793000147300004A0460007507400021E8F000248A100022510000198520014F2F5000177CF0003D8A100031EDD000154060001648C0001F9A40001966400011864000129890000FEB30005BF1E00144FF70005B2C7000217F30000FA9E0002B0E800020038000776AA0002414B000459370002B8E80001E773000111CC0003CA5E0001E0FB00065DCF00014A2B0002A11400018F240001AC7D0000C17F0001E78A0000B0020002BF09000317CB0000FC450002D05A0001B2B700049A5F0011EF8A0001BBB10003F5C8000229DD0001428F0000F2750001BE5900023E9A0001C3F50001BD37000282090001EDBD0003B54B0000D7EC0002815F0002B7F5000178180005CED700020F1C000163110000900500025E5B0001DA1E00028E450001ED250002461300013DDF00083D040000E08A0001E3820001EED8000153210007D754000147EC0001FFE20003A1BE0000FC190000FAB50003CB850001FDD1000177B70001F75E00022786000255F30003105D0002356B0004FF52000103AA00040C93000254870002A4540001465300026D1F000149F00001977D0000DFA500022E6E00013CE7000101270001D56400016EB1000100060005642300009FCB00012295000112380009DD4C000131DD000153D500022BCD000187BE000201140005E9F700013287000277A80001FB080001BE7A00013BCE0000AD9A00021B5400037AD40002327C00033F360000BFE2000DAA0500013E390001BB27000284D90004543F000201BE0001F5810000F0BB000A65CD000243EB0001460D00011915000E45360002CD050001FEAA00032DE300034C220001FA07000BEAE70004692D000140010004D7BE0001AE660001B33C0001F34E0000FE510005F6CA00017F190000A777000168600001D8D300026959000BEB6700017ECE0008DF4800020971000224AD00072E030001EFEA0008995D000365F900041C89000365830004676600035C6D0001AD6A0000FE370000B9F800018262000130400001A2350002C9850002B79F000196230001DCE900019E110001D6AF00031E06000147580008398B0006348D0000CC590001E1E30002CC1B0002513300017D0E00028517000119140000BF010002B1CD000120FC000114F0001422EA000158350003ECFF0000F93C000376060001B5840001D5D4000239180001CB8D00042ABC00017A7E0001D3E9000148FE00018E850007516300019AD70014701F0003501A000212CD00011E4C00036DCF00011A8000056E3A0000E32D0002055F0000BFD900017BF90001F9C20001D7AF0002418700012238000118F30007553900014DC700012E3A0001F060000127160002262600027A210001812D00142B8A000709FB0001132800018C270014A3660005E6A10000BBB5000212560001613100012C3E000105D7000148B100041C040003D99000031CDF0001E57D0006D26B000138DC0003C27C0001FBE40005336700039D7A0001B6210001D2B40002140C00015D570001B38700020C030001544F000210DD0001A26E,5120
17,0020001000,5,000361750000ACA60000F1CD0001C0DA00036A840000FD6C00015A85000115540002B0B20000F8DD000231B3000139510000DE5F000E67700002B6380001E8E600013E9800053563000176B2000148800001A0570011BA140010EEA500032CD80002954800025E19000751DD0005410E0001AECD00014FF000010C200001A417000649640001C1A600016C280000E6210000CF60000143730002028D00010DD90003283200019F040000FA6700025F4B0001916D0004F32A00037039000381440002CC7500011AC200022A9E00016D990004C6010001996F0000C6640002F80600011BE50011E8820001267200034A570001CF4200016E960000A07D0002104B0001AB900002888B0000D5BC00049D9900016D9F00051EFB0000E22D000C278200046A680005D269000477430000FB8E00083121000F4B59000349F1000123030001E2D4000C396F0000AE780009847D0002A6C4000259D30007C60F0000E31D00016605000640170000C0140000D9D00002D342000283F1000258240001AFA9000330280000E45C000281170001BADB00018DBD0002C8590000C768000643E60002936700014561000341220001152000027E09001286F000026A340001D9E0000186DE00114B2000034B3E0003E11F00016F51000270790000FD8100020BAB00017D4300015F350005B4BE0000E38C0000EC7D0001E35C0001F5AE00012C6F0001F28B00040F9D000233AF0002243B000114CA000905670000C10A000494E7000150F3000CC317000637B50005022A0002D73A000123740012522300011CA90006D9ED0011FC050001D7C10001EB7E00081EEF0002E6370000F5100004638800019E230001C0F5000349B900026E5500059B890002529B0002027E0001D8A100016BED0000DF19000114650002AFE00003C8AE0002B1F5000D0E2000034566000BE1C1001218140002D7DC00050DF6000BA4A800012439000362BA0001F120000282490002A75F00020EA30000CF97000128F50003D88700016CB10006FCBC00020F510001A280000196B2000446620004E8A700021881000140FF0000C92F0002688C00120CFF0001EC410001B88B00031FDE0001BFCA00024C6E000384BA0002E3720007F3FC0002EEF40002C7000001C7950000E926000163E80000F5820001FD42001048500001A0F50002B1400002C85D0001E697000333460001CC4100014E540001F07F00022D9A0001F9D90001E6F500064E2A00021FC6000196C7000257210000F05A00013743000668CD00024716000206E80001E5D60001A625000168AE0000BF6D0000DCB9000479C80000C052000291730009DC290003096A00014559000202AB0000D33D0002BB900003161A0001D6D20001FC290002BCC7000194A000012F59000233980012E8180005417B0002F39C000847C10000C5E500031A6800011A6D0002CA14000AC77A0002D31E000580310005664000132BC500069F0D0012636300017F2E00030B430000E09D000E2FF700075DE800050F1800076137000181E900010DD40008D9DC0001AE2300023A7A000129DB0001B87C00019767000214340000CCE2000384DF0001B72D000136280000E26E000142FE0003438F00016B72000139360002A4B400067C7E0002CCFA000150D30002A40700023BA90001B3C80001F3AA000211630001455A0000F3D200016DB60005D7FF000412FF00033527000112940013430B00021C6E000292CE0001A55500030D13000A8D110001F75900012CC60004905C0001DBBA0003F3210001D19D0001A6830001B99E0001FF630000F00F0002F37B0000D99700013E7A000116870002364C000140A100019E96000471FC0000DF2300022BF60001BE1F0012D24800036E63000148360000D7320012A5AF000459950000F15B0001C557000188650004B6F600016C40000164A10001ED6100019E8D00017E8D000275FA0008446D000153AC000257EB0003EF6A0001FDAA00022F090008F6250000E08A00015D51000152AC0011D90F000178090003D87D0002E8F600020D860002EFFE0001E17D000102A600010A6D0001A33500022DFC0002DE08000219FD00026D010001BFC6000F669F000738820008170E0000CCB3000182910001064800017144000106510003F3F50005BF210003590B0000956500081471000481F00000F94B0003D4490001C13B000114F70000D30A00014D490001E4E1000145C000014B050001F7580005077E0000F3590000ADDE000102C200016ED00001ADC3000E1179000312DF0006F0F90001007B00013E8300028B010001F87C0000F934000187FB000126F60004C128000767820000FEC400044E21000684260001115700031AC900025919000C782300020F170001A3C900092E2C0000DF8D000F8428000167F900066196000B695D000228B9000759A7000129C10011E5BE00044BA000034180000263A500017E770001ADB0000240A8000476A70003E69F0001B93600014A9F00044205000DBDBB00017BE900022C8F0001C0C40000E3720001F27C0000E03F0000BA2E000217FF00050CFD00016822000166AC000D04940002C451000F780A00013BE10001C3DB00038B3800015CAB0000C0390001175B00025EFA00011B81000A9F160000F84E000412210000DFFE00087A610002AAFB0001F4BF00012808000176980004552D000144BD00017E49000276D10000FC390001AC4F000115980000D0630001760900011D0700010D8B000142D20001BA9900011B57000114040000C02A00014F590000E08200031AD80002740E00026FB3000F5398000289C400013A90000128440003115400127F6200012F9A0001313B00039DA80001BCFD0001D6340006F608000153BF000103D10001847A00026BD10001667F000203CD00018C81000995C400055682000A057C0005B532000353000001A81200055F7700018FAF000537D4000135F50009F024000418330001F32100021E8C000593870000F40D00015DFB000341370001AF160000998500032D54000101580001E9BD0002131F00044BBC00017E93000187D300021665000210130001698A00014CEE0001A3D10007B66E0004450C0001C08B000130BE0002B7FB0001CB2F000272950001B4630001506F000426E900017D55000418EA00025A6B000A114400014A0D0001BFA60002C5BE00015A65000141B500029CF200139D270004432400055046000164A40002D7530000F45D0000F00000025A31000461F60002C3E800036F76000405F50001D5A900047ACE0012D37D000312C100010E3500030DB2000106F30012CC4A000250AD0001C44C0002C15B0012B8E000081BF700028FA10001016A000138C10002E56C00016AE900048D700003934C0006195B0000EFB70002AED3000274AE000141DF00013C8D0001779D00035CFD0004A2AD00014EEC000188F3000151A60002C8670002D36D00013C300001D7680004403B000187F3000337E400020B2400025CF80002ACF90012DF090000BDFB000272F90005EF630002C4380001D8B400014D150002DDFD000141930001674D0000C41E00017DAC0001BC5C000697E40004B08A0001DEDF000186FA000185410001B1D200016BFA0000E74A000F42C100026BA60000B38E0012FB7800010E1200047F510003A9AC0000CEF4000641D300036DFA0002323E00012085000183EB00011BAB000136C20000AFF4000143B80002A2C400031DE90002444200024C8D00016C070002768D000113200001CEF1000BCB7E0002E267000A3A980004C09800019852000229580008AC4C000240120000EF2C00013B4B00016B7B00019E3300027DCF000455AA0001C2380001491000016EB6000120EC00021BC60000BDE20001F21700016410000434270008CCA30004391A000315CB00011AFD0001A7B10000BA70000232D600047A89000314970000F0310001C5BA0008243C0002A60700014190000DEB590001EE330001C4A80001C99700075F29001295FC0001447600034E56000121C40012E5FB000603B30000E8E30001707500038D61000196E900045C750001073C0003CB8400027B3D0003405C0003837D000392C00000E99800127C5F000106630002311D00016D890000F8140001F5FB0000C34F000168BE000592B8001277310001647C00017258000164040004B27D0001714900022ED90002AE8800042774000317060005EC1900026702000585D4001130E50000D83600028E380002079B0000F64400028E7000045F0B00025CF90000C30C0001DD0D000141750001A6840000EE7200034C2500045537000132E5000120FE0000DB7C0004A3E3000178C10002BE0F0001648F000202CA0001E5560003DD7900014D3B0000AF9600010F0900032794000295210003B78F000222160007151D0001EC300002B14300062CA20002BF500001F31C0001C0C60000AA34000E670B000179740003357300022F8700014A34000535030001AC7B000458B40001C4DB0001DBCD00031AB200016D86001021040001719A0001A50F0001FA8B0001D10D0001A4A90006FF66000251920001CF9C00018FD50001467E0006181A0000F347000200F40002FA7A0002F1DF0002B8960001A691000396930003770500043E3D00023EA6000183CB000261D500029D1F0001E8260003F3A600021F120000C1BD0001AFBE000239D3000135E1001008D30002B456000313110001ABF60001AFF20005262B0011A8C100025B1C0001D3F2000157840001BC220002A4470001C5E700044916000CBFB800016EFC000201740003E49E000213B70009BBCF0001550A000968C20001018E000991720001582600011A1300049F080002DCE60000C16800016A13000226220005FEC1000DB76500019DC900017B0B00018EA900035B930001BA870002DE8C000205080004B4E40002BC3E0005E641000342D50003143A0000DF0000035DB2000125470001ACA800022F24000869DF00019EA400029C9A0001FE950001165B0002065D0005498E00071010000105420005084A001255F70000CFBB000A9ED000042C050002B55100015B6B000B297A0000FDAC000154C200011A8F0004700E0000DC2F0005CDB100013DDC000376A60000FED10012432B000248E10005F55F0001B1430001B47700041AFB00025BA900116F2A00019095000144880001A97B0002C3A80003680C000116B7000101AC0001AB1B00022EE40000CFFB000506010001770F0001EE430005264F00029468000158DB000735F20001689C0001B9D10001D572000126B20000DFF9000166B300010BDD000116BD0009E519000197D100064E9A00022E1D0001457B000326010000FB44000271CE00015A03000EDD790001CF010001347C0001EA8600010C5800019402000113C10004BBE80001C4D5000110C50010B6480001B58A0012ED8000031A17000290E10006F234000BC6FD000183B00000FEED000296950012A0290000CFB00001F0040000CFCE0008AA7E0003E89E000192010003D22300021C4C00029B960001317B00019FEE000322B100018C7E0002AEA5000115210004DF5A0009E5EB0001D0C20001794D000159E50002C6360000D0B800022A6A0000DA130002090600010CB400020CD60009B2530000BFE10001239B00015BAB000242A100034ED2000376C300044AD0000829CE0002628C0003193C0001FF1D000220EF00016F50000133410001B30100010FBC0005297D0001EEBB00027C220002F22A0000E7E6000150E60001425A0002B8C90001D0DF0002D5620002E1AF000223D50001B4E90001D73800019D1C0002AB510005C75A000172A9000390570001641B000C5191000364E5000204C50002256C000384B90001934E000303E60001D47C000203900001B73F0001B04D000C5A5D0001DDD70001B9B50003164A0001633F000110C200122C4F00118B9400014BE200029DFE0003539800016EAE000473EF000201EB0000E01500031D5700015B74000390790005365B0000D691000170DE00012ECC000413A90001031700033B51000CAC680001E7A90001976D00027ED20001615E0001A3B700019A87000181B4000265BE0001551100055C1B000140BB000134EB000274A70001144B00025F9200014AC500016FA400037B5100139A7C0000FEB100016ED800015DA90005968C00019107000A35DF0001420D000109040000C1EC00033C8B0000A91400019D8E000F5B840001772A0001F941000504CD0001A7FB000200E400025C2200016DA9000142850002E5BE000314600004C9E30003ABB300021BF80007FDC70001BC8C000916B5000FFD86000464DB00012D170001454B0001615F000661830001F4850008CFB9000236160001116B0002928000022C0B00012345000810EF0001864E0002D34F0004232D0001096D000230BC0000E6FF000317AA00027EDF000409390000C15400015A840000CF5F000176920001C8CC0001866F00075FFB0001FE8600022EF900026DAB0000DBFE0000E8E3000101700002D4F200013E890001726100013B410002CDC40000EF5F00014CD40003DE1D0001D0860000EC0B000846590001A7A60001BB44000183320001D8AC0002FB0100042310000124B600020A720001537600029AC70003187D000747370001699900028AA700031A2B000993280001717C0001C6FF0000D17C0001444C0001C3A30002010B0005152D0001B7E3000243B10001956F0002E0EB000763BF000297F800017A73000261A6000D01B7000211160000ECE3000136D90000FDD500022A78000182ED0001EE8100010C3C0001A34A00010CE000014ADF0001BBB60000C2BD0002BEEF0001674800047E5B00040EC10013024E0002A2080002BD810005B6D5000BB14F000149C60003658900028DE900028291000318EE00023C15000366530000F59A0000D0A00000D0C00001EEBF00055037000515A900011452000C189F0000F6C100010DFF000308B50001153B00025103000195B7000324C600021372000243DE00013D0C000357BE00063B5100070691000102070001968C000145E70001C17D000231D70001831A0002C04B0001758600049E5F00059AAF0003E8AD00050D82000250B9000346A60008CA9100132F590002451A0001AFC800027AAC0002261800027A7000019CB40001093700131FD900025ABC0003118C,5120
18,0020001000,5,000AE6AD0001376D0000CDBA000126E300110AD8000364EB000225B30002CA930001021600069337000125C9000EF30E0001560D00019C240002B0C5000342350001A9EE0000DE6C000138B8000144350000EECA0000F63C000133BB0001B2D800020C7300015837000835BF0004C02D0001B52300031453000814BF0002464F000118E50003A99F000125700000D0590004BF510002C0B900014AC90001541B0004622D000105450008DF4400086F550001675A000171FF0005BA0500016F2B00011B890012D6E40000C6FA0005B1FF0002298200030E4100046DE300017F0B0003FE980010C90C00014A4500018E4D000269EB00018630000197210002458D0003AF1A000101780001813D000C48930000A27A0001604C00035814000362D5000110BD0006EDC400011E230004820300011A310001A43C000101B70002AF7F000AFE14000346B100065F220000FA350004B6F50002CFE90007FE4300019B490002516D00038116000700450001BAF30001F52B0000EB4F00053E9A000C35A80001D1E500022BC000016D7000011E2E00038F5F0003FAC70001D69B000240B20001CC2D0001F6AD0003F0890001E82F00022BD300038CA40000800600034CB100018DAE0001A1ED00052F1000021F43000123C70002E0120002EB9600138EC50000CF060001454D000140A30001B23F000137890001FA870001432D0004085D0001FE84000EF6280000C005000A1EA90003BD9E0012DED5000145870002CC29000430300001AF680001E6EC00022AB400011B3F0002DB250000D23D000343C40000F35D00021E910001B3260001A35B0005FAC30005209E00024B7000044E650001B7D800045AB700011C8E00019E870001AFAE00013C7B00011D0F0000FFD7000547100000EFC90003322500060C3200013FB10002CF5B00030689000304D1000266C500038F2B0002A9A10001039E000118C90001D3DF0001DFF40002D8A50007AFF100011B7F0002817300024DB30000BFE80002B4F00000F9EA000338FF0001D1BE000D15A300011EF000035BEF0004F3180000FD6F0001D0EC0002F8B300013C960001ECB60001D8FA00011BBF000174000006E218000100330000EE69000131A30001779000020571000D8EF800065CA60002778C0001A8CF00031F7D000262370000FCCF00010E08000153C00001D5D700120B51000133DC00011DF90008A68700021FFA0000C964000177390002823E0003CDDA00010660000DDFFC0000C3B80002F6A70001F54600013D20000143E20001F2E30009478B0002283D00016A0400027431000101100001878A0001656500014C6800033CDA0005D35300032FC70012A05500012E0200015BE40001D50E000C2FB200014A0300038F870001598D00022F75000377920002D372000194F40002C9620001ECB400029C050004BC97000202310001689200016E790012708F0002FA8F00056D000002191A000115EB000163910002FA610004B1FD0000FE030002A0A9000610170001332F000B21EE000197C500015C230001B93300043B9600028CC50000EA1B0004565200016CB10000D164000252760002D2050000EE6B00022C9D00044ED40002EC780003CAA500119715000127510001170B00093E96000792B500013C8E00133AB00000E074001278E2000694BF0008AF510000E3860000EFD400017AEF0003CD23000B6F300007F26500019EED000182D40001759F0002AB970001165A0004492F0001BA47001196A900010AA300016FDC0000DE310001D0140000DFBB00017F890002525600067BB90000FE300002967E0002ED9B000C6C480001BEB000028CD4000183B90002848800014B2600012A630000D44A00034ED10002CC350001422E0001882A0000FA390008D44C00026D7F00018E9B0001536A0001848F00013EB9000FBEC00003F3030002ECE40002C83E000129C30007CA0A00012226000EF8EA000262C30003155F00035A4F000336430001AF2E0001FB810002423A000258A5000506EE000D0943000104B60001C5C70008D9580001CE3C000A060B0001C7710000E8B90000DC4200082CB7000804FC00017A20000131F7000465610001B5470001477400059DF30001A14A000233BF0001FE5A00009FFC0001157000019ED1000163F0000166B7000182B1000AC76D000116400001BB2800012E3D00022B170001EBEE0012B0AD0001816B000111F70003C0DB000179270001F0D50003D569000134D80002F96300041BDB000109DC0002352D0012CCEB000126B0000265430004E170000149430001DE65000208B700054C8D0006B3C30001A95D0002161D000735EA00013C4300024C520001A62A00036437000149F30000AC9B000CDBF100011DCB0001D5930006098D0004B85C0001695F000200CB0002C50700052ABB000147F300013D2900019EFF00014DAA0001638E00030E2E000130FC000171760001DD9D0001A93F00069D780001778F000116220001CC950002D00A0000A94C0001005C00034AD70000F0570001D93500020CFB00093D8D000134D60003391D000121550002494E0001B39D00031C920003D2D40003C449000155460002406700025CB20001352D0000C513000150660002DB1A0005F6A10001A5930001FB2F0003D0230011227A00015FDB000101BE00057E160000AFCC0001C0FB00016AE8000446ED0002572B0001612C00032B440003EAA20001BABD0003D2560000DB2900018BE20001162B00017F360000F3A00003095800069EDC0001045300023BF700011525000E88C900011A1000030BD80002C5B70001904D00054549000356D3000ABA740001A0D70001441B0001DCF40003ADF3000A2D5D00009EF700058FEA0005EEE000030CA10001D67300032BD800017ECA0001187C0004EE8B000164C60000FB52000485AD00011867000335E90003FDCA00025D8F00021BA900028A540000D4A7000357C300024AD90000D66500094B17000162AF00018FD400022FA30001632D0001CCD40000802F000441D90001620B0001E23D0009AF490003A545000326B2000274F70002D66000019FE300019E5A0013092A0001FF11000558990001BD0D000394950000CF2B0001F81600019BD20001DFA50001622E00032A580001A1D20002B0030001928A00026E4D0002AEC20002445D0000ABF40001E2D30002F03B0000FE2E000122D10000E2D70000EFC500029C8C000299B7000206440001A07E0012FF62000101C400092617000322410001A5D3000150EF0001BF7B00065CB5000485FC0000DB790000F0B70003BC740012EFEC000170320006A2A500014EA1000114F700009C3800011FCB0002F36300012985000212A80001E36D0000C0510012C6450007AE710003CF230001A9D30003F3E50001B2C4000BF10A0001F961000275D7000128310001FF1B0002B78A000219AE0003A8C10001014F00019A4F000166AB00016E920004ECCB000186A00002458000025C890001BBD00000D193000200810000DEFC0004DDD40001B6AC0002773F00024001000255F5000590B6000135D70002A4210000E6270008BBC40001B09E0002CA180005D5D50001E83E00022BAF0001DC6C000303600000ECF10002BF7F0001D3880006F3890000C2A1000DA7CE0001CC2F0001C86000050B8F00017A4B0000F7470002D2A80001876A0002B291000145AE0007DF960000E82A00027F8600013D26000136C40001B4F3000118B50001359E00015AEF00027AE000017EA40001621200035D370004BBF100022D990000E2690001F81500020D28000125330003C4690000CD9C00024515000638210000D27400012D390001EAF70000F8840001547A0000D83A00015D9300031C23000B970200060C150000DD670012C21D0012CBD70000ECDF0001B83C0004592300010DCF0005FE6500030DA1000162710000F5C30002CC390001E7860012E22200011F3A000159D200013AE60002AEA70001EEE6000E1C64000123340001F75D00010C46000729FB0001C1F400022A0F0001AB1B00016E0B0001406E0003D9DF00024F3B0001B22A000456C50000E1C800011958000A588900031837000113360008B5900004897600016C740001ED4F0001CA9E0005907E0002185A0012B4AD00048F130003E7A0000166D30001720C000101E90001A70F000305810005C835000185FB0002724F00021D4A00131CF600016F31000EC0BC00035193000197F700019099000199720006D255000443F800031441000386F60002A47E00025F160000800A00012E4D0001CD410003F90F0005595F0003C1A10005201E0000B00100011DF7000175A60001971F0003E9D70002F5430001AFBA00015F69000193240000EB4F00009FFD0002C1740004F51F000345D20009FB530001FA8000014EF40002F4D80004104900019AC8000150D50001F7140001E89C00011578000119EC00018F390002F5A2000303CD0009D1680002134000019E8E0001C707000183F40000FB450004AA620002B0DE0003746700015E69000CE2A0000159240000BF1B0001B697000139F700026EA400014B650000DFD90001ECE50005946B0002E9280000F5330001C08800039AE10002E2F6000274F400019A290002223E0012B370000580B20007EC740002927C0000FBC10001699400044653000137B100011B120000F0D100013C3800010EBA0001275A0002DD630004583D0000BE0F000901C300068F2200028A0100016C900001CF7B0001A9660001E871000100840001AC350005623700045F3B0008FCBA0012FF96000141AD000282FB0000E8C40001305600025734000D6C710002461E00029E260003C2590006593D0000A78E0010CBA50000FDE80001FE730000BD65000103B900049DCC0001591100050FE60001A39E00010BA40004602600010175000D572F0002121F000F58150007EC540002F11D00025B0F000107350000DD9C00018B4B0008A39100020629000489A10000BA430002260C000ACBA3000185C5000E3FB80007FE650002473E0001B84200079B4E0002F3C40005EACD0004936A000561C700011E450001BFF40001AA6F00026C4B0000B12F000150B40004DAD0000124840001B00400057DC600017E810004CC100000C3170000C85500011E7300014C920000E7BF00023A7B00095C5200034A350001687C0002FEB9000394330001663500034993000C46CE000151150001F57B00022C5200129D3D000324510001639A0000D036000263550002A1EF0001EE570004A5CB000154A5000205530002B94F0000E3350012FC72000147F80003D3A40001229900030C36000335D40011769300025F170012358E000105AA001261A100012AD000013F3B00016B0C000125C70000BA6B000226BE00048491000DA7D500032A7400021D5500016D040012F9F8000117D00003841F0000F510000D0E670005506E00020A7B00018F880001151E0001104E0002D08A000114BC0002BDB70001694D000838CD0001D5FD0000D0A30001E8240001D575000283ED000413330001B56E0002D91B0001307500089F350000E808001224780000DE5C000184480000EE4200097543000310C60000FECB00024FFD00134ABF000367E3001278DC000373710002225300024840000BD7AC000A12B90004CE450002E0A9001295F60003D7980001082F0002002A00051DA1000299F4000655E30004417B00041F5F000185480001D7AA000239B90006C77E000114D40002BFF3000534410002E9350000F78C0001A6210001834A0000B24A00069FB1000172490001520A0000F4910001881B0000B00500033DBA000280FA000235BC000111C400016F830000AB7C00014BD90001EBC90001806B00027D64000117100000F42D0007304F0000F348000103810003033200017BCD0002AB8800015F57000143850006F1FC000755CB0003E80A0001664000010F870011567F0000F1AC0003576600028CF9000A32DC000166A3000F53F1000866EF0011F53C0001A01C000237F900014D030002126800021798000300C50001BD5C0000BCD500028821000CC219000509A10005F8010001F6F1000114CD0000EEF70009F94C00038CCF00019F7E0001BF730000DD0A0008D4F200092F7B0000E55E0001FA100002D3A0000239A00000EB6300011D37000498F9000868F5000301B90010E32A0005F5570008C2BA0002EB3800128FF9000845540002041900015471000424FC0000FD94000168C4000290F10001704200014220000159BF0000D05A000A82A8000296740003AE67000152130011B08B00017875000274E30006DE830008A2C50000F687000ECCA70001446900045195000211F3000174B20001985E0003DB1C0001285100014B0D0001423F0001F8210002729A0003CACD00063F110001AA020000FFA800018A7A000300A00001B0EF000254B5000221A1000127C90002AA960001D1F6000271EE0003612D0001132700024E6700043F530001659D000145DF000286D7000236E500014FFA0003394000016A53000472170003A7270004FC1F00016EA300137FBE0001488200082EC3000250F90003B7EB0001DAB10002A611000215FA000146150001F489000224D000062AC70001BB2200021E63000487C80001F5E30001869300020F310002D0AB00018A280002FB0D0000A1130005A55800011C2800027DA400015E2A00015C0C00025A050002617B0002B5800003FF12000730370002634F000653A40004A1B40004F2CE0002E1D00003EAA30008725F0002481300046D85000192840001AE7200015C8F0009906D000A3F090012EA690001DC5700019504000468CD00048583000289D50001F464000769270013167A00046D4C00028EE10002DD2B0000E7EA0004CA1B000952410001988C00036E0B000127690011867A0000B1F5000175BF0000E0A700009E6D000143D9001234EB00011A7D00016A9F0000FFF20012B48500009FE10001F5B400019272000277F60006B38400038AC90000BFB5000268160001A63D0000CE26000142130002A5E400021E690000EA6F0003E9FD0001FF210001326C00011CC30002000900011BD60002D6C10001D99F00018BC0000433040003E9410005B5E20004218D0000D0CE0000DDDD00011E2400011FBF000329DA0001CC970002851F0003B5E9000E37B400095CE2000BDE59,5120
19,0020001000,5,0001C8F90001B6DE00025D250000FB510002414300023F3F000129D10002250300035A670000EB61000150B500012EFF0000AC30000246BB0002AD3C0003A323000507110000A1900001AC550001056F00016AEE0011A3C900023FBD0000F97D0001F647000262900002FE5D000148BD00017FDD0002826C00013A290001E7AE0001DCCA0002E559000116C00001EB250002C9220001E4E40001975E0001A7130003D8730001026700019E970001CE3B0002399700012B120005A4FA00058D18000B182C0000FB6F0005E6210001C5ED00010D1500019FB700031F340001EA0D00035E350001C93700012BA70000CF27000A9A160013087E000153CC00036FB10001779600014B2B00016C8D000102BE0003D09200012D200009E04800011ACF0002872700137EDD000182B500022F0800068C6B00013FA00001394B0007A4600001E6280002F3BF00043CBE0007ACF900024EEC000151950000E63F0002EFE900038007000319350000EB6D0004C282000444610001050F00013C97000582B80003A6F800008ED10000DF9900012207000351FA000136880008B6AA000142330001DB630000D58500017D9E00082D3A000233C2000176E20001D84A0000F387000163B600017AB70003293500016D8E000163AD0003B0DF0001FA9A000F52520002EFFA0005A24100023A6D00040D8500073D6D00017F250001A57600052E030001464A0001699C00011FD20006231100021F9000019D1C0001DEDC000103EB00011B1000024DDB00015D5900030337000445F400044D850002004D000654D10001684B0001AE8A00013BDF000758CC0000E3380005AFBF00049395000162BC000131630013848D0002A816000142F200037C0A00013068000149DD0004F05E0003E423000205FC00035B9D0000C9F40004D78E0003BE5E0001536E000E39540000E5420001561100025ECB000177120002EDA00014288F000135A000011B76000153D100042C870001C086000AA531000261090002CEE00000BFE9000A584C000508A400030C53000401DC0003370300013456000286C2000225C600019C050000BFC200038FFD0000DD8F000101E30001824C00031B1900015688000253AA00045E3600015BF7000450FB00011BC0000332EF0002699C00010C5D0008342D0000DD190000E3070000D1F5000271470001465F0001ED9C0001CC130012285A0001BA0600017B2F0000BFFE000116BE000219B80002A40600013850000106B10002FD77001374D90001717800014BC90003691C001187E20002080E00016C970002B69300039291000131B80001678D00017AFE00021EEA000103D90011B3C10003CC5E0003AA8500010D9A000404FB00014ADE00022CAC0000CF3A00012C66000219B60001EAD60001B17F0002BF110001C63B00069BBF0003D83200025649000123010001735D0001288200018F510000D0160008AA66000267BC000DABC400037847000258890001BC8C000B83890000DC850014086A00014CCF00027C95000121520001DB030000D7E50003381F00038E6300095DAC00012A20000361620001B0DF000275EE000216A30002417200070504000D6B1F000104EB000145EB00034D110013677400028936000354EB000382110001573F0001BCF7000384F9000401AA0002B3FB000181DC0001A247000227C30001AB22000518FD0000DA09000186710004A2EA00071E3200015B4400024C2C000271FE0001A5170004E7EE00032168000298760006520A0004621F0000AFFD00012BCF0003CD7500038CB5000241EE00138E5D0003329F00014018000148EB00017226000297BC0000FF2A0001349E0000F8A40001E5640001E3B30006801F00035D9B0000FEA3000177F700026BE500039C51000304810013A7520000CFE1000368C80001CAB90001BAA80000DE63000278AE0001B8CB000205DC0000B0200009D53200068C030000CFC100029C80000E7817000339A40013A7B0000448E6000118770001A5320006A9DF0001F46F00026E90001277210003A1EF00063A600001C9170002C86B00040AA7000293470001A726000189E10001A51A00010E6E00032BA10000DD560008E0AC0003EC240012C83300013400000518D40000CFA400031618000786C9000203740001B00200012D0D000111F000062A7F00048B77000569460001202D0001C5160002A6BB0001D7F700036C61000188450001648A00025E490006F8B30004B65D00068B0C0001E5190002AD6D0003CA5F0003FDF00004A3BB000514DD00015D0F0001FC1D0001C3530000E01D0008DADB000256560013BEFB00014F9100063A3100024AA4000A052E0001AA5600026A21000517450002525E00014A3500028474000226E6000276E9000187FE00018D0C0001A76E0001378A00017C6E0001E0A60000CA4900026C7600022FBC0003947E00021FF400036B860000F29C000214C00001471800034FD800016D510006AD2D000135A800064DD20000D2C800053F53000223C50001002100013ECC0003B56F000141050013EC30000104EF000126470000C2590001BB6B00036C7900040349000146E000013F9E000482510001945500060AA6000F7655000168EE000163EE000159E3000A62660000F5830002933A0001458C000292EF0004E9780008101F000163160003C9F40000EE55000251EF0003AB290001FE770002034E0002311C0001209C0003B7D000018D79000543300004249B0002972A00011AA50001641800015BBD0001DEB200024277000709D70002016600023E4200015E570000FEA50001907C00010E780001928600018ECA000209180002963F00010071000928E50000FE2D00072BF3000678570001E79C0005291D00016BC200018AFF0002330600040DEC000141790000F5DD0002DDC10001C764000D04B10000F298000158130000F90A0002996B000407F50003C8C3000188FD0002F9B00004F8CB0001B7DF000840EB0002009B00020ADF0001714600021B470000F7CC000425AE0007EDA2000137FF00025943000143200001A3C2000160F8000121EE00012EFE0002EEDE0002BE4A0002457C000219F60001F34E0004AD770011EC9A000268030002FC1B000162600001362500022AB800019AB30001F2DD0002010900028DAB00024D790000E04F0013DD990000CCF90001D05B0008FC53000287290002FDCF0003384E0000B00A0004594200012FB100031F9800022B950013C8E90001C7E400010BC7000122FE0001FB3F0000DDA5000129F5000943D70001263B00022114000146C70002F2B1000153AB000262EC00029564000286820000F45F00014C0900024D4500010A730000A02B0007E67E000415EF00014CB200016C7F00014F7B00017CF500027745000106E80001A9DC00067E670001616B0013191E0001A1ED00011BAF00013AF90000B0370001B63E0004DB3300008E7500012C900000F1790001A583000598750001AB060003BEC30002A553000166130001A6DF0001174400050DD20001361800025AD400027E0A00019A2B0005C23500022E8E00019196000267A5000159420003A7A6000125A80001F92B0001CB5F00135DD600035ECA0000ED510001056D000100FE0003C6D5000102B700092CEE0001C0EB000875CD0001F07C0002044F0001033900068103000453F20001126A00041E190001287E000329EB0000FC2F0000B0290008AF6B000A0C07000101F8001385790007D8850002CDC800010387000305D30002E33F00122D15000605950001402600011DC40001981C00086F82000201380001D8BA000100C70001915B001198B600021021000151CE0001FAFF000AAD9D0001355F0001E7FD0002DE320001F7FF000152AB00027D1B0000BF9F0000E7EC0011F93200022EDA0001AD1E0005E3810000E9B40000EB13000181EE00022B0300025339000139CB000100EB0001EDA90002EA640000C76B000723B100028E910001459D000328050001B4C50001677100009D2100041C6F0000F145000EA6400000B9420001BBD70001E94A0000F87B00026A3D0002605F00060B9D0000D453000142B600025FFC00028E8D00014E2C00033CC90001CD9E0001C2EE00015F3E0004EE560003DE890001C1D0000146510005A5C900026A170002D49B0001F4A70001A5400002B3500000C0650001B3E7000179330003E2F30004F5DE0000DD6A000521E70000F12800019748000178AA00024666000288020002BCD30002257E0001A9810000C039000228730000B0A3000274D6000122EB00013C450010C1CC00011C2400018AB60001ACA500012F50000149560006A41F0006587D00014EEA0003C9620005FFA10001A56B0010E2A7000153640001F51B00065188000494170001F0F200016D2C00042CB9000123D10006AB930003017F0002E45D000F26380002EFF60002CE41000721330004D59100049B33001398EF00061BD7000F46470001D1B00003479200011C890000DDE40000A015000141D80004F90B0001A3A70000D0530001E3E90001C5FB00023E9B0002544E00017A730001E2F1000213820002027300023BDF0000F71F00033527000642760002461F00039C1E00016E260001DA0500022AFA0001C41F0001BD91000136DD0005F345000162E50004B6CD00075B3200016DFA0000BD7C0002E1730005F2550001DE8900066A9C0003DFE10001D10D0001B1170001554300012B6C0001379B0000C93500021FC90001A591000218320001BF490004055E000149E300034BC60005AEF70004F269000177870011FBFC000159990001284E000128E50001192300022FF60003CF7E0013E4A90001A87E0002046B00017B05001373F7000468E4000151CB00031CAD0005D50D000376C30001E1860001497A000D7F53000100680007AE500001219B0001989A00010C0F000D3D0B00031999000325190001FB9000029429000130370013915B00063BD9000140B80001A214001388FB0004D42D00014D560006232A0003175F00016F790007B14E0002D25F00042DE7000241920005448300014A450001BFBA00013C5C0001B86F00020D7E0005165100014AF500032A51000577B4000416D10000E175000421F100014A210000FDB8000113EF0003B2EB000207CF0013FAB40003822D000117C1000149E7000484D50000FFB90001846A000286DC000DE78800079B9F00018D500002B14D0013AE29000776EC000196BE00072488000157F800023B300004ED75000195A400013E1300021BA70001B8A10001E6CC0001D109000317320002FC940001CC2C0000C387000166AA0001E0870001CCA6000660F50005F5A400050F26000408E900018CAA0005B2240001848C0001CB9C00009D89000263E800011FDF000376B60013A26C0003459D0001ADF900020F040002461A0001219A0004412B00023F5100020A930001186400026BF700011E970002C28200031EB20002B97000056E770002A6DD00010AC80003ACBC00037E5E001383CC0003745C00047ED60001B18F00096F4F0008184D0002AF0D00024EFB0006B8570001F70100011BFD000139CB0011D1A800018A620003B32D0006B1460001BFCA0008AFDE0002354F0000E2070013DD200001BCED0003779B00028CDB0000F24B0001017C000160C20001CA0A000197C300024B0500010F4B0000C2920002B30D000162070009DC9800023B0900017C8D000563CC0002BB670000DFF7000104540000B06A0002F71800014575000F290A0004A26E000B8BE00001307C0003080F000724E30001B7250001072800015483000114E50002E0D1000185EE00018C410000D60E0001EFE000089A1D000156680007B1FF00038D420002291D0001AD3D0000AEEB000405250000E9900003258700011CB000081A6F0004B427000F62420000E1D20001604B00011E0D0003520300018F380002601D0003567E0000F03F0001B51900029FBE000270060011A0EC000192170001371700037602000B9A64000164810004E2650004E3F20013743A0001AE5D000448190002B21900022CC70001F80F00078E850004CE53000167830000FABD00043E7E00020F2C001370050001A1B500027B8E00011B790001D3A30001C6920001FCFF000121FD000285800001725A00057A94000304DD0000F5CF000120150001176400016C2D0001A5790001AF7A000B5634000121270001A0FD00011D5A0000E232000216D600024B2E0002582200017C130001E72C00013F010000DFD0000680170003674B000243FA00025E290001C8F30007FB1F0002807100069E1F00015ED30004155B0000C1CA0001BC7C0006B77A0000E581000FF0BD0001DEDC00022EF90003C79C00037A1D000156FF00024E1A000176EF000175EC00021C090000D81700012B390013E02700017EEF0007DC4F0000E1830003344900014C5300077E8B0000C00F0000FF8B00028B1C0001C6A40001E3F0000126EC00016341000A748B0002593800026AD7000111C50000F03F0005ADA10002889D000088580001275400011F7C0002C7060000DB3B00012326000149AB0002B6A5000532A200012BAF000309AD0003496500024B8200046A7C000120F00000BDAB00039AF1000AAF85000172840002C39400046CAF00080D060001827A00128A4E00075CA300048F4F000148FB00057DF00001AE9500039386000179B10000FCC5000188FC0003687B000222430004AD690005EE050001A1F0001031730002B5360001381A00020CF900039BDC00012E0A0001BFEF000E45040002C9C70001A1010002D93C000173E9000333260001F5F900019EB50001CAC300018474000407F5000246630004748F000152A9000FCA0A0002C8EB0003103D0001AA36000246B00002305B00021BCF00029197000246570002DB9D0001B0BC0002B0330002D7FB0001A4570005F9E400020B3400027BAA0001251F0003B02A0001DDBC00023DB60001834E0002C025000187130001E8060000FD12000431B60004952C0000C82500007FA0000381ED001063D5000511240002CA6F00068FBB0001472F0001683C000507150002B7590006070C00023FC80003FFFE000422B30000CB520004F9B800017E210002121F000376FA000361460000FDCD0005CBDC000210E500017C6D00038E0D0003349900015D4200047DFE0004A013000111E1,5120
20,0020001000,5,0008CCF5000C28A700014BE500035C57000269F60001FFD50004D0AF00019E820001384D0002F8AD00010FB90003FFE900077CEC0002573F00033DCA0013A39E00024B6B000275D90001BD190001C87F00013F1900055998000228000001815C0005EBD90000BDDE00014BAE0004040C0000E1BC0002E4AB00020FD4000123490000EC140001A1820001321500021E0600014285000235D0000507D500039B580001FEF80001133F00014B840001591D0002B2670001BE1B0001C9D200025B8D0004809A0001352D0004E6180001135A0001337B0001A7990001894F000582D2000231E9000EA7F900018DCB00030B5F0001CF83000534AF0001A7740012E344000138560000EA4B000A5A550004ABE9000133010003EBA30007ABB8000540940005CAF80002A3A50001520B000135630002168200041BB30001412D0003F5170002CE730013CEE70002027B000140E5000111000001F7DF00019C5D0000C09C0001347D0003461D00010DFE0004C05700044C4D0001EBC800025C790014A49000022B4C000167150001AD20000268CE000179410000F75800013BCA0001282A0008576300091F0500017A800003DC75000230580002E7AF0008BC5C00015E7B0004A14900021B2D0002B44400036BF1000110FE000221CF0001FAB7000166740002BED80001604D00013047000152D00005969600021AB200034944000AB1130001062000037753000138F00012FE9500018975000412F20000F7D4000172A5000148190001950B0002A48A000198D500015A4D000144B10000C104000387FE0002115D000541FF00021F3F00028D1F000144310006097B00029063000820BA0008E155000255DD00038CEF000B55F00002F621000D312F0007B4F4000262640002FF23000392A900029228000202B400030F4400018B9F000339A50001C1A30005D7340001D23B0007B3D30002F9130006870A0003071C00016B0200018B36000138C2000F019C00014A5C00094F200003C418000B13AB0005B5A90004B88D0003EBEE0003FCAE000174230003B874000146180001628A0000D8DD0001DAA10002DEF30008DAFA00020AAF000144DA0001D87700073A520001684C00016D5500024852000268BF0001F1450004CD1800019E4C00012A030000ACCF000364EC0008A99C0013E6ED0001879600017174000155DF00109FF700027CCF0002DEC7000257B30000EEBC0005A55E000750B10003E22C0001D7710000E4910001B3BB0004BDE60013949C0000DFF60003B4F4000364C1000613760002EEDE0001E2B5000182BD0013D3BD00029F6000097A110001346D000213CE00030BCE0001BBC90002C752001074D6000258720001B0090002F5C800017AD100079B1100021694000115B80013BE9D000162660002AAEC000211890002C9E1000208910009BA5500027AA10004AE5F0002156D00035E020001A9110001CC0E0002015A000C91D100018CEA000DF188000323FB0008734200013F270008CBF3000109250001AB060000F17B000181540001F41D0004B3D60001213C000280FA00027B750003225200043B520001234F0003D6FE00022EBA000125FF000130580003340200022A6C0001DFCE000287FA000183C80002B5230001DA5C000275560002686C0001F577000124C00013A4F00002684E0004CEF2000210FE0004E797000405C2000B841F0002009800061B4B000210830001C78F00016E5D0001518F00082DE50002412E0000F0370000CF930003B50000013B9F00043A210001C5C200020AAF00052B97000186D00003A0D10000C1D30004E0F200011CB90001A53C00017E41000367D80000F796000258A700010C3E0004F34300010FF80001021B0001B75F0004CD410001C8F90013BE43000106100002E10500012E2D00029EB400044254000C06AE000306D800014D1B0006F0BA000203A7000329B60003CBA0000151CB000165F600036B4E0000C05900058D9500019E2000011414000159F00002622D00013484000130A200139C800004ABED0001A6C3000168E2000149D80000D01C0000ED0900012B470001EA0F000370970001D04800011D5F0001F45E0000E1870002FA820002034D00016C6F00022807000414730001785C000208E20001CBAF000ABE60000108E900058D010007944D0003EB110001CD080000AFF30001F9430002438000078FFC000784A40000CE700001746D0003E06B0002AE59000154AF0001C89B00015CB50001F34D00023CD80000C0030008861E00048D620001AF270001756900035F220001A14C00015ADB000116A100015D540002892B0000FD1A00032371000204440013B8420002665A0008AC7D0002196D000179280003F8F90000FE340000ED910013B2A60001118E00027DDD0001A17300027C5200080AF1000219E00009DB9900012408000141F3000164DE0000F6F10001216400013E290001FDCF0000FCD70000C11F000185F20001E1AC00022C52000150EE000160D8000266B80001E6E700038BB400010A8B0003396A000545EA0002E64B0002BED300027A27000182F80001CEF90000CB1D000272C00006A3A90002A03100017DEC0001D5EA00029B180002952B0001F8E50014568A000312090002115200041D4F0009EDC30001C1520001666100015618000198740003EB32000129FF0002CBE300011FC000040EAB00017BBD00010F500002CCA500019AB10002946C0002F9270006A86F00021990000101E70002AF2400013A6B0000D2030001F07200018B9A0001ACBA0001492A0003DE6800018BDB000230C5000148F8000C68340001798500047F7400014C370001CD16000374D00001B75F00028A5A0001F197000200D3000242890001065E000157CA0002B6A200018ED80001B03A000145C500060EBE00041D0C0001E75D00024B39000248AF000154890001D9B900017C95000244920002064E0001C4010013A011000259B30002D075000349AF0001B84F0002797C000374DD0000EEE9000193810004AD9F00072C620001B3940001B764000113840000BFFC000353BB000102150001C0A60000ED250002AA650002782B000143130001BA4B0002426400025A240001A953000A7C370002028B0004DD6B00041767000172F20002200F000DC23F0002191F0001EFE600031F59000313A500014828000311FF00012EE50005682C0002EF6E00019E2E00015CD60004163A0007DF3B0000CFEE00020EFB00017DE80004D1BF00046EEF00012AD9000177F900027747000592C500021D2A0001B8A4000387D000139DFA000122B50003CB3300072B7D0001598F0001F9040000E43D0007AEB6000224680001D6710002498500035D990001CB25000151E20013924900030D0300019A8F00014A660002E34700013AD60007252500010F530001D0F60000EE180000C0F000028A1400019310000101790002F5B30001AAA000012EE40001659E0004C4C0000682630002B6660005CBCA0004812E00033DB80002E8FB00017A590003E8530003DF190001BBBC00026B8C0003D02700015F480001144C00010B280003AF250002048800010D360006A2D30002251F00069F880012AEA900014EC7000ED2830001B16C00011CEB0000B53900017C9700013C51000185E9000514D60001EF440001891F000F07690000CB11000411EB000156D50013D4B90000CF7D000255C500058BFD0001853E00021E3B0002381A000128800001B76F0001E5740001000F00025C6700093BA000086A960004ABD30005808A0003F8BA0002565C0001406F000178D5000DDFA10000F73B0002CBB00005D89F000E0FA3000656AC0000E00E0002AB0800016DB5000291CC00040CE90001E0090003DAE600012FC8000143B00006BE490010DEA00002BC3E00058CD90001F73B000249380004738600028508000551D2000164690002BF810003D1A40012A1C100014D7700017EE9000A5A6700016B200006F66A0007C0830003DCE90003DDF700135F350006727B0003748F000148F8000ACD12000119C800084C8F000253C0000179400005CA9E0002079F0005321600016EF200021D1D00011DCC00018980000459E0000111C3000164A20002970C0001A6160001F23B00049F4B0003F12100020BA20001B29E000165B6000107B1000B403D00025E8A00022C91000144A90001CEE3000147000001610D00015D5900082C2C0000A5D0000379580000FE7B000131950003E10B0001588E00020270000460620002C1680001490A00027B870013B9060000D5C4000171C000016BBE000CF4F1000111690002965900050AE00012745C0001A3E8000154D300071AB5000AE4A600019A990005122B000405290003EF440001FED6000209EE00019D9600034CE50000F2D00003E75F000226B300016AA30001900400027E32000149450002FAF900019BBD00089BCA000332E7000C3A7A0005DB7100020F0100014AD10004B1A600013940000578740001930800017843000140130001A2F10001A5CC000161F30007B61A000144940001C24D0000BDF10000DFF10001079C00040E120005A6BD0002214D0006F0B600012A7700024EDA000145FC0007108F0000FFE10000FF28000167EF000B3E8300016A570001CDFA0001A960000258BE0000DF9C00050742000297A000015D90000197D6000675D500010E6A000358CA0005E6E70010A4A60000D3EB000390BA0000EFC40013EB710003F9AA0000D01C0002A50300056A17000A8F8F00019A630001A34B000367F70000F64E0004BE1A00036510000208F50007846300028FFE00013D8E00030BEF0005168B00011E1F00015AB80001DBA40000E9EC0002CC7F000342870001638500053957000186360002454D00013D2500015C8F000448EE000A81F40010D18F00069FC20002FC98000749F30000E4DD00013E7B0001897900020F6D00034BE6000126330003F7970004139F000B492A0000F77600016BC40000C330000169710003556E0004FF5A00035867000128890001A05D00018178000349BF0000EAAE000260BC0001578900086A260002966B00015EAE00010FE30001F36F000281660002B03E0004943E000135F10000DBA10000C9390004BF34000139430001F68000049B7800023DB400014F29000301650002B73900045E090004854A0000E065000127B400019D7A000187A800067E2C00014DA70002D75C00027E4B000190F700055F990000D0D00001DB700003CDC50000B1F30007D2610002843A000126F20001B14A00025E4E00029E770002A9E40003303E0001D06A0002D5AC0001DD680001208D0001C1ED0001B02E0009E52C00023FBB0008912600020FE500056274000107A7000267820002AF8200028D9C00020B610000EF7B0001322A00022E8B00020D82000D2C4D0007511E00011BC20002670A0001FE2500036F7000018C3E00019E6700033EC20000F32E00035BB8000334350002EC0D00030C4900139013000297C5000760A700017E1400010F9F000213D500023D1F00020384000256670001F2A000016CFE000272C700032E35000471ED0003623F000276160002B95F0000CC620004894300033B7E0004084B0001293B0001FC8E000188B8000271BB0002117C00016EF8000159CD0002D5080002156700019F18000099F60002D0B60001337B0001FA3E0001E8BF00074E660002505F000347910000F14D0001826A00057617000185B20001EF7D0001D5E900018944000223700002FA2C00016B5D00029B180006233100035D66000212F30001F811000439D100056CF10000FBB2000182C6000656A7000207AE0002D6C00001128B0001370700010A5F001300940001393800067B81000302FF0001A07F0001008E000912D50003715800016916000090030001E48A000174E80001388D0000C6E10001596A0008FD4C0002233E00037265000A39A00001F7E00000E0BA0001EE860001E51C000165ED000339EF000177F4000661C200068DFB00018115000114BD000531A80002004800014259000129740005F01B00032171000237310001746D000151120003860C00016391000119A50002647B0000F16C0002C3F3000170D1000180B00001918F0001EF250001029C00022A1B0002500F000141860002C9010001D7EA000222470013C30800039EF70003B3590000B0140000E962000296F9000122810000FC8E0006AEE5000353960003513E0001EEF300131EB90002BB160000DF900001091A0002C62800018F2D000253FB000148C4000247D00005E51D000C770F000867EA000190790000FC790001BC4F00012AD100026162000289B20004302F000138E1001398B00003085F0003F27600057AAB00012F6800022E4B0000D19C0000B04D0000D9D90001730300027BAE00012DB10002CA09000102E30004732900009191000319210000EBB10003736F0002D8D80001A75200033F910002B97F000374B5000245170001A05F000273C500081C6200018E090000A0070001118A0000BDFB00139AA2000225280001DC240007FF83000349730003CDBF00021B3B0004E17100024A420001856900015E1100009FBB000F12AC000122C2000116550001A4130001C0C20003CA0F0002FDF40002F8D40003E30D000104E1000C6DB10000FE020012D165000170010000F6C00002165E0001FE910000DCCF000364ED00012B4A00020EA7000217B1000184B40000CFED00016D010001BDB30003343F0005B7F50002383E0001D2CF0001E3FC00049B200002B4A600014E8100014CAE0000CEAA001378280002B5D4000ACB010003D56600017AC40001B7AF0003AE09000142DC00015BA60001348300022F7F00017F79000271D700012D8B00016BBA000739F50013B91A00019E9D000170380001A83A00032BA50000FA0B00013C870001C51E0000D29500016F95000413900001666B0005A7AC00038052000170D2000235C3000420F800009FFF000386BB0002C8620005D2EB000379230001E893000260690000F58F00034A6000045B13000326490013FD1B0005057C00012E180001DD910000E08F0002E7CD00029D7A0001A3FC00013EF20006633A000274E800037DF700036C8200016E790003579900020EC400116CC2000316C500017A7D00010FFF001362AF0002A9BA0002FE5100026F2400022C61000397780003EA60,5120
21,0020001000,5,00012CD700093E97000203E800039015000116B100010B24000149AC0002C8EA000AA6670002641A0000CF1000017B8F0008F3FD0000E9E00005685100037FAF0001F0590000DACF00028FA70001471F0004AFBD000F21FD00037B7300083E780001C2340002A44F00014A5200015A5900025DC50001FA7F000183F9000147260003E5840013BECF000311BD00014F1F00081B30000AB171000139CB0001118200091E92000749730001E90D0001014F000913F300013585000787970004ED48000222420002C6790001B51C0001AC3800017B88000433D60001612C00017F1500012D83000213EC00010FA10009512200031CD60002C53B0003C70B00024C20000110A300010C740002DDE50001CC1B0001499D00030C9100081CF200025B7D00025FB10001C68D000A4991000154A80001225A0001A2D5000257F700019B80000299D3000F8947000373700001451A0001297A0001A368000118B9000155610000DA140001E8800000FB490000DF71000507370002CB1400043ED90001D30100017FA100012D0500025BE3000282C300053B7900012EAA0000D0F40001218E0000B09D00035B8F0001F48100033DE80001472A0011924F0001585F0002D0440010465A000192570001245C00015DBB0002753600015FD600015C540001EF540009CDC90003CF310001DDD70000D2B60002378B00017EB100027DC4000289000001F9990003AC9900059C1500016D6C0000AFF40001DDEC0001F9FF0002BD110003F06C0001625A000104540001228F0001566D000114DD0000FB6A0002F0FC00016C7700022A9D000114D50001E7410001201F00029A0F000256E500030B4B0001CA0A0002BB0400013DB200038FEC000151030013F431000151EE0002F9B400022E360013818B0009EC320002CE66000115FB0005BB4A000292DB0004424F0005D2FD0001C2900011B38000038E830004F1EE0013E3420003D2120002B2CF0001CC0D00136AB800034A81000117150006A8B200019B190000E2ED00045B15000964DE001382B2000155A50000FDEA0002CD7900016C63000725430001908C0001826D000160FD00038B4400011BFA00039C32000A808A00027F75000250E50004CA0000019A3200017CC80001C0890001515D0001CDAC0002415D0007E9690005F1EB0006CCDB000298D00001674200015DB90001EE740002CF560004625C00047A9500014AFC0001A07E000199350001336B00128885000D22B100026D060002C2F80002A12D000103B7000242DC0007739E00032FF30001624F0001587A00055E33000C01A10000CDC70002E9BA00047396000745F600050AC700092707000935FB0000910A0004DEF60001E2E50000A04A0009F18C0000EDB5001191D100012F8900021A610000B6B2000A396B0002B3B800033C1C000102930001479200011A350013817F0002571B000362ED000142C900019FBD00027B7A0001CB0A00061B8800034E140001CC2800013BCA00031BCB0000FD9200016561000111B200069CB90001B1E10001B69C00018CB800054D3F0002C147000223D80001D07D0002DF32000238C4000249940001814400017F700005E7F4000283C70000E3B00003FA2300013A870003AD47000227A100069844000350C10003DCE1000250BB000154920001A99D00017DA00000E0EB0001138C0001AF4F00017821000328D70001875B00022DC5000177CF0004B98B0002F7F30001FEB800017A690000C6780001A126000245BC00011C790002F64C00017188000127C500021D0D0002AF940006F5F9000111C3000166B90012BF47000223EB0004475800013B8B0003DB100002C1EB00024F2B000291A30002E8010000C05A00133CDE0000FC5200145FBD000240320001F60500010D1B00021B6F000180CB0011A37C0001CF6700032993000113F2000226440006AD7E0001E8EC000166FD0003EA87000373B90005B06E0003A26A000336E20001916E00010FB1000832BC0001D86300031E71000889AB0002CF3C000189F700026E830001167F00031E8E0002264400019F1B000128F10000CB1D0001A887000626BE000205DB00031C06000555F60000EE76000D096D000112D10001262D00007F390001AC4D0003FCE600024E3E00027C2F00009E8D0000D2DA00018D27000201530005F70B0001767900039B890000D00600020F780002C82300137C580003F5300001CED4000120970002A9B00001408C00020FFC000157CD0002E5310001BD5D000178C90001DA290002065A0001514900023E330007B60F0002F5F00002A1C10001B981000807190002E69F00063166000187710003C0A90003C10A0000FFEA00032087000250B200025B4D0001A8510000FFF500093EB50001A34000016A90000BD8410005459F000402000001B7730002E79B0006EF680001684D0001F4AF000118E500048D010003A8A00001A6990001D0E40001D4D1000E447E0000DE690001229D0005288700028D51000178AB0000DF470007D305000161920002631C000133FF000264060001341C000230250005B7750008DF3C000120610000BFFC0001AE310000E5F80001A534000174230001501500018B7A0001711D0003A3100002A1550002C19700020B1E00024E290002C2B900021E63000117BF0004616C00021DBE0000ABBE00026E38000150CB0004F6C60001B4EF0012E745000290E70001671F0000F4BE0008E08D0004DABC0001703F000197C3000B75810001C5B70002281D000126F20000BFC8000125F50001963E0006DD910001D6690002483C00044F7C000526DB00139539000324F30003BDF5000137820001798F000145A500016DD000012BD0000537E9000178EA0007BA7A00011C9F000242B200015EDB000134A5000116C2000636D5000450F7000174610002E1DE00016B9D000895360001E2ED000110FF000188C30000FCFA00028C82000164EC001351970001BBE40000CD1A0000FB3D0001B6B1000171FC0010B2550001ADDE0002CA1F0002C0A8000D7250000142EB0001DC6A0005A42A00014B4A000186E000010992000158670006907A0002759F0005300C00018BA500065639000164270000FCE20001EAE10001CFEA00028C2C0004148300049269000312A40004DC8F00127998000894E400019EC40008BABD0001DA47000130B100022803000100240003A7310001649B000304E40001F4F600019D58000137A20003354100011E040012AA3D000289C100095E5600018B15000189D6000375790001C9920001A2820006971E000107F90005BDB70002E1030013E488000126290002260F000117FA000131CA000465E4000332150004DD3C000188920001B321000282080000BDF000033FE8000143AB000DFEB90006980D0013E42B00013426000268CD000128B600016FCF00031B5D000169F2000101730013D4DA0001520A0001F411000144FA0011E08A0002F37100028E790002E6FA0001D0330002775D000435CD0000FA6B0001176B0002B45800020B85000301E3000280BD0000D33400024B70000154760001623A0002CE8A0001FA730003FEA70002D6AF00050F260001C5570001869700025723000152320005B40100029A280002788E0003571C000291A00001B64C0013627000061EA3000291AF00018D3A00031B39000992BB0001553500027C8B0001B25D0000A4F90004156B000288360001B49E0001E02F0001D0B80003E6470001F31F0006BCEA0000CFEB0001927B0013E81E00015CCC000A364D00009FED0002DB410003119F00010759000256BB0007044D00081E4E0003590800011E4D0002226E0003408700034A9800039AF70003F08A0000AD6B0003A69F0000DCE50003B9EB0001914900025A1B00059A66000362DE00047B6E000483FA000241240012FD810001413F000689820002912500013B790002C99400014FDB0002B03400138C4300025E570005A0580003AC850004BCAB00031245000506B5000169630001085D00012034000D16B80002982B0001C5DB0001AE4B0004BEFF0000A8FF001303290004B1B7000297410004730D000376270001696E00022181000547FF000184FC000473BD00034980000165D7000248D90007EFEE0003D85B00013FA00001911000030FB500021CDF00039695000370CF0001F4E6000185890009019D00019F44000220600001D2FD0001725C000180E2000182560003298B00045FE9000552F600010ECA00025BA300014A3B00020D720001DE3100047AEB000552230002E75300016E78000276AF0004D1CE0002993F0002B5BA00018E630001AC17001211F90003CA8C0000E7E4001177BE0000A4F30000FC3C000982BD0001CDAA0002D59900049F21000241350001721E00012D430001067E0003BF990001808C000118E50001E7EC00021A8300042B03000643460001D25E0001546B00038D650003061D000156DA0001E4D60002273300047D630001D52200016C580001EF360003C2BF000140B80003A1AA0000BD110003D3B50000F29900032A510001A04200020D3600012C0B0001B31C000294C3000111460006B9BA000B71D500025213000F4FC7000147630001920A000159EB0002AAA700090668000127A60003B2D60002EB480000E2FC00053F6800018C7E0003B4C50000F7D30000EF0B00044F4600033321000188620001270100013F110001DBAE0002C54000034536000561870002E53900017F6D0004168B0001FB570001B06B000986B2000402A50003BDA1000676680001787D00027C5E0001D41400022D4D0003EFDF0001D08B0000E3AB00133A840000E60200012F540001914900044E38000BE25700016A2300034F690001BA17000A27B70001EBC60001FC280002AE2C00057A6F0001F6F900046FB20003E2BD0002DEB300011F570002A6E7000388880003AC86000143AC00068CCE000151FB00012F3800013A5D000448BD000322C200016C210005852600030D9B0004C9A30002AA810002F6F100012CE40013BFB50002E1430000E04E00042B750000B4BD0001E16700046157000140EA0001777B0001F24D000277D900016C6500015F2700019CCA000339C00004F7AD0001B4070002193C0001B108000399DE0002CBCF000CB647000205970000FFD100024F13000164430001149100027D5200016A2B00016B60000133F7000101320002884F000229AF00047D7C0000E09E0001905C000410950001CF5D0007C8E20001CE27000199D5000554590002B2B100027298000298270001A9DE0001D1BB00025B190002FB350000E02F0001E5460002E4690001C54800018639001266090000D94F00033FBF0001E0DA0002A9270011626F00023EB200047B6C0001DFA9000340E1000312C70000FECA000C357D00136F740002BA0C000141D30001298F000165D50000D03E000187C3000133EB00036EDA00028623000184230001FA190004F71F0000E1D7000105930001915B00010F8F0001055B0006C2EE0001211D0013EF010005CCEF0001D2250002C2D900026B530001A1E100032C4A0000EF15000249B200032A730000F9AD00050E2B000303AB0001A32E0000A46F0000EF8D0003BF640001BAE00003DC9E0001716F00015025001177CB000703150001942900023A9E00057ADA0007CE7C00047E9B0001D23D0000FD4D000275E10000BFF700014066000108B10003C3410009862D0001553B00019D9B0003033C00015FC600010213000208BF0001CB5F0000E12D0002762300008FF1000252C0000723700010C4830005651300038EC30000E15900136F740001349E000103FD0001262500039FDF0002EBA20001C29A0002AAD90000E47B0001A7EA0001CC3F0004DDDF00018A1D0003DEA500026620000134E1000324C10002C4C700045875000161B50001FAD40001ACF60001A0EB0000D68100035ED40002E31B000254970002C07B00015C11000167650000D6CC000162B90002CE91000193A000070D7900031A350001E6D80007965B000110E90008CE1300138C620004EF660000F79400020A900001030C0000CF360001054900018EFF0011A615000365520001466100010375000313720001F41700025C78000240AD001373F600029DC5000A8FF10004432B000438BB0001974C0001DB1B0005B9CE00010271000151B50001737F0002B49B0001821900019AE500023E5B00077E040001B4C20001BA9F000186960005827200026B0A00016B6700039BE6000480DC0000B2710008DF720001AE03000226F30001ACD40000C0470005A74B0001A4ED00035549000188CE000580850004959B0001D7B20000AF7A000259A500026EAF000427940003454D0001AE270000FF5E000248FB0000EADB0001259500014964000C52B60000DF09000B59A40002C8DA000358C70001678E00026F1E00013444000194C30003781F0001103A000141640001792C00040B6C0002FB3F0008978A00019A48000136C60012AA7100025AFB0005C00900025EB90001D4CB00032C4F0001BEBF000144F0000A4D110000DB63000140010000EEE000044D740001007100025E440007C6BF000165AE00036074000203060003159D000663A60001771C000F162E000212ED0005BA0A0000E0440003206C0000CBF000025ED30000FC1B0000EDB7000330B600039BCE0001ACCA000260DE0008B1C10001953C00012DA40001F9370000CD850004B34D00011AFF0001570B00028E470004527C000128A700036ED90000DAED00017B99000146930001F3940004522B00021B9E0001E32900033BA3000227980001FA860003DDDE00034A58000157840001FC3F0001912600022CD50006319B0007439F000319310001B0D900038A070004DE5200017E280001CF530009EE4E00023919000D4F190000DEB300042E950002B9440000CC2300115FF10000B9A10008C6F30001673000020DB1000667CA000382C200023B4900011033000090100002C420000230340004561A0001482800013BE10002359E0000D0390000D3C50000C889000317CC000198F30003DE50000333CB00018FAB000311490000E0790007BE110000A09D000E188100016925000357C00001DBA1000267BA0002F9D5000CD4A700085DBC00018AFB000114530001A30F0004CCC400027E980000D0AE000ADC5700028D190003DA6C00027FC8000AD8BD,5120
22,0020001000,5,000231F60002F88F0006807B000AAE78000894D700034C110002949300035CFB000A44630003391E0003E9BC000A417600069AE200129E8900026AC20001B2F80003A08F00029CA50008B4310006B2D1000AC2A40002214600034859000310C000014D12001138870000BD3F0000E11200085130000381EC00013F0500064C3A0008A1E90000ABFF0000FC070001139C00025D1D000121120003568000020153000255C400029123000349DB00013FA70000EDA900027FD100015F710001B10D000203AB000389990002B91000026AD300018C590000B06E0001DAC90004F4F0000197EC0002ECDB0000E2710002A4760000BEBE000E211E000308F90008B8BD0000F2990011DAB300011C0900066E3F000154D90000DDF6000143560001F7370001A0540003AFDE000A62F6000349D30003F77F0000EEDE00072D010004BEC000031F7F0001E2D80007717B000BD8EC0001E4D800055A300006C3810007F550000112F0000B0F82000282A300028F5F00010FE600014C8A0000DFEF0001872D000184B8001301660003B63E000130160003627300045445000AAB8C00015E2600051AAF0012AD490005D1430003557D00015AC600017F19000377E9000393510002814C000399350000F5A100026090000ACEDA000180C90000EE94000249AE0002C3000003443D00016DAF0001F8FA0006A616000811440000EF7600016EBA0002EDBB0012FEDB000148AD00027690000C3E7E000273900009AE8B00026E2F0002F5B80004698400026D8C00022C1C000227260006D7530001D5DA000F569400016272000B5F8F00048B95000129260001A385000184DB0001C58D00029AA00002790900013BC80001744900014ED0000251310001BB7B0000F7DB000325BB000106A7000671CC000257C200012967000128CD0012FE86000137D300034E2C0006C9B400048AFE0003654D000576950000AE7300017CDB000930790002B5B10002B6B80003040000017F360000B0B500011452000E7D9D00016BE400018DE5000111720003885B00060EC10001A59100017A4D0001567D00012F760001640C0002BCC1000288DC000166D8000369A10002D453000207370003056E0001006D0001A90500020D3F0001CB7A0004750D00013A020009471E0000FCED0002087C00018C560012D8AD000126CB0000A20D00042B440001DFCD0000F7B6000879710002CBAA0000E2930001651B000153700001BBF40000E4190003B7AC0002D88E00015DD50003655800010FFC000254EE00051258000AA7B500017A5B0001582A0002162200037525000363A1000136EA00011093000132D2000151730001017300087E64000099550000F1E800015F610001DA090001724700015908000C724A0002E2660003BBCC0008C1CF00040A4D0000E4FD000333900000B7CE000176E20000CF3E00016B970006D6CA000DA74D0001642C00025EDE0000DB5C000112300000C92100036D280009524F0001751B0008902500019BF70002A931000174B90001A85F00025EE3000156BB000278BA0001A6E90006A1F40003C9320001FA0D00032B90000D474800017A200003A94D0001247F00037A710001142400037FEE00079CCF0001E6F60008DE460002D7F30005C12100014DCC0001617100036E9A0001FDE20004A51000032FD8000519BA00010705000DE05B00015BE40003A43100015F0D0003FCEB000162440001E0CC000188DD0002BE0D0003ABB60002531D00063F7500022C720001474D000629290005E3F40004A4DC000280750001105A0003283A001065B10002C59C000114B3000160740002058200023A8F0002698800043FB20001E3E90000F6A200062A7200026E4E0003AA360000FAF80005AA8A0001CEF00012C975000103F600015291000117BA0000FE33000218C6000295C9000B7D2F0002ED480000CE4E00025FB200012F6F000575770001885B0001CCAF00012B1500032D320006307B00025E5B00019D1900014F5E0000E2C7000154190000E1AB0001FCA30003F30100132A060001772F000148C00001940B00025FC000014A1C0000DF9B0001351200021EB300010F030008A7950001D82000017D2400046DD80001810E00011DA100022D0F000137A6000460B000025CA700031FEE0002394700029E9B000364B900015A9700028B8000012A190000AB4A000427F60000D7DF0000F1260002FD7400016C9F001222E90003A0A50003DAF90001BA04000297B50001C3870001AB5B0000F18500011CAF000206AB00026DDD000651EF00019FBD0004EAEA0002BA100005C0BD0001BB0E00019A060001088900028B3C0001A4DB0012CE9B0006404D0002917A0002A6FA00024DE800053CD50003416A0003C2150012DD3C0004BAA800019F5200018B3D000222070005FA24000219BD00055F150000EF88000165E10001DEDA0000E2BA0012F7E20002217F0001387A0002290F001227CA00047DD40001B1B700027824000476570000FA200013A25100014499000EFCB80005067000061FBF000192C20002F6A50000D08500019AE70001BDCB0001AB390002DAC20000E29900036FDC00015BE80001330E0004413C0001A7CF00021FCF00023BA5000146FA000211B00004A206000A030C00038BCE000250DE0001C5030000D396000213AA0002DDD00003DA8000038C6D000432600004711500129D7A0001752D00017F5D0001410C0003AD2E0001607D0001819F00021D1200021059000449FC00014EF30001104900021D040001DD5800016ABF0002339700014609000227A70001438E00089B8F0004765000027082000246E70002D11F00060C6C0001C10E00036D930003652500012BF10005D901000F22C700095899001252200000F017000178E60003AA50001309D200015B780001503A00019455000F0F030004FAE100013E98000132CE001293760000D5DF000149D70004C3B00002C2B90001281F0000FB830002A2AC0000E08B0001783400019B820000F60E000DF34D0000C3F20000F36900014ED90012E9100006364A0000EF18000199AC000AB56B00096ADD0002B8C100033BB30002F94F00019A3C0003C778000A3069000399490001AE4500029F5E0004B572000229930003347B000122B2000EC18D001282F000014E1F0004ED98000518950003D1D900011EB0000196320003C6FD00028282000207120008320800019BC900022C680001ABBF00010DB00001B78A0000E09100012A100000D576000188480001D46900019EF10000D3DD000445C00001F9E00001B93F000168DF000133AE0013003100013D650002DE1F001195D500015B44000331950003FB0900028111000274CD0003944400013C17000107790002536500022AA20001D62300012E600010B93E000371D3000408CE00010E08000130D20004E1410002D72F0004C7480001DB6700010F500002136B0002FF1A0012B95D00009266000207960004A2C900030F54000222B30002F93400022AA10011401900066B0F0001CFB00008BFAE001311EB0007AE5B0001456000117D7C000BF3310000CB32000681370001D5EB0002BACE0000F29C00020751000836F200011DF50001CAFF0003573E0001A6A500133B7E00012BF50003CC3E0003FB510003E6CE0000F7650001AE4800015F650000F88A00015934000192BE0001FFD1000605610001E1E10002E4D60000BBFF00020D050002433000014284000195920002A9C5000123480001FBC90001C0D300028C3900039313000127C10001705D000B28ED0002942C00054A2B000270B80001C27E0001483B0006A9860001AE6300050C320002416B0002BA6100013D050001587C00042E570004462100032B3B000121D20002EC48000A27C60001F1D00002182200023AFB0000E9B500017478001274490000AFF60002647F0001720600019FC300013B42000BABA9000A35B00012A0DE0004A4690002A7E500012D33000395210007B3570001EAD20002550A0007C20E0007C56600031AA2000220B10001B1CB00013AFC00034CAD000271EB0007E9380001CDB9000180A5000245CB0002A2A300042F180001916700019A11000229E30003347F0001DDA70005154500029BEA00015CDA0001ADEF0005C921000109810001AEC70002E8ED000249FE00019CF30002F9490002496D00014CBE0012154C00015C640007BFA80001ACB9000120EC000211AF0001A51B00010A1000128F030001DC0300024BFF0001AD020002DE4E0000FCCE0003F9D40003B4EC000197A70003A9480003EF8C00036BC60001FCCD00019A3F00059B2300014161000101C200016AFB000143740003FE0600043ED90001A6EB00024636000167F3000139150006066900019BEB0001035D0002AD470003C3880004963F0002DCBE0002F11F00016ABF00011AFB00025139000107D40008C3C600018BB500034C3700021C410000F572000163D700045F1C0000DD160000E5170000BFA900023B5F000125390000A028000261B70000EFC30004C66E0000ED5E000172FF000180DC00028B830002BA63000188080001EF81000169E400013D5C0003758F0001C48C0002B2C800031BCF0000CFB100053EB10003E3A20000CAEB00021D9D0000FB6B0002D69E000399C9000A6A320001802D0001BFB00002878D0002B62A00081D6400017D7A0003042700032EB7000A5890000393CC000A74D90004188900018E7F000305850001BBF40004CEFE00016B6C000376AB0000DDF7000245CB0005C90D0002CDC70001223C0000F1C90001451F00022DE90002108B00014DEB00025B000002A15E0001D3040001E1890003C428000197DF0002F6590002880A0003041C0000CFCD00046536000221D8000291370003B19D00014E3000025A1400063074001330DC0002D8F700031593000694A000044F9D00016D1D0002BDE700013F0600020DFE00012CEF00024C19000409E60001BCB500018D98000377A90001E7E800037DDC00036CF100016F6C00016D640002C72100011D700000FD1F00010FFF00012B5F00014C1B000124010000EAE30002646E001381F000018F6800017E4D000F833300021E65000521D000034B5600027A7600020316000227580000FE6D0010F65600013A530008F82900098861001386AC0000ED520002EFD90001F63F0001DB0800018FD3000805380000F05E0001A84F0009DD8400035A770000E5DD000141AB0000DF8C0004A6A90006665200065D170001C06D000149E60001E6FD000A9547000392480002026D000205A50001DE24000258F20002EBF9000173CE000239CA0001634F0004BD1400035018000304790000F18A000113490000E4830004F4ED000700290003F02700012631000FD9C90001454D000359D50002FFFF0002541600037A4A0001D92A0001193F0001C3590001735300012DEB00036C910013151A00014AF50003243100014E6D000122C90005028200018389000201910001CB3300016B7C0003E2920000F98A00031910000762C00002AA800002440E0003D0ED000286440007FA1400024863000190B600016A7B0003895B0001CA2200131A7800019AF70002C640000616C90003CB2B000211D900021BF20002105A0012FF4F000113DC00022DE50001C47000021C090002442D000194D3000A3DF7000254DF000126CF000185AC0002995000018F9A0002D863000150E30009E805001247FA000314F9000264D80001AD1900035A6D000667A5000D95820001AF6700020CA200023199000185A800027B6E00014EE30001A7810001E7C50001E5EF00017D5100134ACA0000DC3600038CDC0001645F000144960000AEB900038169000137290007CD6B000A5EA500055D7700045FAB000183360002E4060009682B00025E7B00021FFD00036FC300019E850001AA2100016F92000734DE0009C50700018F7F0001000A0002891F000380F90005FADA000216110001FB4D0002574E00021746000333B100062A68000388E80000EFB400035965000141FB00080C160001B0880000B035000129BB0001B6C60002BF0900014E3200016E5A000591B90003ED7B00010FDA0002DF770001812C0013986700016A6E00017C0100027BCA00029F8F0001BB1C0007EEA90001B3040003ACA0000183590001031C00014F3B0001D5DE0000F26F000482390001E409000481EF000149CF000140EE0001A6290001B64A000123D4000146CC0001DC1E0001D6B00003E67E0001CC460001A5A9000BD4FE00041E3300019CF10002CE0B000138F70002C22B0002AA30000351A40001611A0001B520000263A60002ABFE0007353C00026071000158B200019F83000B52030009E2B90001453700049717001020DF000172EE00040CA90003EA180012B70700014DAB0001F6AF00011B6A0003D8E20000F45600010C9A000939F100025F250002564F000F0B5D000121E90000E0130000B00900013B1D0004C11B000FF8330002875A00011217000309AA000DA6660003F2D700013653000326170003DE8F0001066B0003F063000259A10003CBF6000234AF0003B5D10003A7FF00128FBB000182DB00051B3400011ED40003A0590001B10300011E1200015D9F000168DA0002DF3A0000CF420001F9D10002118A0001E067000568A60001A22E0003AC93000388E7000101EF0000F3B80005FCBC0007E1D800014C01000154430002563D000155730001371800020E8C0000D2640001BB3E0000EEF800018E7B0001EAF80002328F00033DC7000156850012428700017DC200065022000725210004A16A0007BFCB0006C1850000CF120001806C000129CF00082B410001A04300031B720001E393000358D2000164B20002136A0000F879000106E10000CF870012DA390000EFE200062EA20003E1E300012B960002DD460013A7A40001CEF400028FCE0002DC6B0001368F00013BBA0004AA41000928D70001E8DA000163310012EB690008D241000196730001315D000290CE00012263000296770002B5DF0001881F00011EA40002C0C700056DA20002290F00029E5B00027A920000FD0700011D000001186D0000A29700013829000127920004D7DF0001BA9C0001CACD00015F020001324B00019A2400022835000342D80001148D000402980002C9730004353C0001DDB60000BDD40002B7C5000254200000FC650001C605,5120
23,0020001000,5,0000F00A00112FF700011F7B00036BA8000122D6000113FF0000F16C00018F3F0002C57E00012FF00002B4E700098D980005C2B30002384D0001B7CE0002A29200047AF00011B557000255F300008DFA0000F3780014FB38000B0CD10003082B000294C100014CCE0005141B0001D69500012FCF000451B0000344C60002A7930001ACBE00013DED000602D10001D4D1000235F6000A92AA0000B09E00016D5D00047E960001DCAB0001B59C00018178000101F80001102A0002CF1B000187E60002511E000387B00005C3910001497D0001F9EB00019D6C0000C213000247FC0000FEB5000194F300011DA8000159E700016D250000FD8A00024B6200030C0300027BF6000319530003DBEC000122F900011BF10002855C0001D673000159680000B3A00002D1910002269B0001D96D0000E07D00012605000201210001259200011C24000359BF0000F5BE000145E00001D367000262EE000811B0000145550000BA970002760D0002837000032AE10000FFD90002C1B50001C933000103AD0001546D00119A4A0001299800029212000872D30002AEEB0001CC1B0001DBC80001642C000135450002F4200001A0C400019E43000259910001C30200026EB30004CF1F00047CBF0002916F00027F890004A9E70013CED80002CBA10000EDA700016F670005E6B8000305E100012E1B000159F000029C8E0000FEA400025363000124F0000132AE000913D600058BB3000140990001AFB000015F610001110F00015FC1000187390007FACE0002DBEA0001831C000141B000019E67000158F300023FF30003EDEB000436E00000BD7700081C71001411CE0003AB9D00078D410004F25500022BAB0007DEED0002574000031C32000318FF0002B6340001B2D60002645100009FFF0002715E0001EA0F0002EA850001F9000001FC960002881700035D3D0000CDE40001FFC90002F6DE0001F863000587E30001B36300020BE30000AE410001F1780001305F0001F38400011E750002F7280002760B0001417C000130580012474B00012CA10003867D0001FB7500019F6C00084D420007B08E0002E1180002D6810000DDB10009A19E0007A05000019F4500014E7F00093D9C00016779000A916100020B510002A33D000189710003066E0001078F00022DF300010837000103FD0000D0950001A4E40002E0A900018AA5000235410001268B000183A300032F6C0003B1080007F5EC0002A21D0001526A0001F7B600025C740007197B0000B0DD0000E0850001CE9B00022A830001AD460001142D00084C6A0003BD3E0001514A00077F47000379AD000389970001417D000128AB000232FD00025D300001E6360002286300020C57000343FA000240E800013FD00002DAE9000284AC00012BF00000F1720001CC520000F5BC000B71A900011ADA00032B2F00086E3A0002BF1F000151700009562B0001B71A0001B17700018253000464530004FABB0000E334000396720001CDB200011F6700032CAF00012AA2000936A90001395F00010E400002EEFF0001E1300001E6D20005CDAC0000FA190001C42E0007E7770001F8880006473F00078A58000185B500031A9D0003E8DA00031F0400037F9500010E320001665200067F8F00017E3C000274BA00034A130000EE05000130C30000DEFD0002505B0006DB7B000213010000FA42000622A9000160460001A6D500032E3D000197E2000256AE0000FB410003325A0001DFE70000AFD000029ED40014395F000134DC0002A8E90003D585000325270001C4C70000F1750001FA5B0007D5D300073C3B0001E0DB00039F6900046DB70004AC8F000110E400054D29000257860003AF2E00068C590007BF0F00030F1D00018354000403820002259800013C9200012F8B000144AC000342670001114F00010071000182CB0000CFC8000171B300021BBA000A22AE000254370004B5900001FC420001E98B0000FD26000E539800023118000290A600031E8C000118C1000773C00004E4FF0009E3100000C06D0001055B0002C94600015D0B000227980001A10D00049C37000A335D000105420001C0B30000DD2800054D3800022B14000155690002A58300031F45000123D1000350C70004410D0008C5CE00019B2900013BC80001E2C400013E8A0001B78D00014059000229350002B3260014D2100001B00D0001380100015DB80011A6500001DE9A000185B100029DC10002D7CF0001586D000252060000EC0A001152350001DD11000195C500052EA6000115A600019CF400012C52000607FE0001779E000211C90001810000029B34000C6038000117060003A0F8000472710001E5CA00033746000A5DCD00027BF30001D76A00069BC700010F2E000150C700012A5B0005B629000B57AC00020A270002D0EC000145A10002D4A90001EAFA00029772000157B60000FAC1000367760001036B000132C500019AAA000680900001AB6B0000DE430001D0A10004B6630004448000030B2E0001539800052B040000D0AE000116050001D6AC0004E8600000F8F400015C8D00036193000102EB0000FAF5000160090001421100010DC9000263BC0000EF0E0000E8DB0001523E000256A90000E589000517F700022CC20000FE6F0003F3C20004164D00021789000174D10000FD8E000109D30004801E000444A4000225110001A2E30001C4C1000C45BD0005599A0004C77F000156310001BFD10001202A0002E3BA00034043000243280007D7F200023EF80000DFA80001F35A000121FB0001B49A0003B88F001434810000EFD90001453600039E7D00087470000816970001791B00033DA40000B6130000DE71000140590002033900020DF50006EF2500053105000119A0000482BF0000F8E1000139DB0000E81500016B6B0007E69E00022EAF0000DFF300010F7A000124A4000364FF0001F2AC000309080002EF850002F33F0002D92800013491000143A70000DFF70007A329000433350000E014000198A20001DD2A0002AC230002DCDC00018A990005030B000890A000019C7F000454DB00011A2B00043C7D00014B2B00034C270001A09E0005F4290002AC20000472A200042DD90001EEE10000ECE700011DD100010FD500016BDB0002CEF70000F87B0001B09500025F1C000255390004EAE600014E5D000145BE0002BC3A00036CFF0007BA9C000206EF0000A007000206B70003A1CD00020F190000CFE300046C4D0005BEEE0002E6280003339B000282DF00015C010002F80D0001D81F000151BB0000E283000369750001CBD500019B8200028B92000235BE0001A8570002343B000141980014075200030D640001E37B00058EA10001ED840003B682000671FE0001A50100144F2C000198A700018E1B00015E0700018C8F0000F3B10001CA91000297570000ECEB000183AF0002318D0002EC730000F64300046F6F000101690001134700136CE4000193610007F7DC000857FE0000FBF900011ECC00012EF80001C1E4000191D90001F9CE000121FC0001EAB4001453710001ECED0004A4AF0001CD3C00024F510000C7570002E54E00027CC90014BD9B000182F900012F680001983D00012A3700015D670008F5110001209700129890000174430004540700014D9500012E3A00019CED000137F1000266FB00013D500001F29C00014E2E000216790001D2A900020B310000EB5700011CA90003B46B00027405000451A10001B5E00001833800048632000412FE0000DEAF00024C920002EE37000104950000EECC00142EE40002D8CB0003957F0007DC05000262190006798A0005A1F6000137D40000DEB50000FE1D0000E5A300081E37000291B8000112E1000191D0000159B90001A0A0000132490004B3F00004A62E0001835D00016F830002BD8E000143D9000174D10002C34B0001CA950000EE66000426110000F8280001456E0002C84F00012D2E0000C04100040A1D0000DF9100019CE1000265B900012DB90000DE160013FADB000767F20000BD1E000155950001CAB30005C4E30001C91700014CD9000173710007F2460001D2FB00016E5D00044EB10003943A000B7C120001A0060000E89A00022F380001AC300004CDFA0002479F00012B2300010C7000021ECA000154BA0001343000022E77001334B40001433E0000C2AF0002396D000236450004BE690002896C000157E20005CD02000BD6C30001086F000221AB0002225E0001699E0000D4D4000155C20001A4210013B81D00013F330002934F0003B2460001725A00077C9600031B4100018AE100055512000710DB00014C7A00022A420000E42C0001983F000498A3000256FB0003E7A200016EAF0001E7EA00019004000380A2000120C7000369D10009AC560013437F0001DE440004318D0001774000013EB200026EFD0000B76E00011C880004839E0002079500018A1A0003FF6B00027DDA0007873C0001A2540001209C0001A80100015D220000D01D0001AF3E0000DA17000145FB0001BFE200070A040001FB490000FE17000195FF0007F7EF0004EE63000137910003B819000224D2000215A000024E3B0001445D000110BC0003D6170003903E0001F65300016C1E000145A70000EAFE000701B50005D4FB00016FA40000B01700010F1A0000C7FE0006170500017CE80001F5F30001424D0002166D00021E5D000254C900029DA3000201F20000B8850000DB8B0000AF4F0012B9F600084C930004BD3F000497A30003793D00044ED700039EEF0001480300017DF100046717000325D9000324BF0009DA150000F8BC0005FD630003AB72000105B50002D19C0009EA120003D82B00019A880000F0F4000430070001EC1B00022CB2000109FA00064D510001E90F0001C9C70001B1E1000115BE0004A6180000DD6A0007E3D300020B8F000441A3000121EB0004CCD50001DCEA00014B670001378500013F6900025072000728CB00021CE50001C504000210D700019FC20000D4670000CAF70001202F00015E4C0000F5740005D8040004EC490002567F0002044900018D600001A099000196D70007F6DD00019CDF000285020000F2FC0001E57400016B0B0000E8030001EFEF0000B00800010FCE0001006200015C560000E1650002BB2E00056A9C0001C86700011E560002448B00036F410001295F0001F83200030D4E0001326B0002F3970002BCC20003ECE10001E3C80003BF31000256640000ED6A0003546600027BC800022CCB0000974700038F9900014C62000FAFE00000E84400022C5D00025D020002E7EF00019353000D7C010006E1CC000776E10005EE310001764C00026A8F0002122600010B190004C695000295B80002C03900032B2E000101D70002AA7200013900000111AB0001B2980001753D0002318B00032EB4000250A90006B3E800016F770003A9B20001D25F000158210001F00C00026031000387DB0001C7F00003C5EF0002AEDB000188FF0001F3BA000789EF000257580003565E00022B8D00056ED500031CFB0002A81B0001CDE3000149700003A6A300018B49000696860004DDCB0000AFE10002DEE10002A7340000DAF50002DDF2000112850001B7330001CBDF0001EAE00000EF80000340EE0001A24700018A37000243A600017896000482D90000E3CE000DE28C000148E10001475B0002171F0001CE3B000163B10014979500023B2600056E170000D733000276BD000160A90000FFD3000768C20003BB440001CAAA000126D30008AEA300026B91000184050003CF0700017DC30001C4C300010C030000FD1C0003914700013BC40001D72D000161EA00023CD000081DED0001B2A50001389D0002D1F200012C9D00036F1B000BADC90007438B0004C24D00014FF1000260AD00015F2D00142E3F00040B6900010329000101B10001BB540007932C000121DB00013D7C0001B05100013E760001B97D0009A2C2000307200000A217000275FE000185B800011903000130D90001D62700044D9B00018D540000D3BD0000BD530004076B000371FC00045E930001DA600002448F0002A9CF0006B21C000A2FE1000158870001998B0000EEF6000A356500083F3300028E0100083C320002E5740002E9F100010FB70000D40F00035CAE000142520012D54500032F350002F40A00011297000F77740000C3510000F0E70005311500012AE1000656FB00024F87000799E2000C331B000161A100046EED0001101B000194EC000387410003DF7300014B0200031AF50001683E00013B490001326F000160F6000298E50002AB36000259AF00026A2F0002FDF20002744F000331E50004081C00018D9900018F33000100B7000AEA450000B7AC000120F800034563000262030002CFC60011F34E00035F020001894900022B480001C71C000310580009287400011DBF0005AB6A0002C9FA0001260200015F500001CAC700018D300000E45B0001315D000389B20000FADC00011EB7000192DC000207CB0000E0FB000168B50001C6130001679D0001C90000015F8100089EA9000704680007822A000443EF0003F7ED000403D9000216370002C9CF0000FD7A0006C58E00032DF30001E154000151E20001A58E0008DFF000013C4200010FFF000543F1000343DF0002A5E4000149E60003B38300057FDC0000DECB0002372F000338C100017D960002CFFE00025AAA0001B4740003FA390002715500014C8C0002C48500021EF40004A00C00032D2A0001331300039F760001B0F70000D64700037D6D000400AF00145A5400059828000179970001053500022B4A000136430007C6A90005AABA00026334000341830001C5500001491F00009BBB0001C96C0009B16900028DDC0001FEFB0000EFCF0008DAC30000EE7B0002AFAF0004DA680002256700024E1F000201900008582700014E7000072BB70000AF9E000170940002244B000118400007048100013CA100037B35000818070003F7110001AE8E000289E10001D44F0006FCDA0000B32C0006A02B00044C7500017BD40000F5C10001577B0000EF6600115C9C0000E9BB0002FBA900018BBC0010B57700013EC5000144A200053F290003356000014B9100010CAA0002D70F000192E700084D9B00032289000228D100022D130001CEC50001C8D20000A00F00034219000284F800013F020001924D00051B470001005A00019B03,5120
24,0020001000,5,0001026800011027000108E7000223660000CE540000F53A0000FC980002C62C00035B770002AC6200009FF700023A3A000190A90001A7F00001ECAE00030FB50001BC3A0001864100025EC600022A8300037E7A0002FB6300015C3C00034E03000128490001B60C0001483700029AAA000117570001806D0003203000157E380001CA1D000295E1000239DE00010FCC0000B20C00049849000207790001702300012892000677780000FE3E00046D7900051C6D0001C45400041A4E000419160002A8AC00044F57000201F00001ACF1000149A8000485CC00044AEA000CB97000013A3F000183C100014E24000135D7000393CB0000C0110000B0120005AF8F0000EEFD000127E3000103F2000181480000E6D700028F01000132EC0002A2F0000233890002E0310002B8070001256E00012A8D00017F19000120CB00034641000227910002717B0002A05E00045980000233CB00029137000100CB00019A770008606B000154460003CAEE000205350003556B0002EEBA0007508100012C740007B3120001C0DF0001983F0001677D000213CA000167BC0001A8DD00039BEA0000BE4700014CE1000196040004C0D200016BAD000272880001A9F50001698D00021A66000415CD00013F0E0001DF7A00014A0D000108810005F2A90002F29700032D2800025AC4000448160000C0240000E63C000121750001D2220002DBEF000278E200013B2D000259F000055A3F000146F40004FAFA0001272B0003DB8B0002819100015271000148E70001FBD00005DEEA000146A600011B580001D94E0003D632000364DF000796C70005FC2B000329DD0002569E000196330002169E000181F60001ACE8000683A80009621B0001216F000168AD000219E300014129000140310004C4B3000227F1000492420001603D000103B70000EDB30003441B0000BBBB0004C95E0003E7680001A60700011845000113C30003FAD100041054000123BB00022BFA0001766F0001CD610002E33D0002358A0001AE6D000188A0000464180000B00100033D810001AC7A0000F296000222D900023463000386E10009AA420002F6410005777B0001C21200034B210014A6B80001E78700011ECC000282DB0000A00B000206B50009871A00033AAD0005FC230005242B0000EA270001FE4F0001949900015AB20001ABAD0001D5500002CB7A0002B54500018CC200027B2B00017F3700035AE500062D61000176520002A8FA0001C9A000038D740001816A00029B290000C756000835730002238400021C400003171800036482000100CD0001A2B300022314000160950002F9C70004A946000184EA00018B660001A8FB000102630003220A0001E93C000221CE0001D84C0000FCF70003D10E00014B660001F64D00025B180004C67D00011EE900046C0200020EC40001CFBA0002053C0003EC2B00024CAA0001CCF40002CEC70005192700014B710002DF9B0001FB09000112330001173100086FAF0003A627000196020000B0020001912500055EEA000262CD000826C40002C01800020AA3000358F8000207710003A7FF00024A2900043B5F0000A6D00004F98B0000EED60001B7B000072E1A000347BC0001635500022AE70001ECD20005E06800015BA3000AF4C20004CC3100024B19000125B10003005B0001BF2500013FA6000556AB00044CC50002C5E1000191210007BFF90005101B00037B2500021A000001BF87000E7DE8000169910002ED7A0003E8BB001413C30001B4220001CC560002143900016B1500013A000002AFF700024E9500015E6C000810300001B6F00003498C00022C3B0001BFB4000195D600011EE70001BF7B0002171C00028B3100024B9300028C9F0002F0270000F5360001575F00009FFD00024649000876F500030B4B0002DC3500025D4300016EEC0001A6A0000208A90001A6020003BFEB00014122000152A40000FFD200017B8F00036ACF000149C50001C38F0001F6C9000284D5000395170001DAC00004528700010973000D35870001F88D00050D41000F40E30001AFD30000DFD700031D4F00012C4000018B8B000245BF000156A40003EACE000180A70001E2570001B4C90000EE7B000647AF0002961B00011FBE0001DA17000147AB0001930D0003F9AD00019BA9000252E5000212F7000223A50000CF0D0003ADC800015DE60001105D00013D3300144C820001CAD100074D470001972600021461000183A10000DAE90008E6A60000FC09000122CE00069C030002F1B60005C06200020F52000373F60002C6F10002CF2F000173EF0002F9090000EF8D000F1CA70001262F0002D7410001B4800002F86F0002D0E000028F25000753F90001F35C00013E860002F57B000145930003A66F0001B1B2000129F90001B6450001525F0000AF9F000539950001659D000A2829000104C4000570530001965C0003206E0002A676000410EF00029D8100018EEE000125B50000FAC4000366280008664B00020C1E0001163400017087000231B90004CCD80000D8800002937100018CC90001A1BF0003D4A70001791F0004152100064A4F0002E9470003A4D1000336C1000159AE0002F0000001231B0000FE010005E44C000635FF0001EF430001B3150002AC0900014C0B0001A3A600009DF8000343F4000197C900010AF40004268C0001315300054B4200035B2B000441290000AEC2000AC17900010E2500020DAA00016ABF0007CFCF000155770002A9DF00026E8C000562D9000140F30001CA4F000130040002DCC80000FD0F0000C7E1000548E30003B45F0002B4310003FF5D0000E8E40001D7280000DF2E000153EC0002B6B60001F82D0001D0280000FF2E0002C40100025CA400010B8B0001CBE80000F3450000C00600018FC70001C607000171D6000256A90005F9930003C4510000D1C50004235D00053C240007B3B50003DA870008DB3900010BEF00037DC60001185B0002243A00014A950001765300012A1E00069EC2000196BE0000D4C70001A08D00032C5700024926000112A70001325F001148E40000DF6500015EE500077F4F000127E60001C6E40003CC670002A9CD00019AE00000B1560002DB6D0001099900015FE900079CE500018A4C000145950001154D00025F1D0002E8310002C89E000161C40001C98B0003193A000454250002D3FD00022831001441D00002854C0002365000041F3100009FCF0001A3C800087643000289910013FE3900034EE10001F5790001AB33000363BA0001669A0001CCE6000156950009126D0001262C00018C090002C5EB0013428F0000EE3A00025FA50001E42D00010E570008943300025A140000EC0800020456000166D3000338FF0000AF840002512600013F190001E91100025A8A00011A9D000144AE0004BC09000104BA0001FFD2000109CC00042D1B0001CF7F0001C2550001017D00026D1300064D050001D147000292E300030A2F00017AD100031D51000292FF0004CF990001452800013D940000DFBD0002DB770003314B00035AFC0001A06B00015CA90002EA2A0001C7180000C9180001313B0001A7A30001577A0000CF5B000B89600001917A0002505B00021804000241DE0000CCE800023714000119BD0007169900088B660013FDAC0001D0060001C1F5000191ED0001393E0006CA730004002C0001C63300027A5500060C0300015FA700047A230005013F00011FEC00058EA7000157DF0002B39A00023DCF0002BF9F00010F2300017E2B00023EA9000160020002E2870004AD010000CFC40000B00F00024AB20001E0C80002A2C3000285BF00025B3A00080F6700045603000970AB0001252400064F8B0001081D00028BE300045F0F0000B2130000D4EF00011DED0002FB990002BDE30000E04B0002FDC8000119A1000176C10001C77A0001537F0001C5A200021359000184E90001BE85000356F50001757100016008000545AE000124C60002FB0D0000CCE90002AD05000202F00001B65B00015E2A000333450002922D0004A7B7000268990004DBED0000C2180001E93D0001731500013E700007967400078100000190CE00017DEE0003CA000001D63500017CC000026AD30008863300016EC10002C2910006434F000191E20001E61100024FC4000155AC0001FEF80014790F000152C20001AE2B0001A7EA0001DF3B0002E84F00059C870005D1C60009DC00000115F80001D0F3000269C600013D440000B8500003FB530002C4810014B2F20003EE7900027A5B00051028001386FC00068E62000308370004CFE30003D154000642050002B46C0001AAC70001210700035DA9000406470000F9D4000A33F0000189DF0001F84100011BBD0000F58F000626970002073900031A430003E53500019F6300022A7F00016D640013AF6900026CCB00071F210001B1A300021BAB0000E03900016BBD000133CD000144120003459800015CB500014ABD000445E10008C5DB00047BEA00025F7B000101110000BBF30002273B00033044000132090002E9DA000488630005901E000EA2A1000138950002DE710000B9B9000734BB0003BC000004FC0B000111D4000185E5000179EF0000F26000026404000456FC000120B60000CF9D00025AAA000261330002EA2300073A750002AD210002B8BE000791FC0004A00300010F360002A098000193530001AA7F00013DCB0000EE9C000126A400021BBD00014D41000149CF00033DCA00024F6700019AF30001369A00058C6B0004F86A0000BF6D00030289000177020005BE30000183C10001FAB80002E97D0002EEB3000309BD0001C1950000EB8F00024601000489DC00019F2F00017A390002029F000253960000F642000134780002038C00012B0F00019DBD0000DBDB000203A70006AA65001435B00002642A0004B3C0000266230000F0290001CD6800061D130000E5C20002ACBD0001F0F80001F24B00011D220002094B00011152000F855900022BC00001472E00022DA500015159000385980003B1F70003554900049209000349130002A48500022A9A00014E0C000691A600016D340001DE1E000279530002AD520002B4DD00019A0D0006F4EF0001DAE900044F400001F55E0006A555000193F40001CB60000284990001D5000003CD10000189F90005AAFA0000ED310001A1E90001F7520005E5C6000318E00001E3370002CD49000299B50002341B0003E0190001051B000147A70001714F0001BCCD00029A3C00023104000354490001F5CB0012570100008EA90000A00900037E1300016DFA00021B9500026ED10002818A000153A90003D1EF0000B03A000141B40004B21F0004CA190001F7ED0002A23200023AE10000E0D600032A7F000230D30003C85C0001F55100076AAF0001FE6D0001EA2B00032D4D0000C0130000D0210002D36B00016F100002DE250001F0CF00041ACF0002098D000217150007543D00072F9B0001604F0002F5850000DC780001A18B0002001B0001010900017AC00001B68D0000E0590001644100011CAE000173670000E2270001FEBD00010DA50001B70100020156000239610004A915000F4E850001AFCF0001B0E60001270D0001909500026FCC000442770008FA5D00014FB5000153B6000101410007DEE90001C4CE0000E6B4000658890001501E000DA8EB0002702400044A5F00027D420003DDC300015BE60002A1E900031D450001772F0003A162000226A50003894600012B110001B4930007DA43000201940002426400027D8700076479000151A1000110E80001568900041841000386800001647200013BF60000D2F30001A7650002C2940001102A0001E6600001A4F1000187A70002016400074CDB00019ADD0001B89E0001F7EB00021CFB0001777E000317C90004BA640001E9CB0001533800018B5D0003A14D00015A5B0002F18D000100D900012E2F00044505000327D900031B3F0000D62E00018BFA000301B600092D25000109B40001F99B000240A500039217000132DE0001CA7F0001FFE2000130CD0002042100013D3C00015A5A0001DD6900017C630003349900015B940001BA480003C2760001DFD30006DA8300070EA20000E24F000163950006A2A1001433D80000D2B2000133C20005CDEF0001A7880000F3CC0001D67700069FA10001CAD50000FE85000646990003B51B0001D6C9000144AA00054AB90001A7580000D1CA0003D0F4000229700001D3C900014F660000DA7F0002BD490003906D00014CCD000141DF000121CB00058937000444680000FC020002D9080004521F000CEAE80001EC2D000182980004BBE60001EE370001D0610001D642000164510006D3250003235500024A450002267A000164DA0004DCEF0002D22500015BC100019FBA0002C953000415100005FCBE0001FD0800059ACD0004A0BF00013C3A00021FE50003EC6C0007A3090002F42A0001CD33000123BB00014097000181240001C56B00022D6B000272DC00032A810000EA3C0001C14000020D1A0006D3E200140CFD0002D6ED00014ECC000661BB0001B8A60003BDE6000175150005F9F40001D0530002832C0001FAE7000260E2000625680000F17B0000CBDE00020A390001E3FD00013A450001CEE50003E6C700025129000197C400033F9D0000FE950000A6200002B12A0000CBB40001B9220009B7A40000C046000110D00005CB840008E4EF0001E0630004F3480001755B000A0A2D0000FC550001909500056F960000EC050001D7540000FE3A000113380001544B000161E10002786100019F2600012257000189190001F02100016D56001490C000019BB70002F3AE0001B3210005BAC30004CEDF0009711B000278EA0003CE6F0002062F0005850D0000B0020000BDE10001CEC70001D6250001E1A60001A94300012C470004903E0000AFE400096FCE0001ED820003C5850003D73A00035D9B00024534000258DD0001BC13000511E10000EA810001040A00011C740002B3E9000138160003BAB5000287B2001424A2000250EB0001F0E80000F9240004CE5E00015C2900023EE900011085000C7C5D000224540007B4B10002F057000178A50005C76300056D3B0003D7C600025BCF000127ED0002838100015BAF00017A4100049F4400055C7C00020963000AF1010004E7660001528B0003AB0B0002F12A0000E01F000324B8,5120
25,0020001000,5,000638AF0001F61D0000F8F90000BE65000D48B70010A63400011F31000479AD0001AA94000196D50006F3AD00125BBC00030B0B00052AE1000A93BC0003212D000AA356001096D40003296100023A4B0009985700010CE500031BD90012B9B100028711000306A10000C3B500024A890002139900123C7E000102760001A55D0007974200011DF800014F6F000F88E900027CBF001099370000866C000172FD000AD52D000775730002EAFB00128E4C0002C1660002214D0001682600017F1D0004AFAC0003246800050F150007197F00015F440003C7F10001300C00017D3A0001F50700015A810002E6210002758C00010E4700017EAF0001776A00054F2F0002EE6C0001E55B000459B60011D78F00020DB400031AF50000E44300010F610002F3AE00023C87000132F70001B1DB00056B5F00025A9C000199330000E2EB00011A600001672700030EEA000BCAC700021AA1000122A70001BB640001A308000111200001A6690000DEB20001B8D3000183E60001A2270001C7D0000F46E8000140AB00013BB0000376EE0001EB4F0001B60000053E150003DFE90012878A0000FFF800038C2900014F2D0006F6D0000281FC0002F8570001DF3F0002C2C90008A5830000FF6100024EFB00009BB2000707930001CB670000DC1E00016F7C0000F57C0001A7160002E6C20000C0650001BFB800012E120005BDBB000104C70005E3E5000437E7000323C50002F9070002A41E0001111F00021E8E0000FB43000160B80001D2B50011BABB0002AA68000467DE00018E830003ED040005AE1E00013A470001731000027E140001EFDF000279690001493B00084995000296BF0000CF980001D3170003ADE9000231E8000439820003AA5500030DC80003DECC000185C80000F66C00021D1C00033ECD0002C4540002DB330002E9EF00028BC500011D55001178B10001443E00026737000569830002A0D80000F72A0002B70D0004E0C900045E08000156620002254A0003338A000C292700025F1000016B3B0000DC490000EDDD0002036A00054ADE000150930002C1C8000344890001163800031720000FC03B00040DB300028989000930A20011EE9F0006621400023DF30001AA460001B15700012C210001848F0002A34E0001FDCF000CB98500018A0E0000C0310011BA8D0000DF4200013D3C0000F5A400111DE00000BF7D000103CE000301DD000118840002F82600017EEA000280AC000674C3000126200000E6F30001FC2000110046000204BE00021740000185130001C0100011F0BE000CD7DC0001DD9E0001801C0001D71200036AD400051F88000167DD0001416100025A81000226B30011972200069F9D00013D380009D3E80001272F000384A9000113EA0001C694001196440004A72A0001B26E0002CBCD0001CEBF0001A11C0004C760000A0940000153090004A55100033EEF000771B200039D170002EBCB000E18F400030498000339A300016063000153150003ABBC000209900008E0070001DC46000164020003296100050D0E0002E0D000017A9D0003134800067B5700029146000240CD0011B9F1000128890001D7940002AEEA00017A8B000141BA0002081D00024D810000E75D0001607F000161100001042F0002650B0005E9A800063501000274EE00117ED4000156FE000126460002041B0005B7290000F6010001949700109BE2000C132500022B09001227C80004AE4A00032F33000238DC000A26350001085A001141590003A83700012E6F000147A3000A34BE00018FE50002A45F000F28D8001178370001B4670000CFD50000DA250010234B00015DF700011A2A0001200700034A520007D85D000176770001129D001191B30001074100020D710000D9D50002FF99000960B100026D1600022C970002F73B000146F70002298A0001F74B0001331A0006647900118DB00000F70900023E2E00026A810000BBA3000A2327001184320001AB760000ED6800113F460004643C0002DE340000B01F000579CB0001714E00014AD30001D47A000309FF0003688B0000D1D70012696800037A7700010FC20009FBB10005503E000165CE00119826000090360010293F0001E4A90000F5DA0001834E0002E981000219A900014B8300013186000C94A80002801700009FEF0000CFC800010C230000F58D0001E9090000DD2400038FE10000FF3B0003998D0000B5E80001157D000129580004ECF300118886000FE784000D00E500017F0F0000DBE200010CE70001327D0011CB01000161D4000149FB0001DA4100032C41000232590003149A00011A0A000850BB0001B49B00011E5C0001089F0011840C000115830001A38B0002A5AC0000BBF9000184CE00046D930002D3C60000C95200115DBF00013CCC0010A8270002A3D50001CBD600020B740001B9870000D2D30009A7030002B38B000249CE0001BF110001C466000220780003CD1A00024C2E000346580002763B0001B5AD00024B720000FD300002485C0008C27B000190910002976E0005812600013B36000328A60006FB330002B9750002CE7E0003AE33000929D1000362DA0001F1320002521E0000C0560001A10F0002002B0000E3650000B81400012A21000110D200018A250001840600012BE500017E2500078C0A0000A0030000EA550001448E00017407000708E10001284A000370FD0005DA3400025D8F00021EEE0002AA8300013C93000108A400011000000440C10001F730000580130000DEF80000FF840001966700011BAC0000D0BF000D2DF20001E5E10001691B0001C7FE0001CFBA0000F73F000407650002405300035CAC00115FE400010FBB00024E2C00018324000EC45D00010BEA0002BDC7000A7B3D00016E6D000130760001117700040292001185CB00024BE90001E60A00021372000123C2000222BE0000E0FB0001DB8300027F1B0003DCE50001B9C70002261F001162F9000618F4000180380002E136000BBCD5000283BD0000F1D5000303AA0002B303000256A200039A5D00018F7C000479BF000466420002A3970004BB1F00026AF9000A7CEF0001026F0001353B0011C2C80001A7E4000A06F20001B8C20000972600030669000FAE210000E9A50001443A000974190001A0ED00024F4E0011361C0001DC93000B927B0004B59D000162AB0003BCD20000DC5300059249000786BB000232D4000CA7F80002BAE800018EA40009A291000176F10005BABA0002AEBF0003CDAE000596FB0001EDEA001178140001AC6F00014CE1000233D70002665000018CDD00011C69000120150000E1390008A040000397C10003E109000174E30000EC910002F42C000FA2D8000FB91A0001DB160000DA4000025BCB0000C4CD0000F38000036F0C0000F612001187F4000116C6000242270001856400022D270001AD1C0001AEAA0002D78C00110761000D7B220005071E00010EAF00115ED80002368B0009021E0004EDBF0001F5FA00023C730001E0F3000204D20004753B0003CA7600050E6B0001B22E0001FCF6000108BF0002D0D90002B37D00014C33000BC4BB0000E29A000351DD00024D7C00031E6900020A6D0000E32F0002D3FB0003AC4A000103F00007716500016AE00002CAF9000143E6000197AF00024D6C0000C10100026D200002235800034F930003E0600000F6E90006039F00011E2A00041B8E0000C68200013B650000F2400001FE960012510D0000B07800117C37000A07D5000662A600018124000326DC000135000000E8DB000181AE0011447D000518C800028E1F000F9B7C0007F0D8000229A80002CF8C0001852100020C6D0000D0D40001940400012A9600027B880000F1700000918C00012FA90000F7C50001470C000AB457000212130001543000010FFF00023AE10001FCCA0011711F0001374D00035F0300027F780011EC70000156FA0000FD13000134300000E3A700023ABF0005397D000AE60600010A6F00010731000732AD00011BCE0003E8530004F2050002C731000244990001D8AA00013C31000126F40002790C0001BD4500029CC80001EA9700024B98000268DA000122830011E9ED0001A18F000229C500024026000281380000CFD50000B49100030927001176DA0003216C0001B1A8001155790002416B00053A9C000123A40001A1AC0001DB1900017C070001E0D300049C890000C00600037A9800107AFD000232FC0001430900014993000121FF0001537D0001EFA80000AF810002BEC300083DE30006D1290001BD9A00117D660004D073000732BB0000B03F000136E30000FA85000599D8000101F0000174D40000B2800001C1DE000182FD0000DE36000830A60002C07A0002EB6A00027B25000118BB00025EBB00023B170001B8E00000D14B00029F6400011B3500119CB4000470790004841E00030F6B00018F93000942150001E1920009A5BE0011B57000036EDF00040E180003EC7E0011DCFC0001B2110001CB620000E3510001AA1F00056D0B00046A660001B765000262040003ECD70002725E000219C50000F4EE0002961000009016000380BD0001A7D30004699F00123C6E0002E2090007ED590000D2090000F3A10002C5FB0011BF7A000878FF000149E20000CF9D000211F000026B8D0006D4860003B11E0000E09E00021E630000F10B0002C3EF0002B4890002746D0000FF2B000157D5000232BC0001AFD40000F3790001501A0007B4100011B7F1000626310001E6BD001226A60001551700038E6800016F3B0001149A00012F3B0001C7E60000CF92001175420001B8D800021D580000FC060001EE0A00011969000287D70001A03B000285A100021BFC0002871E000208B30001384B0003DC660007687A0002F0DE0002D0BD00015E4C000121CD0006D90D0001183D00037B310012600D0001AF11000C7E8D000319BB00011B060000FF9200031B2C00076E5300024AC600044AAA00020DCF0000E1A30003F4C00008C51C0001FDD9000112B2000396E80000F0A00000C67C00012D9F000099230000BFFF0001DE4F00025241000119240001ED18000254F50000DD3E0001070F000297C10001F0410000FA6B0001EE2B0000F36B00037F210000FD81000702460001A39B0002FB8F00056E0F00024FCB00016BB0000AA0830003479B00016CED00013FE900013119000A7C8D0001B477000303A50003AB230001C73A0007B36D0006DB2D000104C70003FDF600011CCF0000D89E0003A4FF0000F6D20000BEAE000247B5000243000000F04B0004033F000400F90006C7C20002CD13000164BB0000BFD00001854F00015D59000171EA0002E28C00067ADD0001E32F000119680001E6BA000106C50000E7670003058C00030A6C0001CEB70001F6AB000E8F0600014EC6001178BF0003C80B0010D961000AC22E000164B200008FA40001F01B0000CA6B000F1EA300031B8200012E4300065E62000102530000A61600059AA70002296700009A690002ACD50008D987000219300001A890000389930004228D00024FCB00035D5D0008ACB10003EB0300022E1F0003D2080000A27D00077D0D0007D3E7001067AF0002EEEF0001B0440001059600051E590002776C0002484800022D6900016AB100014BF00001C2F50000DF5C00030C110001BB86000132EE00047D7B00110C8E00013CE4000986AF000175710011EB1E0001106F00012A2B000B191D0001FBAD000408270001232D0002581B0001E71D0002198200010DC70007675B0001B5600000D96E00012E6C00082826000512300002475D0000E029000630180003A9DE00015A6D00036D76000140350003692600013C45000198610001FBFF000B5C150000C31C0000E12D00057CE50010B3110000E9740000C8090000F13600114A9D0000FEDB000273AD001127BE000176B4000447A90002AD5B0000DAB20001B08A000C0A370000E0A90001D011000F867E00037DBA00010FBC0000EF93000143000001A9BF0001463200010F870011C5C70002FC5D00021565000358030001BF8D0002A58B0000DC61000259C6000337BC0000DC06000BA6CD0001432100029FB30003010B00053F77000138EA0000D845000369390003451A0001536C00017C1000013E320001EDD10001F96C00022BEB00011FC300014F88000A31AA0001724000016DE50000EFCA0001005B000489D10000B9620010E7170002ABBB00114EF10007FBB9000F7FE1000363EA00018E6E0003CC990001627300012C6600119E070002C150000173ED0002522400020C990001D70B0001E5DF000166200000AB0D0002E115000247250008DCD20001621B0000BE2C0001C20E0006DFE50011718300010EF0000D8EE800043E960000F229001113FF0000FAEF0005DB7B000185650004DB1D00012E8700077AA20011DAD20001AE2D0011E8B10003EB280011670D000F844E00028D810001839D000172BC0001B6220003959200016FE00002C89E000128B10002593400015645000920260002BC2300036C3F0000EA36000130410000BDA1000107C0000147C50002B32000020B5E000125980000FFAF000BF7E60001B4460005711B00014D9E0001B62300049A510011285C0002E56E000196F900117553000107190002416E00029EAF000567BF000430E20001221A0000D7110005A571000CECE7000099E6000469D90002E7F3000234CE0003E5F60001538200030A300001991500111030000FA39100020F96000F0C3B0002E2150000FDF800011164000164F900019C33000174680001111000017B030002B9630004F4510001D15E00018BA800034CDB0001106B0001D7820000CF1F0009710000104AF50000E054001256370001F2410000BEB9000189660001F4A000015E23000143890008B611000EE31600024B7F0001F84700014D7F0000F4EA0001F9C700046A7F0002BF7F00012F51000245580002C3870000BFD6000BC7730000BC930001F77D0000FB770001F430000104EA0001DAED00020FAA0001EC1F0002DCB80010F79B0002019F00036FEF0004EBF80011B655000293050000A01700014BCC0000F93600012CE70001E8D90001A2BD0001AFCC0003C8B00001D843000188EA000F0BCA0000E03700028D340000A0000002EC310006171000045FE00005F3D00002AF0700079ACD00009F9A000281D200011FBF00075C5F00047BB5,5120
26,0020001000,5,00020BD9000122B80003D4CA000177340001F1DA0000F0330001B4A00006618D00043A2F000FFCAD0001B3DB000160BC000486FD00021DA6000112E90006B46800052FC500039FB100018ECE0000C5AD00033E4E00010AF50001D1A9000215B30006C647000773710001D9C10001D6020002D67C00088782000218370001051E00059CF700018DD70003155B0004BCC00008B0350003917200014D23000401F80000D85C00013A3C0000D14400018A070006CB650001C0E5000242D30004D5D00000A0060000F362000139F400015E3E0002108600017461000472370001A7A50006D0860013FB260001556F0008DA92000179FD0000F81D0001814400026E890003AA1A00011D200002ADF800019920000122EB00129A2E000384570004A772000148970001A5000001883600015931000480210001141C000205D500012CAD000099F900016B98000294030003AC250002E5AF000184BE000121D70001C0380002BC150014600F00012320000156E40000ECAA0002FCC50001361300093EF3000206DA0001C6950000F46A0004617900019165000899E3000167A60003D8C100019EB900016C74000126930004AD3B0000E05B00016D8000010CCF0009813400016E2C0002A3B300019F890004445F000123320001D1B9000140BD0003C3630001CBDE00144AD00000DC720001E21F00034C510003B23700019A53000114AE00022FBC0001F59D0000E033000148340002DBDF0001AE4E0001360F00021C2F0005A37E00014CB200029C9E0000D7B30004846100148D780001D84A0000F62F0000B02B0013BEB60003580B0001A3370002DEC4000512B500015DFB0000FB97000134B90000DA710000DF6A00042CC30001DC9B000E361500014B6800021E570002304F000131D60000CE4D0002A4FD0005F2EE00017204000218CF0000C7650001BD6F00014C6F000759A10003A173000235870014C72A0003750D0001F3820001A7AC000118410000C0470001165E0004AC7C000D06D70001CED70001107E0003BBA50004D2A60004F3470001AD810003B29C0002B47000010FF7000190700000EF01000353470000C1DB00037B810000E11B0014E54A00014AD10003BCA90001E22A000186CB0001BEA900049ECD0001216300040CDE0001A94E00039DCA0000EC610001418A0000F0110001C86E00066B190002318100043C5500017B84000400900005F88D0003445F000150410001AD79000103DB00035D50000165050009D815000122D10001ADC30000FFF4000250E70002CEEB0002631200014B000001EE6400015A020000E99B00018BC3000130DA0001CBD7000234BC00020345000474460002B3D20004B73100020CF2000247D50002431A0000F84B0000E3C300048EF70001CDA40003017F00024C8C000361B100023AA60001D8ED0000EC480001AD9F000275190001133A0001848A0001F6E50003507B0001A5FC00029D7D0001A7920001F86C0001504400035680000318AF00010D0D00024DDB0000E46600043D1E00026239000261130001F7900001F5CF00064FB6000186E900032F9700071415000173C20001FC87000111E50001F07B00046D0C00014F210000C4D50001E27D000111FF00014C0900031DAD0004A75500041A1F000412D20001CBF4000490B200013F1D00018243000168B8000604E0000239C00003864600018F0C00052C42000110860001DED60008B7D70003DA3D0001244D0002E5C500037C210001D5160000FE5F0001CE1B0002B5F70000CF070001A75C0002EF1D000422550001BEAC0014059B0002A74100052B9D0001A2B700026F4400013F230004D3F60005DB740003527A0000E03900021BD3000181CE00013E2100028FC40002AD030001FE090001BC9A000147E200011D98000129390000E7E60001C31E0003618F0000DE0600016DE300035731000137940001EBC900013D760001A20F000183DB0001D3CF00015B15000203DB000226940001C2390001A76C00012D4E00012CE200027F0D00020F1E000211A1000235C90002EDF5000204D9000311880001B6EB0001AAAB0002024D00024959000150BD000324BF000849060004C42B00089D430000D03A000393AB00012D500003718F00040D0C00072B36000133E4000B41370002495A0001611D000263950001D1BA000203EF00010F5A000199850001F7EF00016E7B00014C09000145BD0004EDD30008A3580000FFDD0001016500015B9900013B8E00027F9700043D2900010E4B000252E3000228370001343800023986000103FD00034EA7000158840002AE9F00079FD400019F680001B135000216E10001FE610001CDF10001A9020002ADD70001DF9D0003955E000333E300034E0100026806000247BD000161310003D08A0002B16400149F09000116050001533B0001C09D000457D30001AC37000284150000E1D40001F1610003E59E00017F320009FA410003CFC90002FC0C00021C880001C2540006EC5A0000F5E10001752D000187440002B15D000214310000E04B00015C4C00059F1E0002944A00022982000353C600057CE700053A180001647C0002207D00011F9D000100770000FBE30001734B0000E0B300016D5E00018255000261550000E59B00059145000274DC00010DC20001F2A100019006000373780002DA7B000A6B11000211450000E9E7000248210000DFF40002E898000247040002E2E3000543CE0001D826000200240000E1690000D2BE0000C88600019C1300033E390005400C0001A87D000137B0000288240001119F0003727E00012FAF0000F33D000114E40001AEDC0002D798000212AF0004E3FB0001310A0004E6E50001DDEC0004A6C30000BEE900027836000109CE0001875500020A30000146800002358700050FE10000CEF600023B440000BFDF0004CE5F0000CF7A000101250001B012000174CE0001B9A40004D6000002C84500013D0E000768BC0002617E00019419000401780003E7D9000137E60002DBE200010D3600016214000461D80002286E000166CF00013B210002AB470001632C00016D650006252900059BC800013DB1000166630006D7D3000117490001862C000102A7000287250004BA9B0001BF2D00015653000244410001E6B7000160D00000DF0300039CEA0001334B00017E8B00033159000908C0000277900001B0C800011EA90001A928000213E90001706F000215E00000D945000B53C5000234EB0006073F00036B7F00012533000123B2000450550002090B0003A750000126DC0002D0DD0006494D0004A8080001136000020ADC00035ABC000108F10000B289000179BE0002E227000172590006D9A00009C88F00044A820006508F0000A7B5000437570001C2AF000189FB0001699B0001C0480000C0AD0002769400014004000173EF0001A5A5000ADA850006F87400020EA600030612000217450002B5690001271F00010CA70001AD720000EFC80000D016000136FB00019A5B00013647000203C80002FACC000243170001B364000204890001362900012E7E0001DA8F00012C7D000121B1000726A100054A1400016F8A00040C9D00041646000792650002227C0004E13D00017E7B0001C6DD00017B1A00018FF400044B0B000282320002E1EE000175F80007DB9F0001C0EF0002C9520001E4500004E1450001DFBF00022C140002465600017F8A0000CC470003C5690002A73B00018AB50005230000010FF5000232C1000209C20000CFF50000DF840004F51C000114B80002473500013E2100012925000338A00005137D0001572B0001E36300044A52000256B90001108D00080338000117720001DEA30003F78A0000BFA50002474F0000CAB9000123230001481F00036A420005037E00011B7900016AA2000157710001FD78000466B9000146C30001991F0000FF6D000BEE610003F0B10000FEF4000176AA00022D9700076C320001A092000474530000F7AE000116660001268100013B1B0003EA430000BCCD000324BD000189E400017C7D00019DF2000311BB0000E40D00010919000147310001E0A90006EB140004E66A0001B013000193B70000EEFF00015A9200013F8600038F810001EFAF0000D05A0002152C000172F60004E7190001AD2E0003E63F00018BC00001600100149B71000136D60001BE9D0000E3B8001069E000018140000294FF00018BFF000292C100014FF00006130B0001870D00020F0300013D510002AF1E000283430002580200016F5E000101290001944F00016F830000D1E70002A00D000378410002D06A000460DB00042F00000564C20002CAF30001CA230006C1EF00015F3E0014262500011A770002365C00019D3B0002CA1F0000900A000232930001460500035D350001D92C00017FD90000F7C80000DFC500010D8E0000E4010000E2A700144160000139590002BE7B00015801000297ED0004576100013ECD00016449000482480001AD5B000180CA000203C30001B8CB0001B9540000D6730001466D0001B6DD00018409000240AA00057B96001375190001A5F800036410000116B90001B73E0005050D0001691B00079D670001AC0500027A66000315CA000168900002C44A000619D7000196D20003282800016633000253E4000246940005D9E5000405C40001BF2C0001C656000306BD00025E740001CBED0002D0FD0001FFC600014B9E00020FF3001203840001014A00030CB90000F14C00031CA40001D69D000186E40000FDD10002E86C0001AE770002F663000158E6000159FC0001A1660001D4AC000119500002493C00023CC200015ACB0003F96D0007F6CB00018C51000641B2000199A50001BDD1000190BF0001CB370001E1620001433B0000D83100028AC0000134140001A3770002DF540001A046000176DE0001BAA50001B50F00077B4F00044AFF000356300002164900018F5F0001E11A0002C6F20001313C0001A31100014F150001F36B000114FE0001862B0000DA490003473900073533000139770002F3D50002681F000227FF0003C4BB000150D9000423FA00013BF9001481AA0002715F0001CFB40001DA590003E5A5000589A8000237940003E7C90003BE9300046E93000441040001394A0001AA40000190B70004BCD600019E0D0002DB1F000673410001B9FC0000F88D0001578A0000F0220002F3E80001625C000604890000D7BD00039B7300017FB800051410000123C80003BB880000C2270000E5B70001361E0002C3C70001DEDF0001D0DD00017E4D00015E230001ECD40007996A0001038D0001EDB90001188000019B0700017EA800027E590001A0CB0002E8230000C9BD00098D3A00033D8B0002216D000255BF000322670001034F0004190C0003F3730001CF8100051558000173E7000193220002689900042B480001507F00046C7E00028DB500091518000214210000F03700019A640001CC6100018CAE00026FB10002E1BB0000EE3F00034BA50006D95A0000ED2100014AEC00055CB3000174CF0001702D0001A0160001B2650002464A0000B57500016F8500011B150000BFA900025AA7000289170001D54000049E63000629C900021C1D0004BDC0000302DC0003F252000327D10002EF6F00021BD500017F2C0000D6E300033E7A00027FCC0002414C00023C1E0000F41D00014DDF000298F2000269E10014AB6B0001FF79000154C1000440050009A98F0001F59E0001BAF6000137A8000FB569000178050001963A0000CD830001A12C00016142000146C20006270700016FB100018DCD00030D740006E7C10000E0B3000130480001904400019B080001B73D00018DDA00025CCC00023C1400013CA70002269600016D30000199DC00019CB700016D6D000485E600018521000195BF00015AE8000135700006C65B0002FBC0000115700008FD1200027ADA0002A21D0001D137000209E20000B8D80012FB4E00046359000283550000E74D00044B420001E2A80001CF1B0001B8130005A13E00011BBA0005D8550000CCB500039F7B0001421700011D9100060DBD0001427E0001CE7100034AED00015E29000219A50001E6D2000D99030002E1810003FE6500033A1300016BF90004181D0000BA690001017B0002BD310001EBE20009131100015ED70000E07300037BDC0002D93900016E16000204F30001038A000144410002B612000119AC0003B3B5000149590000CF5100020798000139220001BDE400012A630001F0B70001E02F000115430005DEA20001416B000192490001D4F300017C9900044B0800020CB50001F3AA000579EE00039E9100010BCA0000FFEB0000EEE2000136320001154D00019F7D0000DFBB000309B400014EC90000AF6A0001076E00011C1300019313000206790001CF6200021085000193460001EA980001C36800010EE2000287E2000123B000079C6E0004C6200003B37D000476990000DE47000147930003633E0001B21100023D1B0001EBA20001832700043077000585DB0002C2BA0002685500062F4D000151CC00014E360002939D00035A2900063CFF00013DCF000461A70001C6E30001028700015A710000EE1C000418AE0001FC850001A16500012B930002F4630001D731000373C30001AA650003319F000100A0000124A20001462D000C636A0000B032000173CC0002462B0002EE4B00013663000510B800031670000D9AC20002A8A10004DDE20002E1F50007008B0000F73B000266690001104D00019AE200021F6B0001844700020FCB0001BE38000525610003D11900023D99000135C40002051F0002622200014D5C0006836E0005AE540001B3080002CD4A0003AB0F0002280500019B1A00018DD7000143E10001D8A000014EB200026666000130D60005C5DF0001E102000141000002CF160000B18A0001BA0D0000EFC20008C0B100037FD8000199E40002F7A70001A5D200041C9F0002E29D000127920000E0570001717C0002FC2D00079C420001C7EE000168D60008F11100010F3F000B12A600089118000522A20000E0F50003DDF9000316ED0002F8CE00017472000235630003B09A0000F89100017BF600024E41000132D7000152E4000516E000019A240000D0290005470A00017CF70002C6AA0002535000047C690000F17C0000F1410001DF2A0002FFFF00010D320003DB470001FBE100011A7B,5120
27,0020001000,5,0003DA0100015684000254340002EB4600018B7C0000DF75000580DC0000AFC20002F7A30014520F0001F2EA000135CD00034E15000B4FD10001BF54000AE22E00029034000798E00000DEFD000511F60001E4E9000137710002AF4B00010DFD00029A8F000698B90000CDE30000D06B0001F330000136A10001D7350002467B0000D37C0004570800053E6A000492CF0001C15A0013551000057AE90001FD680001A8D0000952080000C03B000133360001616600012F6100015D4A0002293B0001B0F100041CD20001B3A30001643F0000E1950001B60A00047F380007F59400022DFE00013C5300011DBE0003290D0000CFEF00038189000139E80001960C0000CFD0000301FB0001C0240001A9AF000305AC0002911A00015BF60001AF760000E2D30003892B00022B480001C8C300026EA40002492E0001506F00012EED0001407F0014298B00015FD0000159610001204100029FDC0000F5B8000C2C90000150B30002093B000341EE00029A440001196D000501DD00019CE00000FE8F0004F10700034E700003527F000324FF0002EA2900010DE200068160000A739D0001DFAB0001F756000196B1000653CF0000F47C000335E000015C400003627800076A860001B151000468000002F70C00034E910001A81D00013C87000399910000E5750000D2EE00056D4400020E5B000161500001FCE4000141E00002775E0001F33F0001BFDE00018E25000135130001C2750009B1E50002D87B000263F90003A47F0012848A0001514D0001EB8300044CFF0004F2310000BF930001C0D40000BFE10001B72B00025A150004498500029B020004631C0002085300038CF10001175700033E29000172280002948A0001D620000228C0000164D6000553B10002227B0004D4E500011B9000044AFB0007E8EE000352B500022A50000539620007C12C0001F8C800013D3200018B1000047DC30013E19500040839000116580001338B000140B500011FF100039E2700018DDC0001595400037C0E0002357E00009A7F00018CDC000186020000F7B100043A10000168A9000352960000FE4600028E6400012D5000043BC70004BC030001224100010C170005872D0001B0B5000422330000BB1A0001224C0001A4870001D8540002BDFA0001D9080001CF590000E63D0001906D000379B400013F8300027766000131070001E1FC0003A87600038D9700010DC2000147540008590500081E74000358370001D3420002211E0000CE09000142790001AB880003A45300018F0C000368FC0000F7AB0001596700049974000501F700010A3E0004A74E0001E5BA000305B40006C67100042AB40002A7BD0001B11100013D3700018B780001A9F8000AA97B000160A50001C9930001E3090013E99600082EC300020D150002F3D20003AD2B000142AF00017347000133DF0000D69E00027FF200043CEB00043B0D00013AB200011129000203920001EEAA0001205D0000D85D0002128A0008B08F0002BB810000D883000247110001D654000282DC0002E59A000320C90003DC950000E042000148B90000C04400020C8500017809000106490001AEDA000182720007F8260001DDE600010A93000159C200014C5700010A380001E5ED000120990000EF610001885F0002891B0002FE39000111A30002B9040000F0070003A8000000B3AD0003A48B000318350002C2D5000382A700018D1000013D890002052B000444850001680F000256F20002F2EB0001FD290002862D0005886D0006F7150005D6F800033F850000F0C200032F6D0001C8B30001EE5B0001A4D9000280A100021CDF000292150001D57A0003193B0000EE220001760900022A690002535E0001515A0001DBFC00028BDF0000E81E0001DA270001A3090001A6D60002DCAE0001F9A000013F02000139770001A62B000145DD0001E9EE0002BFBD000132AB00055FA8000664C500026B2B0002E51F0005859B0001B51600026C4A0002190F0001A36100010F3C000109700001514100131EAF00020D5B0000E4AC00015C950009D90F00011EFA000550940001E67700040B6B00063CD1000146430005C38B000329B4000728510003F44C0001991B0001A2BB00019C1F0002303D000236530002D6360002B137000149B7000371A5000172640001D59200012C1C00012739000246BD000125D70002C9520004129B00045CEB000AC4350002F42A0002340900118C5800023BF30003944D0000F7D4000158AA0002394600010B6200021C3F00015F850002A2300003696100017898000246F200032E9600057E4B000109A50013DB2A00013DFB0003B0E800044FAE00025BF10001020700017917000169FE0003991F00037AB700028F4D0000E82C0001CF0300025003000163140000E8D80003374A0003A8CE0004AD54000439B60002685F0001AD8800034B2200054E0200026E2B000425110003DE7B000229F70001179E0002A9F50003D577000103070007840700016D7F0001749500023F530004274A0000E25A000188FA00055C1400027B9D00042C8300046C92000137180003C19D0002A53C0006DA570009A1EB000143220002E4DB00010D650001698A0001698A0001E31F000110DF00010C80000215830001E419000181410000CF6D0002121A00029B490005BEF6000125EA0002EEDA0000FCE00001D4EE000130480005865300019F8A00011EB700011B59000121B30007852300018D160000916D0003D75700010AFF000B405C000115750002E15A00025F57000393060001C47700021C0E000142C6000824550003EFE700010ED70007A28E00014EB00001F45200012A170001FECB000143030001D9F30003079C0001C2110000F3EE000495DA000A5D8D0003D7DC00055E5100058B2A00020B8C0000EDD30004462D0004539F0001951E000272BE0001711D0000FCB10001B6810001B23000034F760001728E00025B490002AD5F00024CED00036F0000015B540001A6B00001363F00090DCB0002390E000485770001FD670000EF800012B2C6000392C50002E83A0003112F0000FD2600018F1F00038F64000147B20001BA0600052F6E00037305000103ED00021F14000507AC0001A417000733060001DD4100014EC50001849D0002725A0000CBEA0005F5F70003517F000331C7000148F8000226BE000415EB0000F1FF0004355B000532E3000339100001983C000205E100022D540001AFB2000189920001FA710002397D000DFB8D0003B6E500065E2C0005CC4500044B3600011FB80003476B00016D7F0002DEDB0001C9940003890F0001C511000594D90001962D0000C6170003271A0001ACA10000E31100025D3F000110CE000AB16A0000F4070001034E0003CF44000514B00002364B0001680B00036EA90001DC4F0002FA1F000F1528000254670004974D000163FE0003B2840002ABC300019E0E0006DEFF0002DFA70005D5C9000341EB0003ED9C00011BB70001E3C50001B51D0000E0910001966100023F710000E92D000303F30001A81E00012F930003E65F000170CF000138040002195F00048A89000302AF0013EB15000485D70002607B0003784F0000D023000568AD0001E2680001EB47000139DA0000BFD10002ED41000290B60000EA2A0003E9DD0001157E0007EE4F0002724200014B8C00026D8500010101000107C10000B92C00020D840001735E0000D0170003C7A2000108C500083EA80013B6FE0000ED0A0001BB0C0001825F0001F47F000260830003662E000252830002AF9C00053A3C000214D10002E4F700052250000178D3000250470003164900033DA80001FD5200035275000111B600014B5100024B600001D528000418B0000230CF00017E070001AA150003DE7E0000E5B60000E73E00018CE00001E55F0012C29A000214580000E298000257030001FB9C00031AAF00077A800000FB950001FDB30000A081000A30710005C157001415380001640D0002F696000491760001184F00028E700002415D0000D0060003C5A10002BB6C000261CF00024E64000235BE0002ED8E00019B520000E28A00015055000155A90001332000014702001171590001D6530001E9040002D73900019E69000284700003E02B0000FAD80000ED420001648E000117AC00017217000105DF00030B910002886200021C640001BD58000197540000C00D00013D9B0002200F0000F12700015CA200077522000F2DC500026BEF00041A8900042B6B0002063B0006BA7900020728000184FC0001320300012E880008B5910002D39300014D6900016814000100910001572A0001444800039D070002F8BB00027EE30001B127000195BE0002F8C0000132C40001C7780001F5C300012F5A0001FFB5000541E00002B2AD0002E392000231BC000308130001E82A0014A303000189590001D8D700027B190003DEC400018D4500069D25000176110002712600029EE900090F510002943F0004AF200002344C0001EEAB0000934D000150F20001D06800022D7A0001354D0001BD43000165260002D45B00011A53000B25A20006792C0003446500033C8F00021FCB0002CDA100012E3C0001D80900022C990003221500039636000754C2000150CE0002198900024C42000112FD0002B78A0000C0090001A2230001D54500029B940000EF030001B0750002440E00013E270009E185000A93C9000640FD0006BB620001FBDD000277A800025D520000B0720003984600030666000442F1000C09F1000129780001F4250003C0D100081977000415DB0003A85D0001E38F0002E81D000497CD0002C05D0001808B0002D4A50004C3B2000163B100016C4A0002DE6700014ADA000230AF00035B3E000586BA00050CEA00011109000418EA00012DEB0000C01B0002BEF100015E6000034E3F00016B030001D9F800038EC4000338C200049B43000248B900068B490005634F0001BB5A000272E10005C4790001A2950004658E00126A2E00012442000149DC000529140001308B0001EF60000AADAF000126190001F0EA0000E03C0001425B0004063F000352800000CDC500071B820002AFD30005A99E000120E700029F230007B3830002F0180003D46A00046CFE0000ECAD0012CAFD0003F74500010A1D00023F8B00027B7E00026B4600016B7E000607DB0001C8770001601B0002B21B0001C506000E2BF60000EFEA00027CF5000225800002A7A20001C5FB0014FDE8000152B500016D800007511C000109F700018C1200011C6D0000F98A000439180007EC9B000480FB00035ED500021C0100012BFF0007412C0004018300010D410001330F0001719A00014E6D00024B4D000185C100021D5B000157B900023205000124020002E8CB000379800004E94E0002B9730001218B0001273B0001113A00042B270002A35100017730000172C200020445000109E60000CC000001043F0001B65E0001338F00037E5E0001C2960008682100024BCB0001100D0001C21F000188250002B80D000179F8000AF82300019F6200135714000101A000029B170004F408000B0F570001455500020F4F0005088F0003C6A00001EC4D00027A8D0003C8350001C597000223D300046D030001FA0500029F060003232400017933000288E3000182AD0001A8AF00075EFA0003D1170003F28500046D2D000318CD0004D52100096DC60005EDC4000199F1000197350001F26700023BCB0002A7EA0000B16E00021ECF0002779100011ACE0007526D0008E51F000289E5000423010003401100021DC1000239D20001FB0D0001738300012A820001C03700013F5400017B1600016EC600023F1B0001DF1F00017E5F0013DC950001B9D200029AEF000149400001F86A0001855E000162EC00047B020002800500032E660004BE410006E7F60001B52F000242CB00039F6A0002D5CD0009615F00017301000216B700024AFF000209D900011A700003D7C7000318450003AB5F0004B39A0003265D00025CE70004105D00027CB90001155A0002AF210002353A0001D2B4000957600008876B0001B30000011C7000039B43000122660002B552000102550004AD4D0002324B0001DD2E0003058B0003A2980002C12B00024E200001E9A500027AF1000161E000106B44000108610000EE7D00047CEA0001C33300052725000442330007548B0004D0B100058F950003D6210001FA02000200EE0001076600044D970001C0150008B8D600023DE50000F5280001F40A0006BB3800076FCC000133D700021E560001138700058C4300021A36000724A60001CBCA0001F0430005DC410000E3910003C82900050F1400026D1700021239000120F50002788F0003F87F000430410001F2EE000104710002CF4E00035AE9000475C90005C5EB00022AA50001124F0001968F0002E6CD000160A90001796400014012000167DE00069FB90003A604000121F50001E9A3000204AD0002E52900014EDB000129EC0001777D0004322C0004830F0003547A0002570C0006A407000176C30001030C000114C30001EE4800024F0300065AB200034F0F0002456C00016A2E00075E6200093B800001A375000717AE000266D30002DF070001B2AC0001623E000185FF00032297000156F8000122B0000155EA0007F0F200041D870013B205000582A900044B290002EB4F0000EF4B0002D60F0006CD52000173AA00037CC800032B69000228A10001001700019F0000032F2C0000EDED000155F10000DF780001EC9200036AAE0001A9A00001F9850002B1190001F62100018BBA000231EA000202720001B547000534070004554A0000BF3600042C00000100E6000827810002936000052EBD0009A17C0001D49D000185B10000E0000001672600091905000470E8000205DF0002D9B600140DEA000207A70003E751000493FE0002298D0000D77B0007717D0001BB5D000321AF00014C500002E94F000261460002855D0005BE9100079F290002D26D000371C000046C090001AC61000120F70001DC2000041D5700013335000534E60002986C000119710006428100066D4300015BD500036B2100038E310001CC7D000286A10000D0260002FF910000A0240001B39100065CD90001635A00065B840004915F0001020E00032AC9000816ED0001753B0000E95F00020A57000595CB00015E4B0000BDBB00020626,5120
28,0020001000,5,0002675F00028F000001EFFF000942E600015B8400023572000185DB0002CFC5000142230002E2E90001AE090001BA0200019F21000465B50001007C000A79B7000272B5000130480000A0990001DF610003F2980001200300011A7F00037C750001774C00030FA30002BD2900074FA20001D11000044ECA0000F0AF00022E130000FFDE001421730000B7B30002431300016B0700032A5100012A25000DBA7C000127BA0001AD7400025A3B000A7E6B00038FB90003A1450000EC2B000194FA0000F9340001B6D30000E4F2000169F5000157530005AF6B0002B77000020DE40000EDB40002DABA00016A680001F7720001AE15000227820001AF7900092B130000F092000168EA0000DC410002646F00046C97000184630007040E00047F3500016E290003757B00056C360001E07C0002513B0002922200014D3C00012BE70001FD7A00028D69000224AD0001DE6A000425F000023C07000174270007A97100086BEC0001B085000192350002D7C100021ABC00018B7B000103B1000455CB0004AB4F00142CE800065776000450CF0001CE530014132C00019F1F0000D82900014CF600029F0B0001497100011698000160F50002852A00051E77000CDD7D0003D4BD001408E800012A3300028FFF000246D40001B0670001C88300035DC500012A1600030F3B000534E800014BE70003AC6F000505420006985D00014EF7000124AF00051F79000121A20001F317000202710001C9530000E88B00054B750001201A00033C770004C6A000032A650001FD6C00144D75000128CD000E8E4200011AEC001419F700051B240000FF91000440D700025565000278880006F23500017CB80014207B0000CE2100030D14000317620004F86300011B210001E1100003687D0000F34900020C630003D35B0001FB90000115520001A5470006B5AD00011FCC000117F10000F5C300014EB10005578A0003E50900015F120002B07F0006AA690001111100017DE100021EBE0004BB2E000188300006DC570002DC6B0002B16B00022B9A00029A540002DAD00000A0010001D07900023A400001A97A0001068F0001B8E70001A2F600048FB20001E5210000F055000332C70001E65C0004045200013D230001A60300018B810002B651000152A10004F67200038800000220260001BB2900020AA4000106F700015BC6000471A80004AF510001CA110004B238000322F700010DAC00010F6000023B5600031B9000066B050005E60B00023DBC0000FEB100022262000108C800017A9D001436BD0000D87200089B2700085877000C21C50002F18F0001986A0001656300022DB20007137A00028E3300008D1C00034C550001AB2900017D820001C572000219FF0001122F000454190002A431000116230000F12D00013E5B0002D3C60000F76B00030724000177210000EEF40000C0010003921B000136A70001D0890007649D0002262D000163E10001093700136D1100025D65000114BF0004CD450002CE2B0004E2E00009F11C0006DEBC000125D50001AFA100010E3C0001D91C00019492000257AE0001DCEC000775DB000261930001515C0001D871000107570001E19F000159C00003990300034BB00004372B000241790004B548000146A9000110B80006846A00012FFF000309320000C04D00010E8F0002D9E700025109000275D30004FC7700019BBD0002FE6F000B99830001E560000101B8000810440001D3740001DF090003E3620000DE2E00030CAE00015E1200045DA70008727F000287190003F46B0000FE2D000104110013FE7700013AA4000438A3000399BF000178800003BD1E000305030006F19200030315000151E50001281B00053AC700018ACA00060C7B0000E10500026329000454130007F1B6000185990002AD0C000E438F0000A005000DCD140001B73100035555000099170002B62B000256C90001572E0000F6ED000107E70004AF1C000284010001E6F700015EBE0001BF650001649700040A04000667310001F1780001E038000373010001A7130001C6C000012C7500012F670001A57B0007A8F900024B0B0003195F000808A50002CCCC0003C97300015F5B00015F3800012A060012A30D00010D650000903300027001000233D100093439000505620000FD320003BD550002C49F000156E500017D1700018ABF0001C9E60001BD4100013627000142530001BF920002300D0002503F0005A0CB00015AD2000158DE00014648000200090001526700010D0900038F190001D0600001259B00072DBE0007590D00124B370001D56700051A8C00012808000DA5640000E2210003633D000209890000BFFD00027EB00003110B00023BD50000CFB200023BAB0003ED350001DE950005E5F30001CE970002F00F0000FC5300113A7D00014D9B0004444D00020EF500025A750001939700014C1D0001E582000F1F54000223CA00031E4D00011A6800018E100000B00A0001470F000298EB00027B600001C3DF0004160B000150F10013D9E4000238910001150F0001A5520002AC920001920400096C7200016FFF0002187B000109360000E36A0001398A00010B3500011A4D0004D0850003653A0002595B0005669B000254ED0000F183000262AE000241870000EEE00001A7160001320F0006E8AA0002FD72000393230001CA640000DF9500020A530000ED490001B8DF00020E9600016A370001F6FC001442E60001DEE300011DF80001332700010A7500016C51000309630006356F000148E3000135F70007369D0001E06B000164230001FFFC000390B50002C6CE0002B8E400023B3B00016CB5000268BB0000E4210006282D000790E60002428600022032000131590007FC9F0003C09900015B6100020F28000293180005D9840001BDC00001443B0003854B0001E74B0013E7420000AF120002CAE6000180900001BBF900012DA900030F02000130F60005025B00037840000240830002B0B10002766100010DC90003EAF1000617E70000F3D700015F210001E96700026CC500017C0F00035A9F000155940001B9D500011E0C0001F871000192590007C28C0000C5AD00019894000A6C620002133F000101AD00011E33000B60A10002FD20000200E00001AC000002B8C30000EE12000238610004A24800030C260001EA190001162B00058EDF00014B4B000488EB0000E12D000123C10000FFB70001637800015CBA000171C50003D6230001991B0013BACE0001D952000231AF0002C3390006BA89000105B40001A805000462B80000EB1900035DAF000159CB0009646C000203C7000233AF00057446000269FB00014C020000EFA00000A00700020173000287950000A0030001221400029E10001374A50006458F000110B1000379E700017FF30001105B00075B9F0003065C0001776D000438EB00010C560004A30000013E28000239D100058D1B000272F30001C625000216B40000D5E4000359890001451F000103F100021C1B00033E5B00018B2000083A09000B1BA7000183190002039A000155F100020E2400012DC70007A3C70001EA3A0002EF5D00014F7800035F250000B1740003CAF50000A0370002C143000287B90001EE8300012F87001461CB00011D090002576E000443650003879B00012505000276880001E8EA0000F4780001103B0003572500016BC80001B82700060EDE00018A2400040803000172F4000137AD0001F3D50003509000016C3400017DE60001FD5F0002CBE90013705A000107D700023C05000282E30004A3B30001B1D4000140A40001BC15000150C70003F88D0002618E000146910001A250000673FA0004096100011E150002672D0000F3F50004AE1B00019FA40001F25B000274280000F63600013407000A714000017B6E0010CAFC00023DBD0001512B0001159A0006FD680001FDD50002E3CE0000F4CF0002AD87000284A7000265510001511100026F1E000456DC00042B8E0001EC6D000143EC00043719000C67470001542500032BF50002DA240001E46A00013D10000290650001993F00020AA90001A0160000ECCD0001CA2B0001847A0005B4190001E1A70000F4270001C67A0004981D0002133D0004DFB100016B310007AA2200018DDB00024F6D0001BE9F000171FD000139850001681F00021A2C0002C35B000182F70000A1D20002E5D900012F5E0004798C000171B30001DB1B0004221100015A06000204650001D652000760330004EB810001704B00021CAC0001BF7B00012163000408280010599B0003067A0002007B0001B212000208740001926700017C780002650C0000C50B0000B24F000232E30001708A00017D7600020373000581E90005DCA3000228FD0004FC40000534B20001179B00013354000162DB0001A7650004C52100014C670000D09A0004A030000201C00001459B0001CEEC00037689000228690002918700012EA600012CAB000142070003375400021C680002FBE80002A7C40001CA8D000370170001F194000245FB000160910003500F00013EE50003217600059C14000139B00002433B0001BFEA00013A6F00010DBF000286E80001E7810000D90D0001EA2C000358F80001673C000DB41900041F1E00017DD90002B91D0002F62900049B7600016A6000011F2E00027C490001DFD30000CFE8000110C000014E030000D5C30007DE040001815A000108AA0002B81700035FF50008BC820001BC38000165640002276F0002CF0F00011B6D00026E12000299A90008767A0003374D00025EB8000A52C50000EAA700133BE30001BA760001120B00084C770003F3650001899B0001CABF0001FDB200025A170002825500015B2F0001177500011ECA0002C66B000273C20000F4C5000185FD0002835A0007225D0002CC080012D6D50005349800011FDB0000A2F50002351B00015DD90001E0E7000388320002EC4F00029DE3000316ED0000EBB000012E290001419D000235860002F8FA0001047C0000A41C0000AFF1000160B300033E390002769900093FBC00010FF00003FD2100016DBF0000D1050006C9910004C4FB00071A640004A63A0000F33C0001E03100040AC60003A7D8000169A20001DC230001B8DC000166570003E0E70013D2EA00015E7400058B2000029D7600014B800000AB000002009D000613B00003E5600001C02C0001755A00023C00000886520001FBD900064E6A0001392300033C2E000111A80003951C00014AC60003FFE70000FCCA000B27120004A8B900120A9F0000917B000170F4000254CA0004E21000027F790002DD4D00019D640002F4F7000183730001CDE60000E4250005FEB10007C3E9000123F50001D23B0012A7B500013EE6000166460001212000015D460001FDB30002074600019C2C000160A5000219960002D4C900014A130002A9110001D1AF0001620E0000EEB10002BB550004265400081427000177B90002B2F500072DC00003357800026E98001380210002331D0001B0BD00010257000153670002184E0006F51B00020BBE0004FEAB00016ED4000416030001AC67000339E2000126320000C8D70000DAA9000204F10001F81D00018283000173F7000213D60005E78B00019A230000BFA90001CA2B00041716000336CB0002A67B0004A2140004258B0001680700011ED700010DCD000252DA00028AA50001C94F00017E4A0001587800021B540003278300014C95000113820001402F00022BCB0006D6190001AF980003952A000239FD00033AE800057F2D0001B6B6000152BF0001933A000501F800017FAE00011DE9000143FB0002008C0003194F0000C0060009FD800000CA51000304F30001D4EE0002C7830001A2B000014F3600014C9F00013E780001C87900081BCA00014BA10001CA1B00013A180001F53C0001DED80000D2170002AF6F00025B460003D6C80002485500037D00000168DF0002E34A000150F500034E7B0001B8C10002CF0E000D36690001ADB000024D280007E3E3000100730000EA6B00014730000318EA00011E9B00027173000150E80002A948001186980000C01100011E3F000172A70013C66D00014D1200052B4F0005DF2A000314C50001F2EF0002FD5D000201780003975A00016D710001A61D000109C7000502C30002149500028F210000D326000370290000CFAC000100910000BC1B0013C6D900022E6C000B4CEF000649640001F2970001DA390006432100035103000187370000CFE500017C230000FF640002DFC10001861B0001FF8A0002ECCB000317110001896000040715000729530013B84E00015BA30002DBD20002AE750001D0380001F6A200022450000134FD00019A270001D19E0001FE8E0001BD320001EA61000470180000E21900019A170000AF9A000186750000B1AB000212D4001428DE00016E1B0000BFDF0004022F0002D05B000134D2000257530001B50B000124F60001A5D5000309CE00013C9D000316A10000E7F300015A23000362F900112D59000116D8000256FE0001158200011E2300014E44000AA4EF0002131000011888000141FB000AA8830002BB0B0000C6A40000D5FD0001613100036FF80004EFC8000202350001F322000160630012F1BB0001F310000A05E60001847D00035B010003667A0005859D0001F3160002AB3A0002D08D000930180001F990000808930002152E000211830001BB260000F1720001DE26000AE4FC00043A2600025651000251A90001C60A000658BC000707750002BED2000590E10006321F000126AB00015061000809950001ABEF00017F0B0001B39E00011CE30003BCF200038E9C000110D60003E5BB000414180005FCA900009000000214520002A2C70010D457000119F3000118DF0002D92F000182E30003214400014963000443CC000419E500030C39000C4806000159DA000318650002001E0000E5530004B02D0001EA2600026859000753D00001655800035CAC00084D2C00028BC5000152EC00051BD90000EB050000E26D00011CD000015B230004B0570001AD3D0000EB4A0006F42800029FBE0002599100008E7F0001C45300016BF5000202BC0008405F0001F33100026C680002000200010D65000489A30004D025000276FB000146D900075F6D000193B800012E2C0001B6450001203300010EAE0000C78700017385000132D3000155C700033C8A,5120
29,0020001000,5,0003ABD80000D9B9000162B4000211770001B9A600017DD200028E4F0006D7C70004E606000A06C1000560680001543300075A9D00073AA60002B8140009C2C90002151C000448FE00020C38000137410001986A00019B8300017FC40001151A00012F680012CCEB0001A0C100012E9300023E940003A0C6000288B50009D7EE00011E1300014DC30003EEA8000323D90002059F00021F8B0003513B00034CC00000EE4800030D23000267B30001D8D300012B7F000141FE0000FFEF000198AA000183660000E10600013F860008F0480006B75E000BCC1D000370A00003955D000450DE0002CF8D00074D6100020CD0000153660002A27200013F940001822B0001702200016ADF00066F390001037500034551000107B60004A33900015C02000135190000EFC700061D650007F8EF0002EC760002C5800002D04E000136B4000163C50001A3E60000CFAD000355750001C4D50001650F0001EABA000219B00001763D000356E900028EF600024C320007BE650001047500032F51000579B20001A8E10002427F0001BA0F00017DC90000CEA300054FCC000189F100015F620007D2FA000669AF0002BDC20002F0B0000267ED000201760000D5B70001E8D70008B2860001E17D00016D6D0000AFEA00021E1B0001E5980001E1310003E4FC0002F7010004BF0100036FAF000375B9000148DF0000A960000315110003A0340001F97800010F8500015DB400037AD60006066D00027EAF0000F1370001929E0005D09D000133AD0002126A000247BA00038F2B0004F53A00010B26000280130000BE5900023C1D0001BADF000975450001B2890003406D0001091D0001D7EB0002FCC50001F6FE00013400000224980003CDD20003E9EF0001E4AE0001506F0001A68B000A41FB0001E6AD00019E070000F6C200021C9B0002327D00024F3F000212940001BF5200062D990003182500095BD30000D0860001AA0E00022BE300039E850002BD5900021872000250A200017E3B0001585400083913000305DB0007401700065EC8000181140006A97E0001438700020DB3000208A70003C6DE0001C32E0001D9590001166D0004BCFA000125D20005597600029AA50001D7B00002AADC00016027000320260001DF4F000183EE000142F60005AEC40001150500013DFC0001C85E0001AEB1000256B7000235C50004C805000305380001F75D0003166B000A03970001C186000208A4000151ED0002281900020FBD00010B850001B35F0000F20A0001485200020FC600094B3A00026BC70007DECA0002B15F000152BB000289A7000592BC000573680001273100036574000151D30001D5ED0002222D0002A94100032BD0000249D40001F06E0014C5670001F42D0001BF250000AEF60002D802000158CA0004B6A10003EFAC00017C5B0001770B0002B1F700038D6D000422BB000426C000012AB50008F5F900022E7B0000F00400036CB2000104460004C4C1000114290006DAAE000147CD000330270001AA92000385090001558D00020FD70002A1CC00012020000204C70001285700021CCF0002A4BD0002BE160003AF25000374780001E50300032E9D000251170000B1CB0000E5F9000396880014183C000A4463000155970005EDFB00018B3C00069FF3000311610005566C000303FB0004E7800003B319000186F0000292B100017B960002E6410001F49F00032958000497E50000E2D70006B418000709BD000160230000E145000117F700019C940002728B0006AF120001FF0D0004094A0001FF340015446C0000B3BC0000C64F00021FB40002A034000A9CB7000415640000D56A000734320004753B0003D6370001754900061570000299220002C1120001A210000569B900011A120001F3FE0001516E000185EA0002EE510009F06A0002996C00023F590001BC2300021795000669DD00019B160000EFED00091BDC00078DA100011296000185C6000316290000F4B80003878F0001129A0001407B0002901B000111D300012F8100141D9D0004B7FE0001B1110002E7850001697000031A4F00012DCB00036A22001432A800028AD100021BA30002B5C90002019800042B120000CE240002FB3C00063C8400011DC9000222410000E4E200146A9900029BB20001AC0200049BDF0000C367000461070001243E00014A06000118A4000136710004FAD2000122BF0004B690000147C7000177AC0001B312000B290F00022A49001092DC0004757D00140C8A0001CDEA0004E6C00000FE1F000199FF00020A0A000156730002940E000188C8000183CA0001AA840002EFBA0000DF770007BA5F0005053800014BBD0000A0B500034EFC0000D20100014FF00003A99900050D4F000178DD00020ACE00012F170004BD6300010DD400027FFF0005BC58000422AF00074DA1000150BA000103670001019D00019D470004065A0002329100065C2C0002355F0004C5670004602A0007E34C0004F517000164D60008B9F70007982500089CD600013C700001A37F0000B02D00021AF80001DA330007DE160002C2C000021ADF000313FE0003275F0005954A000130E50001B69B000192A50000EB1D000154CD000198330002C51D000102BE000158EA00038C200003400F0001C12300017D0200010AF900012A5200033D1E00028A580002CFBB00017AB50001686E0001BE4F000404FF00014734000184950002004F0004672600010D57000307710000FEFF00045C500003C8150001B3730003EC9B0002258B000181510001B9250002D5730000CE20000191A40008A9150001248F00019C66000C32EF0002212B00011B450000B0BA0002FBC9000721E50008173500022E1F0001BCB50000B16C0003FE9D000581CC001486DD000126E90002B470000174990001DDC30001521C0002E1490001AEBB00023E330000CFD2000115A200011DD70001DE4300010D0000021A0900015A0900013FA50000F00A000191FE00026C2D000141E7000293D800034B7F0000CEFE00020047000179FF00084D65000164C800013618000115B5000B2A0D0007E9BB000184AA00023BF00003A776000121120001DEB70001BC0000037D8D0002FE3E0001535F0008E3150003CDBD0001CAB000071E7100066A5C000727AE00010E7300016FC10001C09C0001455A000158B800032DC80001C073000610660001482B00130BCB000135DA000229DF0002D580000A80350001880300034DFB000111720003BE2F0001BB490006AE6700050E410001CA8A000202390004B729000175BE0001FFAB0006D323000190470002779C00036BA50001013B00011129000164CE000674110002DFBB0000BF560008CB3E0006221D00010D9E00020B3A0008135200018F880003C3A90001084500020B4500147465000301680000FC020002168F0013EFB300016F5F0000C67F00013B0C00035C010002B4710006569F0000B000000233E80001A1DF00030ABF00016960000456570000EB6E000180DE000482BB0000F17200050D35000ADEC500061AE3000141DE0001E6CC000273510001371700017AF500033044000291CF0009CEF500015FCB000313FB0002EBE70002100B00029392000409790005F4EA000158F400023F5200010011000244170002224900093F200001218F0002B95300010DA500047ABE00018AA00000C095000645970012B209000129A10001992E000125DC00026EC300037E8F000160510003B7050001081000019BE80003829900011A3F0001292E00014B030001BE48000280CF00049A300001E857000395400002D1EA00025DBE0003B0C4000368CF0001028700027BF80003EF230001788C0001E8C60002269F000100D1000136890001D7E4000176870001917D000153EA0001327B00012F5D0001DCAD0012798200018FB10001935E000194A1000311890001F08C000FF9FD000540020001885100065B8C0004B02D0000E1070001DCF40000FE93000302DD0002AEBA0002C9A7000137F40002E6BA0001897B0000C5AF00067A070001D12D0001F6F30002C7740000BEE50013A596000183DD0000FE270003B9050002ECCA00010297000295BC0002D40000017BCD000648170002CE7E00025C56001174A00001B81900070C7E000436FB0000FF7D00015928000675DE0001438100038D3D00017ABF0002019A0005372900025D4B0001F68F000143A100011C3400013B4E0003B3B4000300D0000117D90002B9F50004EB0000014D370003DDD0001170C10001B6A500046D4C0000FC7A0001470B000196270002269300035FAC0002104F00059C590000AF770001DEA60007948B0000F6B50003529D0001CC29000162DF000146E40001801A0001B5CF0000F08100014263000213120002E67A0001EA480001AF820000A76B0001851E000422820001AE0B000170F8000150310005100800017D85000140D40001E3340002623B000252F6000255620006BA0100039B250001DBF500027D2F00027AF50003F19A0002C55F0001E5730003801900021626000168D30004429A0004993B00022CB7000169BD00059C02000179D90003AE2D00013E46000111EF000216E20001193D0004FD8D000518F900014C010000B6040001402C0000F29D0002088F0010347F000153E20007C52E0002D67C00045F0700016E130002F68900026E500001B68D000458A30001A5760002196B00044B6100024055000411520002FC7800042F76000286B000038667000133D30002F4CE00022AD80001453200013A4A0002550F0001A6680002182C000205910002922C00085AC0000376E300019CC90001001600016B1B000154C60001B4950001847500020FEF00030ECD0002AA12000DF1900002766F0000E7390003626B0000FCCF0000EF5C00055F1700026BCB0009D76100015C5B00019772000142700001015900015AAD00036F2B0002064A0001336B00013B940001F61900080D19000232FC0004312B00077CE10005324F000139CD0000E39700018C4700022EFE000196C200029B1B0001EF590003992A0002FB2E0003F7940001332D00013BD7000260D900015D140001BB770005B6A00001A2D30002CD300002553700024C190010EE5C0000C0B6000131F10001BEFD0006AFEA000198A600020E3D00022AD0000C4E5100025A7D00026A140002427000013BB30002201200056023000238590001641900035674000305390001748B00021A910005147300030B72000154B50001C496000134E80003AE530003ADEF00019C4A0001016A000310C700046E72000143850008159F00030DAD000102EB000294CB00069AFC000519430000CD0A00031C0A000127970002C6C200019D1500030A010000CB7E00021B8A0002A04C00062A7700033E8A0001420A000210BB0014404C0001541C00048D3A0001DA5700038FFD000113D6000121E30001DD93000878940001E0A5000358EF0001838E0002996A0002775800010FB10003E200000149F40001D70B0002D5180004C58F0003125700022F3D00066D2A0001616A0001A66D0000CF8700038D580001486200022C6200015C3D000162990000EE1000105FA5000347E90002E35D0001A23C0001800F0003D70900025214000596980001D632000236090000ADE30002280B00038EA1000257F20001F1930001FC270001304800018CC50001893200021A7700046D040008BB84000670A20000E5B8000141B3000183F60005FB290002E1D50002BA5C000175F10002CB0B000423540010373B0000DFA2000162F100038CA60002D35A00020DE30003A62D00049DDE0001F4E50001589C0002B351000786900002A0950002E9B600011DBC00013500000166AB00013DDE00047EF90001221500031702000692810000E079000480C10013FC990000DBC30002E125000636B800059A710006BE3600025F1A00014C2A0001EAA200015332000102FA000A707600032D870001380D00011DB30004E429000367390002B4F30003346C0007333500036BEE0001FF9B00040CE8000346230001E7D800011AFA000142C300065BCB000457DE000115A700039DAB0002396300017425000302FC0004539800015A34000190AF0002CD63000208640000D1AB000111230001570500017EDE00017F710002433C0001CB65000172140000C44E0001BF490000FD6E00021E2A000115E50014CBB90002C20F0000E00F0006BDBE0001770F0003DE010006F3EA0000E22C000EDC3F0001ACA3000296E00005B4850002FEBD0001A2CD00027D6D00021EB40003E9E40002CFA200052E810001B57D0004D821000255FC00033D8000077E1E00024D3A0006C5470000E17E000788060000DABD000724BB0008B63500012A8F0004E4D00004773100019E6B0002DFBB0014484E000544F40001F39700013DBA000275890000E1590008C0030000C0700001C51C000342F100086CA60001E39800025C37000569850002AB53000391960001289D00013EFE00017D000000D1720001E6740002168E0001FB690001CD0B0001948F0002716D0001CA1100011FC10003FD1B00014482000539BB0002467200011A070001E06C0002667000029EB0000154DD0001A79B000132640000B029000191C400014B620001FCC900028AAB0001DAEE000273E30001F6500001420100096FFB00012D9C0001C823000278640002B4C40006E5B9000163FA000A09CC00010E3D00027EEB00048A4B0001D91C000600A4000155AF000555C20004539B00143B0100017EF000014CBB00055E120001E51B000427C90001CBCA0001008600011EB200010F160002030F0002188700034A820003D55A000120550001E47A0001A0A10000CDE50001DFF300030F180001AF230000FBC90001F7D30001A8150003CCDF0000E4F4000439B50005F1AD0000D5510000EA610001173200020941000726D400014DFC0000D0920002D6C900018EFC00024D480001208700048E9B00019857000149E80000BDB9000460DC0014A2BC000116520010E83A00017DE6000780CD00017A0A0003825E0002015E00028149000157130002F3A30002AA120001344D0003930F00014498000155B900035E27000198E8000ADB090000D0AC00037347000110900000F2E700019A0000022A7A0001902F000E7EC500076DCC000DF8550001BE070001F35C00055393000474D4000266A300039945,5120
30,0020001000,5,0002BEBE000297970003FC2F00023E890001D0BA0003815D00023FE70001E27D0006CA5300016D5D000125EB0002653200024BC20003B0C500027BD60005D32F00026FE400017A9D0002F2B800056C230001038500042CD30000F8DF00021B6F0000DF7900013FF30001920500011F930000DAA1000337F900028597000173A20003E8CB00050FE2000167BB000649090000FA900000C67600024B370001E0060002176D0011236E0000B0030001DB4300037B34000122620000CFB2000165AA000100590002ABA8000352C00001318100043FA1000130A900034DFD000460920001988E00017FD60000A0100001272E00028BF2000A1180000342B50002A6D2000184790000DDCB000494CE0002494A0002ADA3000248D70001276200019A770008F6290003858500065AB300034A050000B788000215B50006CE2B0001AFE00002B34E000109FB000128280001656100098D620004582F000202060001EF390000F1D4000191CA00020BA50000E3D30005012A00031BC600031B11000103FD0002A3F80000F1C50001D99C0001094F0001418600018A900004915B00150CB600028A350002A87900018C29000108320001434F0002D6B1000200B10004A0B1000172F000010CD100012CE1000328B7000264E20002B173000202CD0004DEAB0001A7FA001288F7000587810002293D0003673B0001C6940001B2BF000204070001083100010B630001259D000160FA0001671D00015867000128C70001254A0004306200022B9D0001AEC20004DECD000216360001447E000177BB0001899C000202FB000166BF000100E9000305CD00011F3B0002841B000241550013D4300000C06D0011C51E00016CA50001DC3D0008B38D0014E80F0000D4AC00021B1B00014D98000376BB00019ACD00028C4A0000BF1B00029528000153A20001FA9A000127820002647C00017A2A000466CE00019EA90003560500039E5500019A010003785F00035CFF000642E90000FFE800068CEC0014C3A60002508F0001508E000264230001C1180002B39B0002EC8F00024EC5000101CD00026FDD0002D67B0002163900022DB90000E3CF0004AFE80006B0D10001A78D0001542800018C4F0000D06F0003155F0001DE8F00016A15000244F40004349D000331540003DA5E00073AA90001E5110000D4860001C7930001988400023A7A00012A5D0009CBF4000326020000D4170004F29700010B5500014C360001D65A0001CE0300014DC4000383EC00018A190001089E00094297000164A20001678F0000DE67000550F90002BC570003F000000138D6000155F80004EAFE0001BB65000288CB00051DEA0002840D0003E92F000176D2000209DB00015AAD00019DA80004AD680002394F0002336800019ED700011FF9000100A40002176B0000EA12000392B70000DFF1000392800003556E0004208B0001BDE10001661E000223820000C9FD0001CDB40007952F0001028D0001752E000374BC0000E7DC00013022000211D0000327CF000435BB00017BCF0001578600038FB800023927001332D50007AE210006B36B0001DC4C000202C3000117450002186A0002C8DA0001E5CD00056116000202AD0001F7FD0002988C0001A9010002DDB8000231AC0001A6120000E3570002B6660001B9A80013921F0001F5A10000DEFB0001AED9001241DC0000903C00021C780002C6C40000D5DD000154B200049A6F00014C5700049F340007465100043FC20002445000046EE70001477A0003C96A000142A900043C8D0001694C00083B5900012DE1000493AE000143ED000B93F70001307E000402C80002EE5900015D710001DA32000132B70001FFB90002FEAE0000EE41000189A50004F4630002CE0500013E9C000125AD0000F53800017EA50002D5DC0001995800031BE600093CC300015C0900020FC100035BD800016DB90000E1DE0003CE6B0001EDBB000406970002E5A80014DB8F000269A10001AA9900011C68000644DB0000D7640000EE3F0002E6B60003D89D000153C3000296D50001B1D00004721C00018BBA0002C9CE00039D0100023DF7000163760000C21D00027D2300018C0B0000DF470002A2E80001656000029E47000102D0000146980001742100021E1E000133420003FAD60005260C0014476D00011D760001FBBA00069CE50000FF9E00013EEE000604A100032841000360850001A51B000292E300035068000115F00001CC1C0002DCCF00021DB10002ADD300019C61000165330001D5C8000279D10003C363000642710007C22A0001A013000114340002DB2700015175000101D30000CC46000371C200034A900007460300012D020001C7A20001560500030FCE00052B4100141BF60001FC280000C0590001B4810005AC710001706B001418B400016B7D0002142F000866490001952600016D640002942B00043CD70000E0AD00015C82000316720001E1970001A2610002B488000153350004B0430001FDB900021A1D0002AACC000284FB00010E500000DE6B00021420000159D70002559400039BBD00021D67000159F3000299090004FE970003531D0001106C000271370002BC110009EEBC00010FBB0001FB56000418B4000184E2000199A000018AE700025FF30002549700014BD70002DCA900018A560002CC970001923E0005ED2D0001788E00016BCA00011A57000118D1000397CC0002D7F30000E62A0001F6520006E24D0002185C0003E4710001E27F0003D65A0000CE3000015B70000166AE00025F9E0005812C0001B4F60001A09F0001F1E5000652750000D2EA000244C60002E68D0006F8290000CD4E0001BF210001D38F0003113B0002132A000342440004B87700015FB10001C30B00013AD200014CB0000182120000A01B000116F40005B3E90002FDA50000D10100140F80000117DA00023F91000804A00002883B00018097000090000000CE88000332490000EEE00002FAF000024909000336EA0000ADB40005C64500016A8F00017571000523B200012D860001E0650005E6AD00015D960001C18A00019AEC000099550000A02D0002A6990000EE8800015A7F0002E1370002081B000645C50003FD0F000284440001705500015401000339B800012AF90002C8130001396D00033BE9000189B2000102270008C62900016E1F0001A499000550F900049D56000210190000FB25000436330001E7A30002B1700001A0AC0001AD8E0000FFB80012E7630001A7CA0001928600039957000282F80006785E000231190000EFEB0001F1810004C4E100054B9E00023B9F00074E0600045EC1000184B8000665D600013EBB000158EA0005DBA50001CF1200018D300000D7BF00031633000245910000E1700001FB7F0001EEC100015B1000021F40000128A90004E9BC0004A2040004F0110000FD6B0001192B0004E953000122EC000568B9000274D00002C4DF0002ABBD00015398000167730000DFF5000131A70000CFFF0000C0470001522F0000E13D00048845000221CD00036F47000555940002242B0004A6FE00010EF90000D43E0001172E00017A2D00013FD400024ABF000266CE0000F08C000165E50001D7A6000186AA000883B9000137F10002962800015F9300022A580003A59700024A4500015DF6000109D20002F04D00028E420001A8B20001CC4C0001BCEE00122B790002B9DC00017F6E00012396000126A100012F0E0002A6FA000263600001AAF30001C6ED000154E90001F8A6000197380002774500020DB30001A1110001D717000219300008E8690001113D0002A6F20000C3280001ECBC00019037000261EB0002434D0002E94F0003AE500001CD5B0002326C0001ED4D00016C4C0006750D0000FF6A000346FC0001A2690001CC6E0009B63F0002C1D30002059A0002138F0001792E00041CC000033E7E00030D5A0007A721000592190001AFAB0000C4F0000233FE00017F2F00010C39000188FB0001A5B0000B11400002A1690002F84100016BA20005482300017042000411BD00030C5E0001879300040912000120CB000181930000F2D2000146D60002439F0003521600054CA10005896C00011D9F000213C000049DCB000377D300050775000123F300026BE10006043F00019331000759B700017CB300014DEF000121B30001AF1B00019EBC000164070006862D000134900001D31D0005509F0001ADF60003C7E4000111C30002211C0001B1F9000104B00001A99E0001314A0001773500012D42000213BF000129F900147D5B00011BAD00010FC50002E2F40000F11E0000CD590001B75400034F6000019EDD000265550001E2AD0001BBF90001C8A3000186D90001EAD30000C7090001040700010F05000265900001599500017E1E000175B3000168C000027D1E0014690F000119AD000FAC8D000221D100012DD800011D4B00015635000120F90000FE590000D9F50001B874000144B400038BC400014048000208680006750500016133000175650000A0DB0001AABC0008C8E00001526F0001B90900027EDC00146EB10000CBC7000219450004F3DA0001E7AE00052C5B00015E720002719E0005106500012B7E0001C17A00024CB30001E39200030CA40001DA4C00072822000CA3CC0001833100030CAB000312A900018AD40001AE330002C31D000136D20014749600011FE700028854000551B600023FF90000C3A90000DFC10001E58200029A3F00011C350005933200013D0C0001243E000115B50005E8B70000CE9600024D6600010452000261FB0001FAC100028002000143370001795500025D5F00063E600001374300021805000335F60001988D0000D2FE00046ECC00021A5C0001942E000383B500021365000218700001820F0001A09700033CF00001623200011653000123BD0000EF89000175A0000118850001C7E20009C2990000CF4E0001F0C80001C46B0005F5630001A2960001325E00017D4F00023BD70003A55F000607190001A2AC0001E549000213AF00032FA700013F8D0001C27E000747B600018AAB00011F720002D18E0000FABF00017FC00000B915000186540001D76F0003A7910000A0B9000227E90002B95600031751000119F70000EC7200020CEB0004A40700068C7400028D0E000197710001A0B3000524B400019FB500032DC700033D0F00021AAF0001E832000146EF000188EE0003F141000908FD0001007A00019723000128FD0000AD4B0000D4B100013E2900017F0A0002134C00015095000601D70003E9690001106D00023DEA0006C1F60000EB1A0000FF490007A34F0013ED660006F8A300024F810001BE100004DE4F0000C19E00015B950000EF8900032CA20000A0040000CA28000221400001D9290000E4E90001A71400044A5B0000AE6B000152290001213800010527000268470001EAC30003CDF70001907C0001362B0003518500044AB900026C620003C4A1000247B50003603E0002370B00012CED000416E100047564000255F60001AB9C00010D5B0001624B0000B1DC000ECD6100025F5B0001BD9900011F4C0003D6850001C4980007A9A90000FCBB000189EB000158230008A538000153D60003E98E0002097B0002449F0001D0CF0001C8200002E6F600084AF900027FEA0001C708000580850000EF09000165B200029F310001449F0000EA950000ADEE000156DB000154D9000A64A5000273720003CE67000125A300012AAD000134500002890F0001B037000275AD0006EDA8000383BE00013D8E0001A78E0003AD98000152D0000323060001793A000283650001FFDB000178670001CDCF0001FB070003EEB30001AF510002093B000115E500044DA50001B7950004B9880000804300020D0E000159880001906E0001B69C000388890007B4C30007A1190002CD310001A6880000F47E0000EA5B0000B4AD000179170003616F0001ED6E000121200000B1CD0002C337000228B8000126A1000305DD0001B0DB000302730000C5AC0007934C000298EC0000EF780000B00400012B2100016DBD00008F5A00027F1E0001A2E4000406440000F5130001AAE300014488000104470000E45B0002D44000044D9D000107E2000474F900014ED6000245FF000305F80001A7FD000330410004E3D80001381A000148370001020D000166310001B8240001FFBF000178ED0000DFD500022449000352B800023ACE0001F88B0001040D000172D70001A977000294990001874C0002F2E3000209680000E2D700010FA00001767F0000DE3B00013FCB0001413B000379500001BA080000EC08000124AB0001F72F0005CAF500019A5E0002E689000364D50006FB990010F2530002F66300024FBC00010FE000032AF10002008A00037E5F00013D4E0004FBEF00015633000111EF0002DD0D000125C50002A7910001554D0001258E0006634F0003C364000404E00001A66300112FC800031C41000A68840000F10E000194E20002E3D00001C5B90001BB04000AAC11000172F70001BE9D00018ECF000116810000ED150000F4D10001107E00037E1E0002685000022AB70000E1870001FF300000EE6D00034BAF000140BE0002374F000225ED00016C860002398B0003E4770001019B0002ACA80002064200059ADB0000F52600031A5A0001E4B400010007000151CE0000F0E70000D23B0002257200017226000321ED000440670005629800030BBD00051B1800012E3100023FA10001268C0008AFDC000697100001B68B0006A8CE0001E2E90001B18D0003D7C70006365400045A3B0002D9690000D4EF000446840001208D0005613C000AA0FF000145A500015F9F0001B5A90009DEF90000F70600029DAB000154F300086FF70005584100024D5400025C2D0000F9310002D5580003AF250000D2E30007412E000361AF0004283C000100F900017D9F00034C33000643320000F74A0003129800013BDA0000FADB00048A5B00012115000151350003554F00018A930002603E00013EFC000843FB000171B40005730D0000E0B500015A8000023A5B0014427800018F110001E66500016A8400145E550006674300013BCF00010D3300015189000578340001CE310001830700017B150002EB68000207E300016D81000740140001236B0000E35800012D4200044B3E000102EC0003001B0000AD830002BE260006517F00020FA4,5120
31,0020001000,5,0002948800049ABE00034B770009A35300033BA100029AA30001E98200011A190007CE1F000256D80002E343000197C70000D5520001112D0002034C000176310000BD1F001420510002029C000173530002C58C00021F9F0001B42000014276000157090001465C000128410005D6E1000227CF0000D31D000135A8000368A40000E2D7000134210004255B00044397000116170001553B0002044A00018B51000787440006805900010BDF0003342C00031391000222C20002101D00014CE70000F09B000406050001D1A90006555D000100100002B8040001E73D0003E49E00014F6B000325150003AF020000DACD0002545700024A980002013B0000EE54000121C9000F5D09000109120001A43B0004B68E000271530005FB700001A13D00024DF60002A5FD0001E8CD000252620002B4C30002997200028BCA00056DF100034539000250630003941E0009DB480001B3DC000FAF9B0001727F00071ECE00013B1E000476090002780900013DAC0000F49F000139410000F032000296000003878F001405B200013AED000A0F710007FD06000282930006FBDB00028BD20004603400010B910000F393000158BF0004BB580001C6B20001C782000155470007780B0001A96D00067958000200F3000404530007EF9B0001163F0000C5780001812C00031AA6000125D70000CFD8000132FE0000DE2D0002F3540001D84F000193E300011F680001CA580001756700032C2D000269FB00011B130001009A0001A7210001B62B0002249300012210001301AD00099C8E00014CA40000FFE000012524000219DD000156610001F7FF0001EEA2000178930000F1070002B7A8000180C80001DC90000336C50001E9210003E6F00000C01F00018F050001FA0500019D08000255CF0002E02A000430A10002C50D000421CA00036EC400046C400000E56D00022D9C00029D0C000759BB00010FAF000302770002F6EF0002CBC200032F170002BB810000DFCC0003DA030005153F0003F52D0002895E0003F7C90000DCB600018323000727B100039D68000439C00005067F00036FA300031FA6000399060000CE7B00017C8500081C7100043D040000DD440002DE5B0003A7F70006481600064149000307420000CE86000150250011BAB20001717D0003ABC20001BD650003EC120001D2510004D94B0000A7760001AAE700038F190001F9530001FA38000158E50001BAF00000FDE20001B45300020A200001D15B0001E78800037E800001E4C2000214F80001AAEC00014A03001469F9000427E90001E7A70001215F000221730006A65A0001F2BB0001725700024B3C000156FD0001C97F000177810014312E0000CF360004A9790001617600021A8300011A4600028EFC00018D3C001429FF0001719E000140FD00013D190005220800079B46000124FA0001547000019A7B0001FDC70001B1F50001FDEF0003E77400070D4C0000F0930000EF7D0002AD5D0001D2BF0002FFDB0000BFED000D85E100018FED00011DDF00030C8B0002EB8A0001B20B000272E40000B00000024C570001E81D0000AF97000203A400072FBD0001F8860001545B000145570001865D00032DAF00049F940001F13700012A5300028BD60002FE9500016A670002EDD80000C66400022F440003729900015FC70001ED3F0006C97C000103210000C8070001F02100017675000142210001067900015DD60000F4FD00032C97000238CE0003D1F30001B7A800016D53000278D100026D0E0000A21F0007678100031863000369570001B0480000D7530013587300023ABA0001AE7700019F960001FF4600027A6A0000F3E500020A31000224950000EDEE00032CD60001756B000E18D30001997D0003016D00025C110000C1CF00052E520004886E0003144F0001A92E00056D3D0000D1850001BB5000016897000198730003D2270001DA5F00014194000209120002DC5A0002B69F0000FE7200016625000335DB00039DFC0001C2D5000123F90000BD5400015BC7000148B00002E6C500019E8B000132510001B89200020D040006AF8F000256680004A77F0001A80300043BED000508A30001A61A0002AAF300028515000113680001BAEB0006A70400063D55000757C400015669000176BF000C2A6F000112F90001F0AE0001549200016C1700011C6E0000BFEB00052A4B000A15930003C9880001E2210000A80F000127290001908F0003ED290002E827000130730006989C0000D6D20000D597000631330000FD01000305C9000145CC00013B31000439FE00140D030003768B0001C92D00010E270001B2D80008090700052A0F00019D970002CF570000B523000533BD00013C8C00096C170001EE890004728C0001FCA4000151170002E9A50004AF1B0002B5BD000136580000FD4300060F240000CB900001E64A0000C96A0007A9B0000227D70011CF38000656600003475400048422000445E500041C570002F9A90008C3D3000375180001953F0000FB810001A1CE000296A9000162FB000128A80001455300054B1B00015B9E0001CC2A00021C6F0001AA3D0001D15D00017FA90005A51B0000EE6300019A8200047ADD0001FCE70000DFB900021B88000499E500020DB80014A247000190F1000537800000F8F50003E16B0001B059000100C80000E2C60001A8320001989E0013EB920001B6E70002C6EB0002B3390000DF970003D83E00019F260000F8EB000110620001DF030001F1330000B223000281A70001155800044A5000016C2600013BAE00044A7A0002B128000180C20000EE010001F7590002BB0E0006D426000506900000F6730004F96300019069000143EF0001D805000159BE000176A700015A080001886700012CA10000F7B60000DA010007BB9D0002A7110001628A000365BD0000D90D0001CC0A000167550001EED300015A5D000387730001E0D000015AC5000299E1000266F9000119F300008BF00002454E000122BB0001021D000198990000F631000107230001CC9B0001AB2D00010C850003636F000124EF000A20350001D7D800010ADC000108E90001049A0000D5000001C8000004D2CA0001458400031DF90002449500051E5600060E67000125690003F86000014FA40002DC980002CC6A0012A8910001D75A000172C900031632000155A900018D7600031B480006A1BA000296D30001654E000565340001F5F0000404CF000752A70003336500023320000375FB000395880002BD3B0000F7DE0001E8CF00015FCF0001ED9E00013DF700032DDD0003B04300051A370003CC82000301010001B404000202CB00027912001236E10001CB040001E406000111C50002334000041F4400012BD200019941000334A700014EF200020B660003CA77000547CF0000CFEF000346510000F89A0001A29700022A70000266210000EC240006F7F9000180360004496A00025FAB00025D2D000323BD0001837F000202B1000147630004355B00029EB40001F2AD000173790006A62F00014ECE0001E6540001BB39000245E10001BA3E00023DCA000345D3000142DD00094AF5000338840001163A0001A4E500031C58000160AF000524130003CE0D0003CF9E0002B09B0000F02B0001AE1E0003198C00037BEF0001CC0B0000DFED00015D6A0000F59A000E233E000260C5000178500000E1070001429B000157A30001147000016AF900014E120005AFE600023B3F00017B200014009C0001AFEF000276F00001AE200001F61100013A9500012B840000DF2C000350490000FDBC0006461D0001341300011847000210C900015A37000288020001182C00034F420000F3CB00014C500001D58500015C890001460B000244C400037EC20000EF420003024F0001F4DA000517FB00012B370001B9C30001A418000112290000D0DF0000F025000584D7000627A300016AC90009822F0002A328000150930001144C00018F470001481500056F5500021219000249280001374A0001BA810000EDDA00016C3D00012BDD0002559200056D140007B09000018195000246B50001B06B00042ECC0000BFD100023BCA00013129000131D60001E4BA0000D3970001BACB0003859B00014DCB0000D51D00015F7200041F6B0002FBC900030CC8000222E600011517000854FA000146F30004CD2700035F08000199820001ECB300011D960000D1520003502E0004117900015EFB000186370002CB74000273A100025E380003E57A0001665D0004257F0002F530000462E50002DEE300011F3B0004618400025E590001413F000194E6000426050001213D0004EBD2000247F000030E510001BF9D00017ED600098A2B0003798D0002A134000146840001A5B10000CECF0002DF9900021F6A00030C2900016DE10005C5F10002B2B400015D610002793F000251290003313A0001A8B20001A58E000150DB0003ECA200064D940002C4AF00024F7B00024FF50001110F0001167100015E7200018AF000144C730002253A00018B0B0001F6160002302E0002E2130001753B0000F0CE000270E60003DF210001470500017D33000180A00001B87800029B0200013FC500107C3A0001D00D00058D44000322BC0002AD9D000373700000FF070001115800012FDC0001F8260002C0A8000222E500056934000318D50005C47C0004385400014AB30002503A000203800002DE260001E5A40003597100022DAF00033A67000261810000B75D0000C28D000179770003C8D20007F68100044EAE00015AA80002224C00036E5C000802A50001CC20000449B3000179F0000476FB0001F75A00015D0D0000CDB200043C91000126E2000363D400019D5800032B150001971F00022B190002069E0001B0C50000EF950002ED5A000107A7000712E00005722F0002EE540001A0FA0001B07300022CE700081EC1000127A00002D48A0001C4CB0001FAFC00021E000001763C00011CCB0001A87F0001EE2400023F6F00031DC50004EFE3000135EF00029327000181BB0001099C0001086E0007AD9600036CAA00015CF10000FE96000118DA0000BFB90000D9E000025B860001DD280000F0AB000158230001A7740000B8A4000426B20003A86800037E9300042A7B0001D8D50001B1770002024F000140BA00017E760001DB670001F79A00026ED00003F66B0003750F0001A22D0001DF8A0004B39300054BCD00014E4F00016A260001457A000296AB0001E7570001AD880002376900016E6100024E1C00027AF3000120F000012CD00000CE6F0001AA8F0004ED6800040E36000104210000AFB600020B770008A5D1000148480001D41A0001F8220002EA1A0000FE8F0001CA2E0001469D0002BAA7000135F70002614D00081A610001F0610005DE0B0002E8C600025336000150470006BE9F0002D086000AE24D000412630001110200029FFC000279CD001232650001EB5700032EF400069CF5000264B40000F288000164DD000205E300011DE300011EEC0004627700086BFA0001E0A70002E003000243150001503C000184950000C4770004C4E90000C00E000DAC740002EFFD000777B00000D368000227F7000235750002631800026A69000210390001FB0700019D6700032DDB000352090000EE150001AA71000616E6000400AD0001E1840001AC1C00034F210000F13F0001BED500015BEF0001C0F3000167DD0001B6350000DF0A00026D7E000283B3000119D500023EF100034A6700041A340001A9BB000140AC0000D0B200026C7B00053559000499250003A83B0002B7480001A1910002964F0001A5E7000395190001C1EB000109D30000E49C0002427D0003A28B0001B1830000FFEC000E6CE80002D2A0000362C20007532F00060D1600030D2600043664000296FC0000EF810001870F0001236900020EAB000349C5000898270002308C000574250002FF5C0001B9160004454E000156CA0003B38C00027C730000DA3B0001BE2F00019D4D00032B5B000223CA000329B80001E7030001692100014E1D00028E3E00026C790001EC520003040B0002AF990000C0630001BD160000BFCD000211040002B9EF000340820003BEB60001B267000317930003AD2400020F2D0001513000123F9700013C390000D8AB00014DBF0003B4B10002E50C00026F6900043450000306770000E1F8000198510003F4BE0001326B0000C9870006DAB000019E4D000236130000B462000324CE0001AF4A0001B94800024CDB0001D54B00010AE900022E35000152010006E1F300079CB30001D5D80000FADC00033CFC0001E19F0013F03E0001947D000230BD0001981D000660950001074E00014A210001F87C0001B2140006CEDE00028CC4000295290003F918000120D100023F980001878C000530890000ACAD0003B6C70001372600019A1400025D0D000161F300012A4A00010B4B0001F12200032F2B0001BC70000135CC0001E16200038785000162A2000AFDD30000CE52000186D20005C65000018DAC00013FF10002B02B0002466200091CF30000E9AF0003ADE5000161B40002C6AF0001D170000277E900057F9F0001026300015F49000200F30002D02B000DB7840001146C0000EB790002036900035BDF0001C36400046C0F0000F8D4000339EB0002FFCB000263EA0000F0A5000C09F0000181E30001BBF9000713CD0004595400014D7A0002A3D30002484300011670000241FF000259790000FCD000029A25000196E60001D17E0001A1520002845F0002CD490001D09D0000CCD50002A3A5000176910000C4E900012DCC0013D16B0002EFF90001D54D0000CCD3000248580000D7E8000136C10007B893000166810000E0380002CBD70001D9B100042821000156D5000EDD2D000138C80001C6AD000181DF0002160600048F7F0001E7B8000254720001662F000671E9000183CE00043F2400021741000373D100036B7200021BE00002E25F000249FD0001B6F50002FED1000173060000E464000CEE040000EB0D00027E970001016D0003F2330000C3890009AE3E00017DCD0003C9400003815500084DF40001C1A20013DA62000186730000B1E5000142770003BEB10004224D0001835C0001969E0002C20A0003AFD600014AE90001C0CE000745AA0002A4470003A5E60002502A00081B9600016B050000C09F0004E3130003E8EF00018EC40009CD47,5120
32,0020001000,5,00036DB50001326C0000BA94000104D20001AE44001210170011EE6700019ACF00011DFB0002E00B0001CA22000B7E7B000306FC000246DC0001C23F00017922000820AF0000C1900003C4080003B5B4000174490004B518000191ED0001B4C0000143C500011B5A0001AD980009B5930001B9B00001C89B000127F200017C490002729B000300EF0001B44B0001755500056097000119F00002D0CF0001166D0003C62E0011A3250003DE670001388C000684DA0001714F000100ED000334100007ECFC0000AF8700027AEC0002714700029706000469860011F48D0000D2D90000A8EF0003B88C0000F7F6000DB2EE0002F208000DDAE70004F78F000231450002832A000104300002F403000465BD0003297C0001294C0001C91C00025DCC0001907D0001CE910002C86E000123490001F4870003300D0002AAC70001CC4D0000FC740001C57D00033B8B00013C110009FD170010E8FC0002BF3600024D890002BF890000A1010001A2AC000231400001120F0001368A0003D8FE0002EDFE0001D00C0000CB2B000192AA0003CE820001E6080000C922000ACCC10002B78A0001777900102C210000E076000134710002BA08000269DB0002BF0900032D0B00009D5A000360490003199B0002A2AD0005539F000198ED00086DE00001B7B30000F79E0011700600039D4500014F4100030D6E0012151C00016067000460C00002738400013856000188510003382D00011621000E6D9900020A99000160C00001534100044FF10002C7980001A2330000CD7B0001396100014ED60002E2410002F96500025F080000C4890005C3D300022D50000A5DD900030DFD0004110700012B8B00042FCB0002710300010812000DF0FA00025441000851E30012924200031A1B0002925B0001053B0001A6BF00032AFF00031CB700019A290002AA36000147260001B3410003ACD700017D3F00029744001226180002588000016BC50001258C0011B55B00015BCE00046B6F00022FD30001B0FE00010E230000EF78000E2930000880620001E1F50005D1B000012B1D0003414400017865000115010001055500018B0200033CEF000147300003B59A0003CEA9000116250003BF8B000203FE000BED970000FF0F00011279000140300011EA9900023720000EDBB30001ADE60002242600016F010002619D0001A40B0011AD7B0009B45200014FD3000296420000B0F8000561780001CF96000285010001AD7F0000E5630000FC5E00094AC30011C1560000FE9C0002C255000288A80011DC3D00010082000300C600088F040011383C0011DF0D0001E4C3000283F10001DDEE00013486001160D2000359EA0001395E000348BF0005E1AE000999F0000BFDCB000122D7000383D9000AAA09000386E100011E580003B5C90001C1A200051E220003327C00059FC60004AEBB000209A9000760D30002B4430002A74200016B5D00017B420000BF7F000130F6000153D10004C9630002C0610001B2E40000C8440001B333000179C900016FE700011DF20000BA170002F2410002BDC5001258420004525C000648A500053FE10002AEC50001A50C000191600001CDA60001337D000B5C6B00014DBD00026E3C000E3AB40000B24D000137CB00011F180002CAC50001089C000432DF00017FFE0009C4F50002117E000136DF000167AD000A343A00012F9A0002BB15000149E50001F3920000F771000334A0000164CE000181EF0001BC9700013C7C0003CCB100011A7600036C5D0001334E0003509F0000F4720006006300043C2A0000FD2F00012C8F0004384500028B6800013CA10001B0B3000288150002162D0000A0520001442500026C640005A1920005A68F000220C700015712000FCFD100008F5A0000D62100028DED0002730B000EECD0000266A6000185D5000319B800092E8D000DC5B1000185BE0001038C000359290012489D0000F7AA000149C7000A17E100016E7D0000DF0F0002D37900015C080002021F000D9D1A00026875000193A500025645000152480000D1100003A1E60002888E00117DD9000992650003C2010011DB680011D55200016621000197D50011E73100026DF90000D0220002CEC00006703C000126D90000B1670000D3A10001B016000154EC0001A187000288D400009D6A0007CAEB0000B1510001C7DB0003F6BD0000BFFD000229E3000213220004EB4C00015925000147AB000277A0000238DC00022FA90003622B00014C88000141CC00018BD0000732170003EC120001DC75000271C50004466B00029F990002EBB300019F6F00016E400001514900029568000354B800015E640000EEA00000DF770001094B000274B2000109A80011FEB10006A97D00025CC30002609C000292800004CA110004BCCF0001E67B00025ACF000144BE000119D300013ECD00118F7A000166CA000526ED00112C9F0001E1FB00017CAA00012BF9000C926B0011A53B0002C87F000710770000AF4A0001DBB6000321970004F419000A50BF0001B6240001C9FD0001A98B0009523D0001C8AD0002153A000AD8F50002B93C0002039700021C4E0000E7590000EEE00003951700012E4000039EA500015CFF0006D14B000113D40000F97D0001EFF70011EA240003554500014AD10000EB2F000D95670000FE440003D3E40001C961000723B60002C2BA0001AB73000149780000A0050002830C00010A970000EFC2000262D5000289B50002DB6F0001EE670001A74A000798C40009A26B00021F0700015DED0008AB9500018B21000148670003D5F50008870700024CC20001EC4F0011F9A7000121B00001C30A0002A57300020CF90001F495000550D30002176900012C55000722D80001E72100019F760001713A0000CDDE000393D3000B38250001452900024EF300016FAB00050C630001DA2300012865000D1D790001E503000318100001561C00043BBC000135210011C268000290FA00028CBE000128580002D4620004876800023ACC00018CDA00017ACD00012664000169800001198000046C5800024CBD00019DF6000411FF0010E6100000B0050001C0270000FA44000494AE0001C2340002096900022ECF000934130000EF1E00014C050003F0030002AA0D0011B24E00036EFC000195ED0000C99200031D940012429D000216410001B7B700016B370008C6D50003EF7900116FC9000682570001BFD60001D9F900019DB20000D2B10001442C0000FACF000B66810003C5F900033D9F00023B500000E2D50001F59700060CE9000344210011AFCC0003B75D000E0A7F00013A8F0001B20000015F3800078A11000119B20000C53B0000BE2B00016804000234A80002F0F5000113970001F1BF000681750011B99E0003CE3E0011E71A0003551E0000EEC8000130ED00020AC50000B419001192E500019398000139A00001F046000152890006163A000264EB000120340000DF0F000873760000ADF70001DBE5000104D300013A120000FD540001A386001184350000DE3E0000AC3000017A8600019AE5000457DD00045BDC0008B7320011DB44000347770001564600060DAF00022DB300018CE200025A4D000553C80001300B0001075A0001D91300028F7A0002340F0005746B0002FD7C00030E6500011DA500056F83000182B20001101800124A840007B952000402BA0001663A0002074D000134EB000795220002D0470001C10A0001491A0003ACCC00014ED10002527800054E8E00045C7400020DCD00121DF6000A795B00040F820000B04B000EA8090001025300014749000705DF0000F2D30008C2AC0001BE1900018EF10006E9120001D15300018A530001C9EC000138D900055E66000200B50001A32B00017A950008B99C000191EE000117450001A73C00029D330001C5030001A9E10011B58C0001F9C3000E132F000277E9000BE787000B71CA00013A6F000216AC0001CE7600046C1A0002A1DF0002BCF90001FA0F000194450012868C00017983000333150001A818000253680001F1F2000F14BD00018E4500030032000225EF0000DB070001BEDE00010A4F00015BC9000501C90003C00D000499DD00020C40000189D90001331B0003E3C70001DE0C000145930002B1E100014D7800017061000237A60000ED160001B5810001F5600011CCA100014F8300020FCB00039DC300010F150000C47E00012B1B0000FED9000DCC430001C90F000168D8000113D000018AE80000EA0F0001E6EE0010093F00015E6500037BF50001A2A9000D877900062F19000334EE000125370001E123000E2847000231990004D92500032B520007A8530001A19C0001246B00021D9D0011DAC70000CAF50001AEA4000101EC000EE08B00027A63001235BA000280F10002891200015C29000129BC0001A72D000141600001F4910012786C0000C08A0011F6220001DB0B00011F22000360DA000149AD0001EC47000EDF9D0001AA5D001213B50002CCCF00011EA000032E6100031FC1000168810000E29E0003CD4A0002A4A60003CAC00001883900016F550011E10100019DE100027531000217190007ECC50000CDB40004D26E0001EF840003ECA10000FC2F0001DF5B00017AC30001953A0007C87B0000EFFE000C8F3F00013FB70000D511000579B900037C220001BE1E00028F9D0003C24400013AF20011D44500052AB90003046000024EA30000FA250000EABB0003404F0000C0F70000BC860001B6E0000178DA000175410011B3B70001DBFA0002FD7F0000A0780011D8200000E29000029F8E00012DF70008B2BD0000E33E0000CF80001030F90003DAEB00116C5F00016C920000E414000101DB000150F100010CCB0001583A0001D54700060917000226C900013F080006602E0001C22A0001089B00015AA20011D237000195590005B0320001618A000115B50002194B000255340000FC0800025FB80002D19700016069000327CE0011AAE8000284F40002B8030001E25D0002328B0002B9A9000259E20004678D0001029100011C2400017CE30002A92A0011B69E000114B60001B68600012B19000168A300024B620002DBA6000214D8000347CA000406AF000233E20000C854000224610003E7010005C7470000FDEC000534E60001210F00012EB000012BDD00019AF40001987300120CE30002F1B100011D6000026DA8001245BE000A7A6C00034F54000313740001853B000A4D8100050BA100086E4100033F0D0001230D00018A1A0002542C0002101100040D2C0003C04D000362E00002A83700014CE600045B36000189870002F2420000CCEB0001A4B20011F50B0001E3EC0001522400040F4C00010EFD00127EF4000981210001EFE30001BE7C0002279F000263E60002058E0001122900129D6C000631EC0003827F000309290002B8B3000223BA0001A377000288220003CEBF00081AA90011EF4A0001C3090001ADDE0001780D0003D90E00049DE600021D3600020EBA0000F2AD0000D194000B1E5300014BAF0011C6E1000222350001DA970000F5860001EC0F0001E534000F77390002EFD10004236A00043E540001A62F00021D5C00019EEA00009002000131190002AC960006D7CE00017D9D000276950001AB6B0001A48B0003B92D0004B7F10000E316000296EB00030D5600018E780004FF3300024B150000E8FE000251450000F23900013D690001A1A600024C0F000132AC0004FBCD0005013C0005F5A90002A1A1000639E50003821B00070C200000DDF3000268FF0002426A0000E6D500022E69000252A100067B31000103D500014E730002AD61000243E800018A3A0001799F0002351B000176F2000183C300035948000D8FC500013DDD000240FB00035AF500016B380001B77B0002E34700113FF300014B9800043C7F00042C330001787500118A490002999B000203F400017DAD0000B0D10007A75D0001D1F300016F8E0001EDF000020667000120B200011CE10002BC1A000A05CD000591070002628C0000D03A0002BA1B00011BBA00018B9900021C690005B7A30009223D000768D00005331500019D54000C9D9200013764000124ED000224DB0002613D0003D86800024FD20000C05300038E110006931F000309EF0000E4CF0001FA400001332D00020E1800016D6E0001A99F00064ACD0000D0490000D01F0001C1FD0002DA100001AF3F0000B0350000DC5D0001362000070583000354D000033A860001144E000954A700011BA600014A49000710EF000268290007238D0001477E0001B78D00015E6C000380BB000175240002DD7400043D4F000151AB00023C5E0001634C0011B54B00080DB20001A07B00025A59000246BA00026CC100027A7F0000DDEF000D3A780001FE7C00028DDF0003705B00119A3C00027BEB00032A3D0002088F0001E4150002084E0002B162000A16CB0003AEE600017D460001746C00057C72001223CE000186580003A8A0000A931500033E89000797140001472C00029C8D000C59FC000158B9000C5CD00001703E0000BFF1000175CD0006D1AD0001F3E4000185390000900000029189000271E40000E03F0009A5B3000317490000CBE900033A2700016B3C0000DD470000DD0A0001B623000336940001755D00094030000509A100066B05000280B7000533810002561F00015B4F00034DB30002BE850000CC4E0002E8D20000AF6600012D350011B27E0001034B0003209700030BB80001B8D30003CD100000FB12000125330011AD43000BB7B700028DDF000640530001284A0001A9CF0001674C000974C80004F17B000754FB000C14C3000644F400062DA5000155100003F22B00013A5A00024D4B000153FD00024CE0000B4D4F000AF5530000ECD1000FB1AC000500210009E0AF0001319D000449F5000248480000CEBF0003D7FC0000FF8A0006A3310001A15300011ED50000D020000B928E0003BCA700010FA800026108000378A80011C3FE0002649E0000CCBD000147EF00017B830001E398000405110002B70700033D350001E14D0002667F0000FCE100035B49000142F7001193F40001DAA90011C3880003354C000081290006DC430001CBA000069B7000051CF900014CE0000D085B0000CFA10000F01300018E110001ED9F0000AB5600013CE90008DA2B0000E4670002122A0004ECE0000B7909000194A100025BA300011A7D,5120
33,0020001000,5,00019ACC0001BE9500013D7F000287250001FB5F0002EB650002BE7D000706C90000EEAE0014300800015B900009598F0002C4A000016B3B000239AB0000DD650001D8E30001794700039ECD000233690001BF7B00014B99000100C30002FEA2000223C70001D2FB0000D1FB00051175000173FE0001D45600023A2E000196B60003D95A00143C270000E67700014F450007DE3C000266960000B0000000D04600010EC20001EEE90001C5250003937300013F2B00043502000182470002DEA900015D44000125630004C8F000070ED30000DBF400022CB60002FB4D00068DC60000E08700143D2D0000DCEA0004B4820000AFFB0002015500024C94000484680000FC460000A7540000CD4E0006E75B00010C7D0001BC8F0005CAB30001CB3F00017C460000E64700015D430001FF5700016C9100023FC500053ABE000459A200028C890003FCCB000223590001C00B000545E500030CEC000314E9000274D70002964D0000EB96000134B2000219470002D7760014B76D0006BC8500031AB90004176B0000F28B000352B500026B150002046F000272970003A8BA000E16C700027D180001A8EF000198FC0007E1210002A2DF0009E95A0000EACF0000F8EB0001D8E700141C1C0000F9A70000F46C0002B68B001124E5000242950003D2870001AA420001B241000119B400020F5D0001F4E00001609E000137C50002BA930008111600038E610001768900013AB3000224A70001C17F0002BEC9000264200003B82E000EDB4E0002F4E8000165C00000C5DE0000FED70006771B0007717B00026DB40002A3CD00021D45000245F30001E08A00042D53000106730001FAE30000FAC20001DBF600032E3E000229C50002D7AA0001A23D000184E800008FFC0008B20F0000BD470002CB6D000127980004701B0001E6FE00014DA50001FF710001D523000418E5000178FA000281B500020BF80004ABAF0007944A0002190E000120FB000FC5D1000163080003AE5A00014F5300027F840001227B001133E10004655B0004D72A000330FA0005379D000175940001483C0001F8700001024D000709A300011D5500018B4E000AB6C6000155CC0001288600031D070000E0F90000EF890000C35F0001CBB90001AEA30001A2AE000250190000FE6400015F05000269A300147F0A000788C3000113A1000293E6000EC8570001C243000123F90002DC9B00024CBB00053199000520110001531B000434A50001FBC50002F8520000FC840014339800024819000231670001E3670001249900067A1E0002452A0002CBB40001538F0000EBDB0006266E000169930004FB9B0001C5B70002EFD1000527CE00035C0A00016703000354D2000171520004659E000622850004117E0002247E00029E7800010FBE000324930001B90600045F6700023A760000CE91000265FD0003D5D90001F4840001552F0001A36C00014A360002B1C20005EC2A0000C0710001CE4D0000FB6A00021E540003A6B200023550000164300001914E00020E3F0004D78F0001B0430002996E00021A990002427C00021CA20001BF770002A04F00036BA10000EE650003874300053BA3001347DE00012CAE0001898F00016E600002BE0B00015BC10002B61E000126EE0001972C000106550001887400017456000DF2950000D0020000A0AF0001428F000160D700013377000FDBA80001ABAB0001183300012377000817D30001D51400023A5800039EBD000579680001C5990001363300045AD80008A89A0001E45900012FDB0000DE8B000109510001DCF80000F40F000134A0000149D1000127750014BCEE00040CBD0002CCC50003719B001411BB00013032000312DA0001289B0001771300012FB4000E1383000325D70001346A00010B8900019C7400042AD6000371E40002086A00017D55000723D900021F9F0000BF740001B9A00004E40A0011F3C4000179F70003FB390001187600144E5900012C42000249A60002E49F00012544000301EB00019B5A000239290002057D0000CFCB00012CAA000140A900020C8B0001D528000167E20001A51100052C6F00011DF0000146DE00025EB3000C073E000114E5000337410001026F000248B10001488C0001B3D400034B5B00028B570001F28C0001467A0001910C000F19F00003A7DA000133DB000558A700015ACE0002B2F400011F0B0001843C0000EE3E0001AF6000043C580001143C000AEE2A000121ED0009C4B600017DA20008BE9B000343E80001D99E00029ECA0002B9570005080F00013539000124350001C27500021DE00001E5B3000124590001A15600019D87000276D80001F66A000281550002DEE1000AB5B0000101BD00016AA8000154B5000123B00000E11500125E240003C69B0000D596000150630001CC2D0001ED8A00010B2A0001816300037D900000CEC6000580850000C80A00050A390000F8FE00014ABE00010FD5000751CB0002031C00010BFE00025E71000223B00001859D0009C5BB0005BD6F00026829000185D20001C815000164A50012DB3F000641EF00095FC7000141AF0004D11400069D040001B26C00025F210001650A00012B40000510D400019876000270330000B3970000BFD70001E9C7000277ED0001A61F0003DA4700035D600000BFA7000103BE000A137100010FFB000D66950002BFA3000C67E400019DD100028DFC000A1E2A00021454000237630000F97100012C10000190C9000212350000FF59000799D00001A5FA00054B230005DAE80003D055000446120001932F000455EC00011E680005780B000191C000025E87000202E6000AB6F800014E250013F725000936BC000820280001EAB400059B040000CF620003FDDE00034F3700012EAA000153E40003352200039785000529FD0001108700011B2900024C210000C2680002359A00027991000206D6000121820001D7A5000A314B000101960001133100013AC400011C3F000190440014931800036D7900025C6300015897000DB21600085F7C0001DDE50002D7E5000CD2FF0003378F0001238C0000D025000224F30003DC71000214EF000308D90002F3950002709600015DD90006E6CF000154CC00073740000291EB0007FF200002F4420000AFF800063891000171E6000268D6000193BF00011EE300017EED0014585C00013ED20001209B000259B40001BB1C0001DE92000120A70003B0950002019F0006B9F600034A010008C77100030FD100023A1300030C070005E54D00058E0300016ACD0000EED30003860D000716300001A1430000EEF90001435C0002B53E000643000002BB2100016DC60000D2060001AF9900046A47000140C30001FD0D0002569C0001BF500001F25F00029D270001361900016F79000872730000CB9500013BD20000B06300042BF10000FA740000F20E00050ACC000B771D000165F70002DCB5000354C5000178EE0003C20700013C9900026F0400010E7E00011E290001EB5D0002522F000241130003E862000172D60001024000038D120004C7C70000E1C70000DCE40007384A00010CCC0002F0020004DD560001F6F100022CF10000E3A5000EBC790001227D00016425000157730001E51800015AFE001038F5000124EF00012D150001F1190002F514000167390000B9F700015FE80014763F000398D4001386080002AAEB000146BA000131060001723F0002043C0002DC9F00013E55000138FA0003CF8600036028000124360000D9220001CC660001A469000300140005E51D0003D346000B37DF000102A70006640A0002296700019C130000C77C0001322F00012D8F0006E851000180EF00013A0B0002011D00137E8100014C04000D290F000125390002030700010F8C000154F900023FF80000CF4C00072EEF000289240001B7790000ED3B00011F8700022317000315460002085A00019647000231A1000174B600011F7900011AC60004BE4300012DA0000101450003DC680013637B0000D57B0002248D00019A470000FE7000020A86000B59080000FAA40000B1440001366C0001C3C1001467FA00017D0100025E52000365510001BE2D0000EFF00001E7AD001318D00004577E000172AF0001CF0B0004DF5B0000F1E30000F95D00021F8A00039BD10005E9EC00040B1C00014487000182CA00040ADA00037FF400021300001424CA00029EC3000246E90001686B0006053B000779C80003619E000153F50001DA6A00016B9B000130C3000183C500034DC900013D7800056BAA0002600E000181990001821600012FD90001D8D10001FDCB000419CD0001109C00015320000278EF0001742800028F1F00036F460001196700013CEF0004392F000240AF00018A080002A54700013EBC0000F64200015FBB000397940002B2B70003E8260001950E0001F6470000D9960001A61000019435000142E7000475880001312D0003836F0007B2320002083D0002338E0000BFF400031C270006E08B00012229001408E7000138660000C2390000F1B8000348530003D34200018E350002FEE90002F65B0001A8E1000119EB0001F3A00000E271000137B20005F0A50001309D000159950000DF1A0008CA720001AF4F0000A00000020BEA0003BBBA0002F6DE0001904F00008F910004531A0000E0E500048A4F00078FB3000169910000DCE70000CFD3000120DC00012AC000045A590001329B000194EC000375240001E0340008F915000161BF000182040000DD6F00023CFA0000DF0B000E42A90004D02700019901000178A50007CB370000C65F0002793A0001952C0006B4D4000122D60006C2830000FD3D000197840001247F0001CCDA0001F2CB0012F3110001150A0004FC6300030085000194DC0001C9E700015B3C00087BC50001DB8C000A359400038F0700031F3600025F5B0001947900147FA50001669B00013C9600017C60000120950000E5630001132C000123A7000338290006FE1A00031F6800033C100001A54500038CB900023D1C000440250002C99B0003CAA9000EE6330005E4680002B6E800019C3100025611000182240001841A00035ACB00017D87000317330000D06D000147A900015BAD00013E3C0014EDC300040A3400021173000347BA0009930A0000E565000191480001218D0002C851000231140006229500014B4C000391510007AB46000156C80007B3B20001920F000101810000A0DF0006CF200001754D00053D3200014E64000255EB000090000003349000015AAE00010BDF0005A1AF0001C11B00076F9700018493001487EF0000CCFB00023A7700019178000405210008FF82000233E90002D6F6000252F80000D74E0000E052000276A8000B1DE9000450CD000208AA000391FB000134F3000586F50001E5630003F783000D18D9000138B50001C3370001FEB8001399FD000386E60001A6C100025C6400030B53000155D5000104AE000417380002AC4F0003F6010002ADA700016DC1000F033600017D65000609D200017FD2000209320001805E0002F41600095F770001A3FD0000FA720002A5400001CCB70001BECE00016A0F00024C710000BFD300017CC10002BF8500010D9F000188A60000E4BB0001AA720002159B0003CECE0002D8B10001523A000170590006346A0014705600017BC50005602700014EE40001048900013D600006BEB70001BCA3000499F100018417000182160002DFD500053BA50002F6840001FAE40000FEA90010B73C000181130014CF6100012B660014017F0001018B000473580001405D0000D59A00032207000128670001EE9700021C730001D88D0003B66A0003580A000160460001EF6700012E7800015BAD00012EC10001FA21000B54B2000572BF000372720001F49A00011FFA0001EDF100014FDE000711EF000234F20000FF3100130E520006B0A30004283500028EA30001072D00011FEA000986E70001B7E10014A34F000136730001D6230001EE570002238800076D5000082B0D00025E23000A3C860002C90900017CB80001CB5B00008FF8000330B90001B1D500013A0A00038FC8000169180001C2A60000D59F00018078000278D3000260D300021C2F000375220000F0D00003EEDC0001A4440000E01D0001BD900002E4890008B8300000B0BC0001802F0003A575000201F1001336BB0001368B0001B6750001D85C0003E28B00018CAE00022CFA0000EEBB000216CC0001E2F000017EB10001DD48000A552A0000F171000A421E000209500002C3F00000D78100021D1B00029E79000ED7720001785B0002CD7D0002A7230005082D000170A20000DFBB000131170001046E00014BA50002441000013BAE000539C50001A872000166DD000179B30002E145000131EB000110F100045B5A0003528600011BEE000201130002175B0002C67800081C8F00036E850001BA280002B19F0002332200028C8300019EFE0001EF2A0000DE7B00014068000550D200143CA30003C7B00000DD430003D3B80001105900017FE30001A539000945C200030168000338CD000C21970003B73F000120790002FF8700029BA00000FECF0000F9B300021CF900015CE30001B6CF0000D4CB0000BFEF0003517D000108A100019BDB0003AEBA0002BD970001EA8500032759000229940000EE930001FCCC0013D5E10002ECAE00031ADB0004881300013DAF0000E1CD00016EA0000129290000EC51000272010001B4D30000F3040003417A00011BBF0002AA180003DB80000480D700016C910000DF850002F73E001472DC0000B2720001C44400043E890002FF37000218E500014E4B0002AD1B00056C6E0002FD620002324F00015943000132DC0001CDA1000210270001643800024C5E000384D90001AC6800018505000304060000D8D90002CE140000D4CD00061A870002FE2100082B1E000156C600015F32000245C80002D08000012A5C00141A8E000152F80002C8EF000615FD00018F1F0001B97B0004D1BD000147A3000139AF0002781A0002C33E0002558E0006D87700011C21000124BE0002F02A001471D7000282E50001572800014CB500014D7F0003F3760002A35D0000F6CA00012DA300029C8F000356B5000149560003BD61000125BF000297480007791E0005444900011C8400021FE80000F2230000F33F0001B47D0000DFE50001397B0005763000011E35000163C5,5120
34,0020001000,5,00019A9F00019CB50001A36D0005AD830002FD6F001112D6000137A60002782F0001AFDD001200790003B89000081C8700026A51000577BE0002EBEB00019D230001E82600015B9500026E5A0001004D00021DEA00011B170007E6AA000207F10001E07200020F680001A4950005F15D0000FEA80001467C00043E1800031CBB0000EECC0001C0E20000F6D90000701600029CEA00075F0A0002BD140005431D000209FC0006D2C70000DC020001543100031D3E000177D300074683000A6B6500019233000144B00000FC9E000A1AFF0003C2840007C75700018A3300019D5100060F3F0001AA41000101F400013882000131C7000577FA0001FBCC0000E0CE000172BE0002706B0007CB6D0004FA7B0002BED00001E15E0001664C0004601A00016B55000EDD37000148F1000176DB0000EF5000045C9200027C010001BDA4000157900000E08C00010DC5000317840003114C000B8AB90001641B000424C50001CCFA00011E8A0000DC34000419F500019AEF0001B9EA0001B4390001892B00010FF30000E2DF0004CA53000164870006082100068BC20001D92700038B120001A5BE000177880001AFCF00010E1E00024E1B000256090001116A00074DE20002A0AB00019CE1000110BA000176CB000399490001425E00046CBA0003B7E1000140EA0000F0350001AF09000131280002024D00044C29000111AC00043F6D0001A882000D83C20000C21E00036D3F000100EB0000BD510007D9F500017C52000188D80001A1750001ABE70000F170000158270003AAD300060BCC0001DC3B00010C1300021CF10003F37C000414190001AD7600010C4300052B140000C1E700015FD000029FDB000614970001C5C1000643A40013D4C100013474000122270004C65600015DC7000195ED000184240000E3BA0003280600014817000318A7000282470012049E000154860002CBE500023283000529E1000697A50001B8960008FA6C00031B250002523E0003AD6F00010AA20002596A00024C07000196150004536700028140000214FF00027EDC0004394300012DF800010A6A0001FB860000CC8D000601CA0000C38B00039F8F000219030001FBDD00031F290002332A0001F47B0003E6530000F9B800055BCB0001D9190002C3EC0001C30A00026C510003E25D00040E7E00032D390001439A000121070004AC1B0002D46700012F2D0000EF2A0013B55700018A710000F6950002E98E00026C920002CA7800015AFB0002E0C40000E78F0002ADAC0005B64D00013F7F00062C2C000468D20003E310000304F700014F800003832C00015B470002A75B000687A2000219510001A329000288E90001459D00012EEC00013285000187D00001A4060001795300050E77000681BE0000A4300002D0E1000256B100010F110001272F0000C12F00077FFB00056F3C00047DC000010ED60006BC670000E00B0004CADC00025264000668A80005E5D9000161690001012F00029D040004A7B60002C577000283520002C1440001BF2C00138FDA00013BC8000107D10001418C000199FD000234380001C3700001737C00014293000270730007A380000377AE00036C3D00011B6E0001AD090001132A000412590007C0620000E0D70001C227000201220006004D0001527200021CB50013CDDE000138F800107236000422CC0004B53200021FA80002B519000448F60013D3010000F10A00023A760000A00500012D390001A6C8000138E100029F6C000148940003641300037F380001CAA9000251750002D22400021F5B00019ACF000552D5000139320004540C0004C3DB000352F10005F74600036B07000139C10000C058000442D00001A9E20003498A0006045600086D6E0007B6A10001BB6500031283000146550009A9390002EA960002496B000224C800011FD500036B8B0004191800024786000163FF0001B823000275D3000118AB000232EA00011986001386A500017B5100019D1100014EB10002F24900029B480001DE5C00025B9700030D89000192110000E14B00011EF9000243FF000343DF00078C0E0001710A000230D5000365890002938E0001EBDC0001B2C60000F1500001B4E700086D1900015F8F00050D030001CB0100029AEF0004A6FA0004F87E0004EBA70000EAC300017F0E0001E4810002B4090002C903000153310001888300051A420003182B0012CB46000183AD0002775A000227910001D5A10001B98E000132850003DA8A00030C0B00022BC80002151D000178590004B82D000284C400019D370002D1890001EF5900011A1C00017E570002732C0001696B00016A9D000219350005581E0002D7BB0003C762000144FA0002E6A30001493200036D270002AE0C000133A60001BBE10001519900025CD40001202A0003BD0100045B1500027A380001944500030CAF000197380002D3B0000153C10001C4A3000160740003474E0006235300015D7F0000DE020002EA5D0000ED100003CE5600010BE900019FBA0005123C0012A8BA000295970002AB7F0001069B0008AE1B0001FF0A000281490001FD3B000243A70002289900015865000556F1000182F10006F6A40002D9BD000243000013C76D000264CD0013FAF700010EDE000635500001ECA9000178C50002E9990001C36B0001AA2A0001B6940002C3710004308D0005115A00048B03000461790000C06B000222160007D3E10001EE3800029F2B0000F17E00072FE60003DE170010B3730001A6A8000174C0000160430002857B00016BDF0001944E00073128000F91D8000108480000FD03000306D20001E8BA0001EB810002CDE2000162480002D5A0000372C00004FD61000150920000FDDD0001544A00015D410000E61700054CF60003005F0001EB66000178E60002B1330000CFF0000A61F90002854700047E2D000219E60000E324000158290009C0E300016BE70001F6B30000C0B500012E0100012EFA00018F0200016BA70006817F0001DFC80002459600030A3900064697000212FD0001C97A0002351900011DA90001B6BB0002502700030B95000393550002F72000015DAE000135300001DF4A0005131B00013B230001838A0001698A000354780004F017000113CD000398E80001E60A0001CADC0001987F0001258A00069755000197C900018C25000104940000E9B4000970BB00039E8D0001187F0006886800054D220001CDAB00019896000136360001B87A00021E31000238C50002020F0001C08E000358B8000554F60001FBB40000E2C1000483EE0004B99B0003A17B00027361000122C20002B5CB000228C00000D944000208140002103A00049D1600040E68000110980002732D000270900002D224000206880001A922000122D40004000300019D610004709500069B8F000114520001A39E0001F609000564950003F69700052E150005E15300022A7B00056EE80001509D0001B77A0003588500029547000105EA000125710002BA73000176290008BEBA0002007000023A3D0001D0C800015B760002FCE600013458000398D4000433F700022BD4000389AB000105D000016E9B0005146A0001C20A000D2F3F000380FB0013EA5B00015E1500036858000197880001881B0000E76A00032AEC00016AF200017AE60000D0C20001A75700067F3A0001280400050A56000189620000FFED0003A29B00016A3A0001493F0001AABB00013C14000385F70001F0620001484F0013B2DF000123FD0001A95E0000DF3A00026F38000234BE00021C120001E981000159D70002803E0000E0090001DD780006092B00015A7D0001399200033DAB0009133F0001F39E0002337000057E8300019E61000371CA0002A6630002CC3F000F45ED00010AF70005FE570002FF76000129CA00013D95000179F50000921D000F778600019952000268990002C17F000316290000CEB9000415530000AFFA0008C4CD0001087A0002FADB00019241000403AD000134AE0001A85C0001F96F000501B800021AA2000144E10001767B000247690004E7CC0001574300015F0F000242EF0006AAE300017EEF000105DB0000F3F7000115C5000211C90003E48B000FB1F8000124A10001BE6B0000B2BE0000FD990000E4D80002A518000579FB0002AF7B000E64BA0001DDCF00020FC40001B7700000FE4B0000CFD50000E858000220030001FC9D00027D7E000134C4000305B200010A6000024A14000126D500022129000313A600063EE000018B1D00032B080000E3350005E97E00029E240001AB4800018CC100021D7C0003073D0004DE4800011A4E0002D1CA00018C460002C03C00019C4800043D0500018DEA0003D9510001AFFC0002B99600012CA90001640600014A9E000278BA0000D09700017767000473F80003CFB10002099A0000EFF30001BB72000120D60001415500016FE800023C4F0001D2490004729F00011D24000128450006D4CB000363B00001208B0005C9F1000B4DDF0000EA100000EA2A0002BBCD0005061300013955000289B80000FD080004321B00043A2C0013D35B000158F3000453AD000137C60001925A00068B610003F1CE00017A100001D2DD00023E2600017D390001A49700016930000157E60002292800027D130003BB87001341C500014656000281BC0004B3A00000DC8B00031F14000116200001E2180001EFEB00064A83000401530001319600014BF60004B46F00013CAC0003C27F0001E2DC0000FA8600010B750000CEF700031CDF000180C50001016D0000FBE30001569000042654000150F80004B8110001B97800036F2000067FF1000203430001ADCF00015BD200010BEA0001D83B0000CF7800026C7A00013F440002C6A70001F86F0001D3A0000160ED0002CAF500068A670002D5450000FB1D00030B77000382A700035A4B000293DA0001811A000447720002374D000482F10013ACF200042C2E00036666000524A100044A9A000104180002C3530001ECED0001F3AC0000F85200021D2F00032FC00006E8B10002555D0000F2EE0001213E00015853000112E3000186FF0002EA310001B8E6000111570002BE32000100E90001FA48000091C90002A2740004209D00033E8D0002B9940001C1950002542B00012DC30002185000024C8D00011099000A01C40002DFD70003A1FF000215F2000167B40009853100035E950004D2530001CA7F0005059D000404F40000C4E90001F1F10006F3CE0001D5D30000F80500015DD70001655A00038D350000D07400026D5700034E71000131C300013A250001B1870001605A00014A310001E57500014E2A000157C10001939300017A820001AC83000185EC0002317200032E360011D1350000EDFF0003152700011370000355AF0000DDC900012EB800020D8E0000D02F0001F0C90010982B000798AB000686720000EC600001388300016E2E0001529400027EE30001019B000118380001002B0005C93D00020A870007E3990000E4ED000386FA0001B7470001415D000F556D0001F82300026612000703910007752C0001AF550001FA7B0001C4A8000165B20000C72B00014CD80000BD5F0000BD3B0001BA910004C5690001B6F40001E1120000AF040000CF670005E295000290A50002080B000237690002EAAD0001AA47000296B6000115A0000126FD0002A8E80001177000059B730000E8D50000CD89000193E800015B010002A4C00001D2670000EA4B0003E48F0001AAB100020BF900029F180001497900010553000107C90002433F0002851200039CCB0002D1390001EDCB0004335D0002DAD30002CA4C00019D5000017F0200024AE200017CAD0001FB77000235A7000149ED0001213B00016E110001159E00027C810000F8F500020E200001B3CB00012F1B0002522700010D1F0007C8EB0000EE660000EE410000DE1F00033EB900018C9D0001311D0001EBC80004DCCA00031B2600057ED00001222D0004F76600017DFD00022E8C0001E2C10001292400081F4700043BB70000F6A500020CF60003BDFB0002FB42000376980001F3BC0001C9130003941F000355BF000228000002B34D0004D13D0001931D00013EE9000132F00002FC6600024AC3000307FA00016C6400038E5D0001C58A0001DB5F00015CAF000350D30001373E0001DF5700023063000101C7000579B90003231200016CB500012A9A000152780000D02D000366F0000C58C50005E9C10002ADC00006BB1E000D501B00032F1C0004CE9D0001685F0001AB9100014A670001F5F10002123E00011F790004F6A1000138B2000640F600024067000108970004BF1100016B6500047978000300020002902D000185930013AA1C0000DF06000596D200019D5800019B8800016B6F000481FE0006E3970000DFC400011BE100028D49000267A80001CF0F000332C00001FF550001CEF60000BFD3000594A7000225120003855F00017C47000133580000CD3F000175D3000181930004022800015F3700068F6D00018FA60001AB5D0001C2F900023E850013AE7600088DB40001E638000116DC000430720002C79E0001825F000480B0000FB1EB0003021A0002111F0000B67300026B3800014F4D0002C7A90000C4C600015EEF0002982700015F440002414300033A36000225B6000324660000C47700012FDD0000DE5B000256B50001ED230002E97F000160C300077C220000D03F00029E7B0001028100038E60000258950002EFD2000262720004C97F0000D4F3000187930004AA34000197450001E00C000C829700011BB40001B464000145250013C1F9000162A10001202E00019ED700039859000424C40008E65B00019032000203D80000BB3F0000E7F20004286A00011F870001194300016536000296F90011D67D00021F200001365400045F670001341C00018F1C000C3ACF000246E10001F67D0001C08B00018F28000157DA0001FC440002A2BF00014D3C0008F440000C2D900001808A000447750003B4370002A2810001ECA30001BE28000138B00001759A0001C9B10001ECCD0000E7DA0002AF2C0006F01B00061F13000329D30003A677000119FD00016F5B0001DADE0001528F000679730001EF51000173810001E3AF0000CA900002843D0001AE070001AA100000E48F0002BB2200016077000851200002453A00030144000262F6000143F900023F1F0000FFAB,5120
35,0020001000,5,00012D0B0006CF0B0000FF5D0001F31E00018BE700041FA20002DDFC000126F5000182740000E70A0000CF1C0001B0C200055F7D0001FA310000D39300016D03000105180001E69D0002C1FB00030D7500021F88000424E80001D6D300007FFF0003963100044D0E0003DF2A0001BEC20001730C0003C717000224C30003940600031C0500017D9F00027A4A00029CAB00010C6F00013DBE00013E92000282E000011C920000E5E20002897B0006602500028E5D0001A3A6000220780003FEA1000A82280003A1080008A43600018E23000128F800012D0700015BC90004B9C9000269A10002BDA50001495500013D580002903300040F8500013C650000FCCC000163310000FF720002BE01000140280000C9930003CE960000E49B0003994800011E2300018E810000D03C00056EE400014EF2000A7AB60006B8EA000264E10002C91D0004066B000375290000CB790001C21900024A500002B27B0003C46A000197030000BFCF00011BBD00036EDD0002A852000249820000CFCB0002BEEC0001910F0003A0FD000279C30000E32100012D970004F475000466480003CB94000A3E2D0011CA9D0002CFFD001255310002CE1F0001330E000120050000EDA80000B9DF000F226300015832000F4BF300010E7900010E610000F0E700039396000183BD000131C00008AF7A000E89830003214300018D490001A2A5000740D00000D0DF00017ED000094FA50002BF940002646D0011752800014BA300021633000290730002FD9700029E44000299980007ECF300024AD90000D052000234E20001730D00010C0100120D1200017F1100030E280012840A00023701000119DB000139BA001071180007505D0000AE4C000222400011CFF8000182D10001D3E500028B860002E2AF000695D80001ED9C0000BD2C0001BF820000EA8F000201850000FDAC00018B3900024A4B0003A9250002443A0001C0850001017A00020A7B0002689D0000E86F0001A6DC000380C60002B33D00031E2A00012EDA0000DEA5000151970000D0AE0002095F0001F2F80000ED2D000192EF0001BF4C0006C23800026BDC000CF76E000178C70001A66300017D490003950C0002F0EC00061CE00010512B001204000003414500016EFE00016CE90000AFF30001DD050012BB67000364CD000156BC0000BE490001A9BD000380840001388100017F8B000160CA0005A40B0002D56300010DC90009622C000BE17B00029C150000DB65000891A900081DC9000637120008F8C700010BEC00022D5F0002F09A0000F0080002562400023D820002DFB3000146DF0004A79F000350A200057B060001D6B20001A67D0001FDDB00041C0E00055CFB00064B0C000109F600019C050001E9120000FDDC0001CB1D00122A6D000EF46200014F1600026CCD000403070006376E0001CE700002DCAE000478EC0000BFEF00051D8300017F33000501C20004E08C0002A86F0001FBE70001B0640001BBD40005FC2C00017227001233930000BF990005C41F0001849700013B68000136C4000169A40000BDE40003A5450004D377000171EA000412880011F2B400016A4F00034105000266ED00044BF7000B0F4A000D0D7000014B3600012B9800013FC90000F19000073D240002120500018AB00000F9A90001481A0012161400062EED0003734E00019E26000161430000D7F200012E2B00115F320011901200071423000451E00002B4A300125086000102A60001B071000181EC00091179000190DA0003349F000489C60001214C0002A9CA000109B60001116D000226220001226C00043CD80009849F0011EDCF0003A24E00020626000482EA00015C4D0001010100025EC10003F6CA000456A0000174B500017A17000309C90002ED5600068AB9000214AF00030541000E757B0000CF0100015BEC000189D7000195820004915100013E32000181D60002C5B70001B4A20001E2110001BD2800015E720003637800015FD70001283F0002405F000496850001953D0001D9DC000F1E2600032483000B702100089DA7000F9ADC001080F00002722D0001ABF7000D843A0001FD3900061FDD0004B08D00020E19000293990000B18900021FF6000D350F0001B80B00076EE7000204D50000F4D30002C8EE000278E600020B890011EF050003E8A800030B6A0003452F0009337800041D640006529E0000DFE1001201440002491E0004135D0005F8970002B6990000CFF3000456030001FA490001A89C0001AF7C0002E0BB000142E30000E92E0002D26D0002EEC9000C60590002230B0000D6DE0000F5EB0003ACB00002021C0000FA590001B4870000FD010012121E0002299B0005A978000173560002A72100020A9B00023DBB0003E6DB0000ED1F0001387D00020BFB0009B3330004A6270002A13C0001FDE30002B27A00012EED0004AF34000164F800097F4B0006202D000486E80003BA5E000197870011ECE10000F6520001856B0003ADAE000733F10003B0430001812D000172390000F2EB00014D31000106D700018BFC000173FB0000A0D900021535000167780011EC6500012034000508B900098F600000D3D300021E790001ADEA000201EA0002E5F2000B30AF0000A00700024310000131FA0005AAF60002102E000287B50002BAA500013EDC00013556000274B100036F1E0004177A0000DD250001AE9F0002B59300011F5F00015F4E0001238D0004BE260006AE100002273A0001D9060002334C0004097B000093CB0003AF31000177FA0000E209000197D10001431E00074BFE0001CCEE000363940009ED6100030EB2000191A20002A451000ACA2200016F210001DF7B0001DD7400044F2E000210940001E6A40002601700011D5F00015B8E0007D2390001428300013BDD0000CF100002178600033B830001A5230009050A0001F79400035E9C0001F351000140880000B27A00018FB400085BC400012BE00001D4F4001212B90001FCF000022E850000CA670002AD360002E729000136540000E8F80001AB78000246B5000269760000E27F0002A063000B33D60001D2D70001C7480001F18000012641000175C9000189760004478800072EE20001CBCE0003564A000593100000C0130002DE19000144BB0001110A000161C60011ED760001248D0002783B000323510010BC6C0002359E00015DCF000147270001E4890000FD3F000411580005BB5000012285000250FB0003BB1B0001A92B0001F4A8000124F90001341B00014BA80001F0B3000143420001557F00024C60000201220003617A00032F600001FEE3000557CA000258CC000871670001BA800001E7FB000130500001DFEB0003DC27000112A30003076800021D8B00028B50000199C700014AA2000217EA0007D1B4001227B100081FA40001E34A0001DBD6000129830001DE720006801C0004CC59000446CA0001779F0000F1380001BC600005B4F7000117E900012032000732F40002AE770001054B00019C6C00019399000521D100024E3700011ED100024C830002BCDF000A51960000EEFE000108E4000242DE0002B1F8000373DC0001AF1600034BCA0005D11D0000CCC800012396001146DE0006B782000CD43400037D210000A04000032E2100043DBA0007F8BD000134F900063C580007B7DC00016EEA00012CCB00015E1C0002F3B800080CB2000165AB0001A0490011E7F200016B460001044F0000CFDF000726D90007282600018A860001D8300000E00A0001765E0001299E0001936C000121B80001A2CF00021D300008661A00032CAD0001439F0001C03D0001FA100003623A00029B8100011E6E000416240001FF9A000161E9000C3BDE00022DC700063CB2000A37CD0000AFF30000B0100000FDB200044A060001492F000324CA000143540003BDBF0000BFF40002DEED0002959B000144EB000223240002274C0000F7F2000141A70000F832000194A10005C36C000220F80003920500064D820009A8CE0001027A000455AA0002E4D300012E2B00038FD5000184EA0002C2D30001B4C10000BFF50002401D000131470000D43D000399F00002275200011E790000EADE0000E24C0000D01A00011DD1000320B70000F95C0012770D00010F700002838F00050E5C000DF9280000BFEB00009006000423910004F5FB000548CF00033BB100062A6B000398440008A6BA00034D3F0003C8F300016BAE0000CFFE0001E37800047EBA0002EC160001D1D100071AB90001A1400001BA56000254B300039E9B000AC1990001351C0001344300017A780002E48B0001DC4C00024A2B00047E910000D5130002E52400015C0600014D650000E0A90000F3CA0002A0310002F702000102230002B34E00023FFD00014B560000BF1A0000CADA00026B260004ACFA0000F43D00033C80000195370002224F00032DD40000E63D0001022E0002993E000382450000ED6500033ECF0002E32200020ED100011FA900033DA8000166F80000F6E9000355380000DCC0000161F0000390AE0002BC330000A00400061B36000AAF7500125819000A30B600016251000159280000FE5E00021F36000409F10000E7EA0001A420000140E1000F20B60002A38C0012D0AC00029E840001FCC600054DCB000153ED0007F787000ECAD1000152CF0001079A000348AE0001490C0000D060000308EF0001414F00023F3C0001D9670000CFFA00024AD50000DC8C00082B5E0001A76C000178160006E6BC0000E7F80003F40E0001CA5A00031E8900030EEC0003EE270001378A0006D03D000485B50001AA6E00021D4300035BFB00014C4D0002B2920002C3E1000A5AB70000BCC70000EA8A000724DE000C54AD00023748000277280000CA590006181D00013B01000398130003F6350001652000026D340003C6BD0001FA930001B175000150890000D4870001DDA000030C80000282E800034EF1000817290002D50E00012BAC000AF61D0008CB7E000136D1000154ED0003904100010AC50004E90C00025C0C0004EC4A000217450002953200037C7A0001C06D00017BDB0001B6400001CDD000014F7B000542E1000214B10001C8D10002DAB200018137000CB72A00011E5E000E107E000296030003271B00020243000187B50002D27F0001449100011C450001B1560000FD49000197620001C0DD00123F2C000C893B00040EBD00083CBE000463360001119B0003BAEA000123220002F0CC00023CC20001FA1F0001166100014541000195F800010BA40004889900024582000102D5000261C500024CB40001AF60000293810000CFFA000B4C3D0000D70A000147B500011C6D000133DE000C179400026953000425BE0000F13900033D610005D6670000F5E600048A840001B52D0002551F00035C28000283BE0004195900013C58000194C600022A27001297B500024AFC0005C4320006D8B900016B99000150F0000526130007F71C0000FD1D0001144F000259CA00015C1C0004ACC900010C320000AEF30001C8F300021E8C0000AF4D000214530001789D0002A97E00024EE70012A9950002521C0001591200032241000387FD00014966000482EB0000E0C400011FC20001DFCE0001C11B0001E8DE00016D700000AFEF0002DF48000171BC000B2E02000143C00000F6A5000328CB0002760500081D150000EC690000B471000555B80000E0E7000DCE5A0002698A00016D930001D4E300052BA7000106EE00033871000249AB000120170002893E0000ADB000019E1A000FAE540000FCEE00110510000228860001C0EC0001405C000187530001C3EF000324EB0012014E0001D8320001486100028A2A000165E500029EAA000174630008493A0007D9C50002724F00029798000587C900081B2B000607930000CEA60002882D0006C38D0012F8670001622A0002B0B90000B77E000417AF000145CD00030DB800025117000148E9000115350002E45E000145A70003C0B5000181F60012262F0001AB46000220470004D49A0001632200013ACE00014342000102A600031055000106D20002659000054FA10002E23B000A0B80000345440005F0B90002FB180000CC3E0001A0AA00047CB000052A15000184640003232B00027028000668010002AF84000207D20003DF5900125C7900021ED5000298E50000AF0E00020AC30000E9BF0002795600017ACB0002C21C00016456000306F90001EEB30002215700021C6E00031337000135380005C94D000117E600035F5900016D3B001263D60009A4B1000389470011E7DD0003BED40000FE2C000189BA00029394001222CF00011984000362810001388C00018E330000D8BA0002EFB800018A090001CA710000DB880001993D000376F6000228790000EC4B0006337300015366000204BF0001DC2F00014C430001104F0001A2E2000162A50005D5A0000179C30001991400011BF50001C8270002159C0001FD24000508370001D7EC0001D8E4000161880000D2B400055BE200024A0800022D1700052DEB000374D70001002E000215BC0000A2EF000159590003579F00015AAE0005185C000844ED000199280000A0150001C763000145090001CAFD0006E39A0000C9F50002BAC20001580300038DC80002370E0001B9080002AC6000016167000396790001A0700001D8AB000205A300015C3300012F02000331FB0002A5A300014C28000304D4000166DE0001C6010001D3700002FC1B0000E0310001446B0004CC1A00010E63000296390003DA9E0000FB870006FD3C00026F5A000359B5000103D000013EE80002721800013D5000025B2D000171EB00019CDA0001575E0001B052000E7D3E0001582B0000B8E9000486170002389E0000BF790012865F00018B5E0002A76D0002E3790004DA41000118CB00040CFA000122B600023DF500029BA0000475F3000156B80002466B000262FD0001AA1F0002140E0003251000021442000110900000A0310001A9DA0000DFEC000AE5950001C0C60003F855000841060011F617000105BF000370E400023BEA0002084900023C490001CD23000263BA000B0770000142BC000149DA0000F78C0003139B000127680001343D00030AE90001A3940001379200085B000001C0CE0001F84700017B4F000119E10002DE610001B8BC000612690001F2D800069D0D000168A400038F7E0003F0E1000491A900022679,5120
36,0020001000,5,0004CF8600020FB7000197B6000191E0000392A200018FF800023CA50001D51D00023B770000F42D00010CD40000FD8A0005FAAA00118401000159660002CD3B00046F3F0000D81800012BEC0000C1930002317C00030A7D0000FCB20003B17B0001166D000FF6C9000812280004293B000234470001DEFD0005F0AB000188A800040B70000162C70000E8260001C732000362E9000280420000FF6900013F490000C7FF00026B7400018F1100025A850000E565000173740003444900046C6900047A2F000178990002A38B0002ECB00001B6180001283700037DD20002D613000111060003393F00011741001506BF00062BE20001775E00032F810001FE140002F19F0000EFCE00040AA50000AF940001AA430005B1EA00038D17000210910000BE960002B7E9000362D8000655BB0008710C0002ADF50006FF80000506BF0004D99C000238310000E03000026E040003D32D0001ABF5000131FD000357550001D8C3000293C900013316000287F300027CD20002531B0001746600022CEA000433EB000236ED00020B5B0000FC9F00010023000194720002EACD00027E850003E3C10002B8F2000267010004B4A1000455510001D335000112FB0004F03F00017C9600022F1600014AF90003CBF400057A320001E7670000C047000322D70001907D0003404B0000C9BC0002E35800025C4F00143D8500017161000117F10000E7AE0002527800013F940002BAC700097B020001DD700001E5D4000384F70007057900015466000134730000F92F0002489A00019931000172B7000588EC0000CF0F000144FC00034A130002E8950000F2270003378800047DCA0003161800061ADE00015B270003A3D200027F2F0001EEE90001EC200002CA2400031530000101390014244700021D0200055CFF000203910000D1CE0001C39B000165FE000365CF0012B86800021B900001B7FD00054DEA000409FC000112F40004FC850001C3D10002C4A20001397D0001743C0000E0480001DDEF0007B4B0000111270001DB0A00060F290005C3340003E9B2000161F3001056190003147E00015C4200058A3C0002661B00015DA00002998300019B4F000111F80001174700015D870000E3000001911A0000FB79000165E5000AD30900060394000210A30000F1C700016CDD0000F18D0000B51000024F550000D7870001C00900007F99000150B50002CCDE000C14C60000C7B8000470C10001AA5A000166F600015DAC00056A2000021E4E001431660001912400031BD70002E81700021A4600012153000179B2000135B50002EA640001C3910002212C000188920007AAEB000232A3000B722700026BB70002FEE00002E3080002421900025AF50013F9610001A6F8000246B700010A5700013D5E000179C90001C9220000EDA500022D730001642F00020BD90004B73D0000DB4F0002F7FB000377D50000CEF8000129D00001E53F0002EFE00002E9E600136EE30002FEBC0011CB64000520D70001998D001467620002CA89000365D90002148F00013BDE000367B30013AF370003CC630005526D0002AB9C0003ED400000ED5D0000EC8F0002053E0000FCA90002B85900020DE000026A1F000183DC000F517D0007C4E300013C71000610C70003AE990002F38200019B810001296F001416C5000181890004146900030B3700018F4B0000CB230001D43D000198CD00142154000421AF0003D71200017870001477EE00020F750002C7610001C4330002F5D50001528C0000FDD900014A460005CF5A0002F7B90002521000011334000266D00001473600014182000167670003356F00023F61000256A20000E53C0001A6310001902E00017ABF000203470004DB9F000111BF0002E97B000B551D0001966A0001866300038E12000145340001D00900051B8300020CFE0000BAA20002769E000153C9000962570000C6140000EEC20005DFF60001933100083FBD0013DD52000313E00002B46B0000F78F0001D6EC0003F1450000FD000002E39C0012337F0001888300025F4C00019521000117E50002036B0000E16300011F0A00038A2200018D2C000160BB0002C2A600045E3E00015F830001797C000186390005EA920003072B00010E2700015ADD0003A0660000E01D00025F73000718F4000165160001664300029EE100062A8D00022A8F0001A8FD0000B8E400016FEF001425670003ACA20000DFB1000429170001BC4D000790FB00025C7F00010ECD0002CAE50000F99B00029810000180A2000112050000F32C00023B4C000493DD000724BD00035C7D0000FCA60000E7F90001C40F0000CF84000206400000F40D00012EF7000143CD0008A6B3000736E70000AFEA00010E4A0002C8590007F4DB0001CFBE0001722500011D7900020FCC0002BF460001D5CC00013E7C000105AD0001867B00061BCA00022188000318DC0003DA7700010D6D0001730700025C090002E750000127F50006B12B0002568600013689000300C30002083E0001055E00028822000180C40001C4270001C9D2000338080002103B0000C0690001942900135CF90001076F0002C5AB000445330012551F0000B04D0002472600018F0700142C790001EF260003311E0001B9310001683100010F4300019299000296CD0013FDE20001A5DB00026FC300013A700001235E0000F4610002C7DA00019598000154850002922C00036CBB00011F9200035529000207DA0000FFE500033B330012AE4E0001EFD40002458300039A80000332F70001AAFF0001E92C0004140D00015961000180DE000FD8680001339A000150AB00021B160000EFAD000425D6000289E40005BEAD00015B830002D88B0003197F00023E8200020EBF0001F9B40001A2CF0002639F0001976C0001BC91000125C20001B68D000D7D4900016C3B0014258C0001571D000246090008EBD40003831B000144D70001D08900019E150013ECE700013BBB00042C33000145A8000C8431000178C70001784A0001B61100023CFB000582790000F4BB00024C24000304890007A4B8000CA2280002A08A0002F8650001C3C50000F6DC000336B3000143C50006A7E90002BE410001860A00011E190000C7FC00024C1C000184230000D69E0002D130000292080002CB9D0001855500038D9C000208EB0000AFE70001118D0000DD9A0004FCAB0001337D0001D92700019BA70003BE710001206D0001967A0000AC7300020790000164780013CBEB0000BF1D00020E1D00018F37000251C400011AD40000F27F0001134000014E3B00023B9C0005101E000262E90001247C000459D5000A7AA6000230B4000100A1000110EB0000FF090007E7B5000A51DD000578EE000139F000051B7D00019241000178230006940B00011582000937B700016CD800026805000651A0000254FF00015E6E0006A92700019A51000316D20001DB7F0001288C0001A7F90014127A00021E93000219F40001BAB30001113C0001CD39000496F500030A8100137E560000E04D000357400002C2670001D8CF00015EDD000242590001061B001407AF0000EC440002E6FB0006D0CE000B2EFC0002101200013F24000241DD0000A03C0002848700013E0F0006E80500020E000001816F0000CBE9000376D60000CAD1000201720002765800010E6C0001EA5300017D900001057C000723940002CBE7000135BB000640E90006605900028FD9000665550003C3810001982800141248000175040003FC880000F800000100BE00073DD700037E0D0001C0C600140F0F0000CF17000155F0000145E60007E20C0000CAAF0001C6B50002440400018935000156700001B47A0001B2380004D8310001DCBD00021218000B192F0013EE330001FAD600011B65000864170002CDA30001A643000161710008A9160001607E0001931C00077E6D0002827A00032605000156C20001782C000467220001620B0002068E0000DF4B0002E62F0004CC080000E2D000140E580001F75E0013E9CB00027225000A738500020BC2000538920007171A0001D0B4000249D00000D5270000D5BE000161D900015301001432A8000115000001952A0001FE7200022C47000165E90000F17F0001A78A0001C54500016F3300022721000331DE0003D7760008370D0001D1520000A05C0003C3690004D98300073E150000FE5E0013D92900012ACC000785F30002726B0002325E000117D50001975B0000D28B00014B4C0004615100015431000583170001825C0001464A0004A93500017006000246220001EAF90003111D000104FE00018BCB0001CA53000196AC0002A51300058F170000E073000223CE0003464A000103950000D6D8000AAAF70001E5D10001941F000193050000F95500022A45001109910000FCB5000136BF000460760001EA740001CEF50001590F000322A60001F6C900016A8C0014E65700016C1A000103CA0001126A000F61A90001DDE1000245CD00022E7D000208A10002D7D40004087500011309000223A30000D87E0004D1AC000223450000BFFF0003AD63000182DF0002D2A80008714F0002DDDF0012972400021C02000433C60001BF3B0002DBDF0001472600012C6D000380C100023DBD00022E2E00051BE50008814E001444B70001D8BF0000E45100058C8D000434690001FC8700030C7300016F6200020DB900009647000557230000B0000002B9A10005B9800001C26F0001A9BE0001C2B40005D73F000627E90002991900021C9F0001397A0003BD19000947E20001588400011ADA0005242B000102440001789500021A22000536730001BA3F00021D370004F1F6000145B400016DF90002062100029CF70000FDBB000204F000031E4F00019C130002C1D10001485B000260CA000356A10004416700037CDA00013636000120A80002F30800026BE300023C9000025765000159CD00012E110001599F0001CD1F000A3AD10002B91A0001B1950001D2B30000FAE300021D18000406310005AD1E000F7E6D0002451800022CFB0000C029000102D7000A7100000174130002C9E1000175380000CE230002A1C90001B555000178000001F3C1000644390003274F000163B500029D7A0003DB500002E693000892F70002F75B00024F430005821F00008FBA000510CA00028DA7000118AE0007B3840002A8690001EC3C0001ABD10002824100013873000401C50006CA7E00028E3D0003F54D00140258000102400002D6A90003A1A200011802000443730002CDF20000AB010003CEA90001AF2700034E820001002F00034E7B0001844A000AA3FC0001559800130F29000271A100016DBE000329EC0001C8E800016EDB0000F7A00001AC54000143850000C0220002CAEB00090C9F000149610001DDD100026727000145FF00037D640002B869000217980002EE630002065D0002493B0008B31300013382000151FD00010B9E0005EE8F000115640008F98200012C6900038C8F0003B441001304A400015DBB00031D8D000225AF0001116A000168650004BF9200043918000158F200023C040005B6830002E416000283FC00049ECA0000ECC300029CAE000205230000D0AB00015E050005B1BA0001E4CF000256D70001DE540000AEFA0002667500016ABD00029B2B0001641B0001B4AC00073A4B0002541E000113A2000192E00002426600073CB40001C442000487AA000101170001007D0001553F0000E0E500039D590001994B00071B530000CFEE00014FC100026A7D0001D2CC0001BAE20002C039000242CD00055BFE00030BA30003E3F2000365FF00033BDF000216820003E04200011D4D00012E4F0000DE560001BBA5000341630006FE550001CD470007611900010CEA000175740001BC3B0001411B000853990000CB0200010D730002AA180002C52A00010805000259DE0001DAE70006DC350002314E0001EF400004D6DF0001CA840000C0250001C57F0000C5BB000BCF5500030C3B0006D7880003261D00042861000289B80001806E0003B71600012FE3000132FD0003B209000195F3000178C900090F730002D32B0000E2D30000C0390000BA620001760D0004DFF0000A02350006CBDD0002487E0001A0AD00045C31000183230001EA7700020E2B0003F65E0000F29D000112E40001102D000B16390001E1FD0002CB9A00054553000168600002E4AB000941870005392C0006CDE20002D32F0002343F001419BE0004048B000187FD0002A3870003E73A00048781000156F900048CF300037120000885E100013E5000010BD100042FEC00016A5700090394000258AC00036A120001449C000161DE000555E1000274270000E4DD000302610002BCCC00018C110001A64900097C8300012175000A9EB600019F000000EF430001CFEB000182BF00016CD70001AE2B00019BFF000205A600019E340001E0C600055D7300025C6E00012E590006C73C000A264F0001BFC10001B3460001010B0003093B000224C20004D0D900048140000229D70003CE0500050F460000C428000144B00002AA1400044FC800018DAD0005224F00014A220002ED980001BB7B0013BCDD00012D860001FE4E0001F44900037DE70006B9BF0000F5CE00016A2D000145F10000F89E000230450003902A000231BB000482400012D8C800012C970008DAD90005B4AA0002BAEF00096F81000224CE0002D88D00024475000318C50000E23F0002D51600023691000705990001EC14000371CA0001AC99000202A700010D04000228ED000373B70000CFA7000D81DD0006220D00093E1300012E5D000239CD00030EC2000198C600018B4D0001EBC5000102A90003AFB700052A0F00026BE60002C07C0003837D0002185C0002DA2A00031DFD000137510008C1A00013E315000240E70003983100017D79000533CC0003324400012F6D0009BC74000214140001969500012D29000394E900019CC40001F94E0001A8C000025FE5000262740002352400031684000228C10001B8060000C0210000BF1E000488870001EAAB0000F3FB0005930B0001EA76001013FC0008091F0001D68E00017E9B000235B20001C785000139FF00024C2900036863000212C80009F50D0000D7AE0001890F00029F240000B03D0000F6580002449300022F7E0001DA11000166FF0001D5120001C296000460690001CB3A000138A20000FC9C0002F364,5120
37,0020001000,5,0001AA120001E56600084949000145D30001C4FA000349E600019FA800020B210001A8BB0000DC66000173A900032889000AE9260011D8660001048F0000FECD0000EBC40001BE93000A847D000236880001ADBD0002A85800015863000117D300041F680000BB55000136B90004600B000550D70001738F00023EBF0001FB9E00015EDA0000FE5A00013C9A0001E9CC000336BE0001839E0001BF370001060A0001E57B00021604000108070001A4190005852100015C9E0001BDAC0007DAD9000175720002EFBD0009C4F70002A5C00003CEE5000161FC0001EA7900041B7D00073ED50000EE0B0002454100022E7C00029675000178250001AA8B0003801A00099EA9000226E00004BBEE00016B930000FD020003CB880002D1FB000400E40001001F00056EE9000599700001CEEF0005BCCA0003A1270000BAEB0001EEB9000316060002093F000308AB000490FE00029D40000981870002863500042D22000325910002860E0003613100017A9A00075EE90001CC4000015E7B0004595900014E51000268ED0002E7A5000256F50001AC570011F26200097AC400015EE400030F0B0002F11A0000CFBC00024A1C000263AB00124B6800042F5B0001863000015EF70001B48000030214000355F4000132250000AFDB00035AB6000214C300018C4D000766660002177F0001334D00084AEA00026C7D000449E30001A84B000289C30000B55E0002C59B00060A1500010FC20001065300022CC60001A7FB0001C8A90011B37300043ABA0001EC590002B3380001CF9400033D6500020B7D0000BFD50002868C00038CEC000173E40003B6140001033B0001512100080FE00002023E000120FB0001B0850006C9C4000152E50001AC8500025AF2000102F300010FFD0002AC070001F392000254C400076D97000185710003050000024DC6000104180005C96700017EB100069FE80001763F00078CBD000314E00001F7B2000169800001E4D500034E260001EE0E00046ED80001015A0002404200036A480001F1320002790C0006317F0004854D0003B9970005FA7A000A88ED0003BA2800028EC100030D860001C08E000311F100022E6900023E7500016CFD000257FF000269FB0011CA6200080CDB0001A13D000DD2350001C0390001CF8E0003D953000986950002205D000166DC0001F83E0002243900010056000209D50003416300020C0F0001953E0002BF4C0002BF810000E6DE0002357100015A2900094B31000332A20011AB530001DD8F00025F0A000277F90001E01F00014CE300013BF1000217DE0011A9EE000623050003059200043CA90001FBA80000ECCA0001B3BC0001A8AF0001F4300001B80C000287C00001B1AA0000F2080002FDC80004CCFA0002524D0011F8BC000172720002A09D00017FF80001F639000112D40001AE350001EAB5001091AD000127FB0009FE2B0002B7820004214B00036A2A0007B21F000137880005F91A0000BF9E0001C7C90004375F0003B9E10001720B0001A4B2000B854A0002A7B3000959D50006E958000866200004AAEA000281800003DAC700025AE200017E24000247FA000163700001C395000CAB52000142A900041C530001883C00035ED900047B5E0004D66D0005CEFD00051E6B000285B8000485910009F2E100034D0E00014A1B0001808A00047F3D0001DA04000151520007CB750002A9C10001E68300010FA80001FB3D00011405000129EB000210C20001C7F50000D843000588E50000D9D6000C81E60000EF5200048C640001684C0002BC2D0003E73C00016B9E0000ECC90001B7650002254300014FFC0000D13600012CB60002F6E400040AE100026E37000337AC000200EA0011CB77000133D70001D01900023AB30000B00200010F310001792A0001B92F00039DF30002024C0001977D00031A210001B6D400019938000C2100000188D5000308350000FFC300018A0E000258710002B3A70001B7FF000B9297000159410003FF360000E0FA0001291100013AD90000FDC80002E1420001D2E10002804600035440000279D7000132220001C9B2000130B70002ED040001C2650002A6110002519700012C9C000EF6AE0005FE43000220CB0001728500012B9B00017C430003CCB30003407C000134090001430D000119FD0001407000018FF20001D86E0005238F00014013000343240005D51A0000D24C0001A6550003CD7300012FBF0002ED0800027D6F00019A30000293020000AF910001C55B000293EA00020E1300035C230001E23700045E5300038D3D0000E58C0000D4E00003B04E0001F31F0001800E00017B0700037E79000185D700013BC8000326150000E91A0001FB8800063F1C0001A4DD00023C0F0003080B0011464500055FD6000247B90001CBEF0001D92B0002230100047C32000457BF0001D3AE000121850001037D00024C5B000B837400012F610000FE01000160C90012018B0002F7950000AE45000141400001BDB500055F81000157A300013BE50001E3CA00028AD1000230EC000119D0000C34BE000299B300017B63000116B3000155580011E6A600026EA90000FF6E000D64D80001365C00036CEF00016C3A000D54750001EF6D0002D309000561ED00012C970001F636000104A100036618000AEA570008CEFF00039CF10001FDDA00011FCF0008EAE100011C7B000237A70005420C0000F6F80002216F000417C1000264B30002436B00011E87000217990002F12D0001380700014A760000F62E0002CD3700022FD50003D27300021010000161A00001B06B000173E80003887C000FC54600079DEA0001A68300035132000627060001A97B00062801000213B50000E6DA0001109C000278DD0002C2620003A7AB0001E7B40001ACCF0003CF460002CFF500034FE500017B5C0001382B000420830000BB650001895D0002B46500040B740002909E000141A90001E9A40007CAC800011B3F000286CA0009E03600020E620006436A000416EA0001383B00014B7B0006C51100023F6800037899000434AF0002EC4D000418F00003862C0000FF4F00014EDF000164580002409E0001251F000235F60005F443000323BA000F20C80001C959000A47BD00010CFB000145B80006D57C00015898000315E60002C4C100014CC30001B76100037A930003190D000693100001854F0001662D00102E1B000259D30002C3C30003BCAD00015DBC0003CE9600077C790009C1420001FBE700033E5C00022D420002796D0000EF300001C13600017C610001CC02000203FA00018A4900045E2F0006336D00010161000200FC0001B23B00018EC70000CD670001B241000176CE00015E0B00034CE5000266750002299700018EE100016404000211590003B6CE0008AB4D0004374D00011C9900030EF700024A5000042DB50000E4730005AED20002E8D7000222930003E10A000199550001DE220011846900011D5B0003E0760001919500025BF20002CA6000034C720001C03E0000B0220003BD460002AF510008A0F500017C6900028DE2000129810001A70D0003AC1100017AB30004BE2C000132A9001040BD0002C9FD0002C8D600028A95000163D30001B8CB0006CC880001FE8A0001C19C0000CF980005B5ED000226430003D6670005B62D000154770002CB5D000650160001A68200056CF00003FF510002218000044E1400017A9F000285D60003ECAD000246F700011C350002C2090001A192000198EF00022FA60003AFE300023CB200025A9D0000CFD8000110F60003B4180003B078000182C7000205290003AF3D000249D200026FEA0001276E001070B00000FA7B000247990003E5E90003573800012F270000F15300015162000CEADF0006ED7100064DAA00043F83000272AE0001DCB00000EC3D0002A4C300025DAC0001E47B0001660A00027E8D0000E808000186100001B8B700018E9600010FA70001124A0001A8830001136D00013F0D0004F4A10003BB430002113200118A6B000814EC0001FC2A00021D9D0002E14F0001B6D500012DA000034746000276C20000FECD0001FDF30003C1F70002B969000207A50005F4A400022FA4000225C600011DA00000FF300005DC21000202090000EDEF0002B54E00019C2600045B5D00032D3A0000F29A00028CC50004972B000122BA0005E8850000D07C0011D6840001C5C80004CE0400099DD6000100C900031CDF0002A0D000012E5100066441000186E1000143DE0001E0FA0002161D0000AC560000D20C000BC0A700110CD10004A831000195EB000102A90000C00000027486000346DB0002B52E000114A10003BDF2000778B20000BEA80002B88A000204E2000CC1850003B7310001216A000121550003C5950002AD470001CD0C000137960005F446000102F2000284670004F6C40001BBF20001C1840001AA9E00029E8B0001F0DE00018E6700018B67000147A7000137E10003A55B0001C14C00015A6B00021EB00001C8B000080E9400048FAE0002FE2F00032895000113BF00017B190001AE120001443D000BD2FE00013A46000BBEBB0001FAA50003EBD10003F7570001FD9600012D9F000232290003F1500002ABC80001AD98000F158C000127D300019BE300062D010001070D0001A06B0002EAB500071B2600066D19000107B3000C6B440000FCFA0003C65F00010FF600040BC200024DEE0001367B000144CB000408AD0009A23A0001A5410008F7C5000B29170002369D00028C23000168AC0003F2D900022E6D000142730000D330000B9772000167BC000232EB000240B500024A080009A65C0000EE410001E3A60000FC75000573BB0003138D0000CEA3000234E10007108E0000B0750000BBD00002C9060001665900034E2200087AC000023CF5000553E500010E1D0001B0C90003829E0006F63000025F52000169110001334400022ABA000254C400014B8A0001762B0003135300033E4800018C090002638C000272930002FA8A000879E700029C450001C2DF0006861800032AD5000D8B7E00015CDB00034FCA000698BD00036BAA0003C599000306440003B8A100026855000A6B6E000223170000E40D000224BF000235A70001502700033D9A00010C4100051126000ED8FD000D6B8B000A79910000F37B000189BA000282E3000142D30000E3F6000430C300030CE70002239F0002C7AB00050128000552CE0001CA6F0002E9160002D0C000062D34000529130005956400104CF60008F6290002B63B000224BC0003B1A30005F75B00110D240004B7ED0002BEE300037D12000245B3000282230001AC59000288DC000213FE0002324700038C8E000164D0000F99AA0001366300065EA50001F9EC00022A660003D7E70000DD74000121C4000F3E0D000137220004DDA20006D7000004451A0007629B0003B9FB00024806000177E30001FD5E000174BB000355930000E40F000357C8000143F600034ABC000200D5000700000001137B000164240011D5BD00077E4100031BC4000105C8000165F500029550001084250000FD840001E02C0001A5760003F5120001CB370003257100024BBA0001D5EE00025559000BB21500029B5C000333BF0001BB270005537500036A660000F2C20009CD730000C8AD0001A9570001AA2D00020D9D0000D1660000E50B0011C66A00012E9B000326760008B76D0005E6C30002436600062EEA0001B78F00030AFC000171E4000E03F60001E98F00017F19000136440002924D000164C00002BE1F0006A9F6000090040002106500012E1D00013BE00001267F00029885000151690003465D0000F1CC0002836300012D770001A6CE0007AC6F0004C66D0011D3650000DF2D00018C3500010F550001C60E0005EDBF00013903000584E50000DD14000184E6000264700001B02E000AD78D0004AFFF00049E9C00012E8F0007823400028C870005B1F90001C3C000049C7200036A3A0001A0120002B59C0011E1090003642B0006596E0000E1160001DBBA0003E8BF000190990001AC1600023D860001736E00011DFB000273310002AB7400014D6900030E1C00017FB00001BD0C0001FC500001C48C0004745A000D21ED0005CBC1000229910000D4950003554E0002893C000339310001A0AB000D4039000567450001E27800029FD70010D85F0003BA9300022EF700017964000295CA000153E30001D716000226440011AED00003265B000983690009B57A0001BF490001A8D30001DB660001AAC5000353CF00013C020003C1BF0008F8A3000181BF0001068C000292CA0001998A0001F2580001D7290003431F000207880001EB65000538D10010EFA10001D9510002F1B7000281DD0001C93D0001AB3100030F8F0001AB9800026EFD000131C10003599F0003CC4E000132190002A4A7000397A60008147500030E90000266AF00010BB8000388A2000261760000DBE100029D6E0003DC580002272900033CE70001C44E000219D7000B96D50000E05500012E6E0001851E0000F6E80004B06A000155A00006212B0001603E00019CB200012FB500054BF90002B4B400025B1000028B6C0000FE6600026B450002F8B40001A9B3000133270001D837000259F20001B6E3000421570001DFC2000152BC0006D6ED0001A97300040181000259DC0001BBDF00020157000185F3000137B40002281B0001370E00013BE00001563B00019CF2000230BF0009A62F0002213500012F2800010CE700027E72000ADBE1000622CA00072D600005C06000052CA900019A520001B1EC0002668D0001576E000273E90002511300029ABA0002DCA90003A8FB0001A9650003086C00024415000555C70002C72A00027B7C0001B703000113BB0001265F0001196A0000DC190011B487000178C900078A9B000B025E0002D3F50005F0F20001625E0001B03C001144C400062FE40002AD96000412530001A39C0002C563000753E10001FCE50001BF9C0008D0F2000197E700012A63000360F200061A3200010ECB00077E6D000F583600079C480000CECA0005225800016B210002A4670001A15200014FB00001F37500031F62000126030002B4B2000670BC00032DD50001CFCC0002D5E8000253F600011247000265510006985E000288A60001A7C10007D0E00001DB980001CB660001568E000965BB000140AC00024DCE00122BD80001C760,5120
38,0020001000,5,00011A0B00023EDC00021F7E00075BC40001690800013A580001E93100074388000168CE0003A2DE00012195000225E800080991000E28DD00019FA1000204B500012FE1000318550000EFA40002640700030E3C000EEE1D0002AEC8000978EE0008D72D00015B07000104DE000136410001E84600028CDF00022D840001B61F0001800200014D0B0001BB76000A7F550000E7C80001CBC3000413C30010341800011D510001886D0001D5230002BE4F000528D70005528F000183550001813B0000F633000F0CA30006CCCD000373C00002DE820001F9A90000E1410002A69600044C1B000EED10000137AB00024A1B000346750002F7FE00064BDC00032219000275D40000FED70003C28E0002428B000298C50002CAF70000FDE00005EA1A0000CE310002394300016BCF000674C00001789E0002F3CB0000B7F70001780F0002E3C00000BEE2000AF77E00020A7300023D9D0010B03500018F3A0004A6C00000E25B0001E049000130DC0001EE230001F6260000CFCE0000F26F000FFBDE0001A9F70001F51200019AAB000174380002645000012E6700012B510002779A0001BCDE0001B9030001D01B000E277D0001A3DC0001642200010E1B000400600001AC1A0000F9320000B0000003BFAC00011A920002ECD40001517100018631000189E7000137A70002FD03000375D50003220F00013A5E000314FE0001188B0000A06F001191000000F63800030A8A0006E8A70002ED8C0002351F00020D6700069B6B00044AF600048E190004B30200026B4B0003006E0001FF010001A7DE0000D62A000350170003273200029D98000103EA0003D0DA0000E1270002696A0009F95B0011B0050001B2E5000124580002AEB20001200B0004B6720000D0E60000D9B200019B2D00010CA60000CF9500020DAA0001A85300025251000152550000F0F80004C43F0000FAB700015A77000486F3000183FF0006A0D50001D942000173FA0011A13C00014CE40003C49E000963DD0002FA80000328500002C4E300071E5B0000E230000139A80001179B000195D1000470340001B34C000201E40000A2A90001F2AC00021A8B00026DA500013F4E0001CA1700020B860004B73100083934000495CD00014E57000297D700020FAD0011D6100000CBA20005A2840005706A00053985000468E9000272390002B86E0001FB9600012C790001C049000142010001B2150002180800107CF80003AD340000E0000004EA680001BB1B0001194700118FB800016F170003CF480003C5D3000650B40002F586000389600003D7F50002CD1B00050B25000348060005643000043CE200012C7600013E9F0002A0850003727D000197A300024ACF00017C5E000159AB0002111C0004E792000204640002E0E70005AB560005E4A50004605E000245FF0002B718000149D00002170D000251F40001992F0006B4FD0002E45F0001B95800019BB40006C2EA00015D5700078597000109760000FDDB0001EFE2000100B2000295A70000CE13000193F40001FF950001F9DF0003595A0002541B00067C880004A267000505FC0004547C0001CEE10000E9730001071B000132DE0000FE6200011A9A00016F9F0004C1D10011C6F800010820001008FB000184460001706C0001C3450004F378000111F200026FB80001DA040002567D00016767000FEC27000100FC0002906F0000E9910011B2B400047E900001CCDD000361F90001374A0004FA050001F8220001564F0011D41C000290CB0001BC0D0001D74A0003215C0003ED260005062900048A9E00119B2C0002F5650000E0440002B9C500117A9400041B92000C3B6E00040C2B0011DA510001E2530003703F00012BD3000111CD0001A988000203F7000162BA000398390002CBED000AE4760001C0E20001A7490000D01A000D7E6100011C320002A7CE0002484D0000D0EF0001B9300002478D000147E300022E8B0000A00500024CF90001384600022C7300027739000143190002FB640005A4630000F3F300013DC20000FE5D0001A5C50001C79D000220CB0008BC8000027CA1000212800002684C00016D9D000260CC0003059D0001EB690001E2A30000EEB700042D1F0001479200009FAD0005FCC5000186CB000E8F220000F06B0003C56E000150C20000FA3B0000FBAD0001F960000177990002A0E40000ED6E0002F8B800016D1D000E836B00040AA4000246C8000179590000DAE1000460F800030D570000B30A00028DB700017890000A61760001AF3D000281EF0001C81700041C750001F4BE00021C2200014E270006115000010A380004F4960002598D0001A3F500010EEA0000F1610000B2740005CAE2000373F20002D5980003098E0001B8EB0001BA4900020EA5000653CB0002C16A00014810001193D9000158BC00025E7A000525170001943D0000E674000080130007D6D50000C3500001E9E600090EB30006606C000109770002F7780001543400036BD20004A4920001F31F000167A10002767000116EF600079606000C7CAA0002FF550001228E0003A213000160EC000ACD460009AD4C0000AE58000193D20001565F0001E8670001125000048DD70001DA7B0001BD710007F1AB000251E10002F9A200010785000135A10005CEBC000268B4000162F40001B1990003F87800017A60000218AF0001412C000121B60001CE43000E4937000B204300045E0B000262D90002017C0001251400031F51000301B70011A4310002C9150001D13F00016A9D00011C5C0000C6A3000269340002BB1E00014942000535370002E9930003D33D0004E7400003C56700015F590001AF8B00021A5F000198C000040928000325770000F897000144C70002691C0006CBB400011FAB0000EDE60001357A000980DD00033DE20001EE48000248240000B0ED0001CE71000105CE0001110D000195230002925E0003FBBA0003718E0004B85B00118CE300035EFF0001EA1B0005E7280011386C000271D10000E116000128E10001306E0001F8F30002C12E000100210003BC250000D0820001BDB60005048D0003527000041C6A0002A86F00019437001082DE0000DE900001FD9E00021684000146040009F7210002E5C30002E36B0006DF72000304F10001DDAE000222350002577E0001422500035E6E000199FF0001F60F0000B43B00017FEA000A17C10011655F0000FAA10003B3B00003A7EC0001E37D00010A34000670E500025F160001A5210010337700019119000202750001A7F600018BD90001CC13000296B8000217BF00010D01000144040008A4DF0002A44000051D0B0004D3DA00020447000293B200044E40000180DB000173490001E037000210AF00018AF000021E830001FF2A00023DE000019B4900010C7B0005112F0002A41E00059FA900019B1A00015FDE0000FD7E000F20A4000305650001F6AC0002ADE70002065700014ECE0011786D000338C7000184DA0001A0F100033C090006CD750001A8590003349A000191240007E748000263530000FD0B000C74740001E54F000302E900023CA20001D6780001C70C0006F9C600019CC20004ACB100029CA60001A4FE0000DAE20002049700030A5300011CA10001BE2700119D7B00096C530008CC2A0002D3750001009B0001EFDF000120FF0002CF390001DC0A00060447000343CF0001533200011FF3000152A000024DAC0001486D00024D2300017AA40002B82900017B250011A12600029EAC0001335600085B8100042D33000135FB0002BF7200022C4F001160A20000EF9F0001209E0006C4CF0001247600056C0D00010C100001F2C900034F340002682E00015D2600015C150005AB530001D84D0002641500023BA50001C9CE0001DA9F000395590000DF7B000508CA000153F200102C080001CEE300039FB30003558B0001D3B0000558680002656F0001B6520001E3D200027D0F00021092000291E60000EDDA00012F730002394B000371A300076CCC0001741E0002028400019C170002B0ED0000E20D00030BE70000F37E00088C14000335D7001163AF000667B300018B62000AB11B00097FB300017B850002C0D60001074000013B61000275CA00015B2F0002E5680001E9B80001B0710001EDBB0001BEAC0002622A0002BD7E00019BDF0001ED1F0001B5D90000FCFD0003F3A20001BC040000E41800014FB700014D7300008F7D00034BEA0000FCDC000300870002DC6E0004AC1C00011439000181A20005F93E00012FF80001BEE00006268F0001DEEB0002676E00010652000154810001F91E0001BDB100011AEF00012B3E0003EB79000213690000AFC2000260750000AD920001D1F600045D6B0001C79500022899001195B100021CA30001B6400003451E0003DBB600021C73000162A5000232AD000190F300092B4700075C2F000658350002F9030007D61C00049ED1000150380003F1530002A74900025CEE000857760002D44D00039CD90003091B000183A20001262E0000B02D000A17090002D23900021848000179E100069A450001F76F001185B1000782A6000282BC00030D120004ADFE000148F0000202D3000186A30003CEFD00085B9F0010B4970007577300089A47000135A90009AD490000B085000131B8000641090005FD210001D7750001014E0004D96C00030B3F000164BE0011D7EC00019FD7001025EB00012F2E00024EC400028F53000124A500025BBB0000E8630003F56B00064878000112C1000223EE0001D6B90003FD88000809AF00014509000172E100024DB7000102330000FF5300030BAA0004DBF40000F7350001748C0001960E0001AB7500025EEE000127BB0002111600028A640004C73F0003E49C00019548000122580002F42D00016206000175010003AC4E00018EEA0001254B0002B7EA0001579800023E280001A401000272E900011C17000103F70001D721000A697C000A0ED1000ACD0B000D477900014A35000453D80000C39B000DA77B00035FA800058C740001C81200026BC500012DE60001F6FA0002BDBF000111A100021330000454AB00082C310003072A0000DBE00002D1E30002C96B000865730002A83D00018EF800016A2D000287F30002247A000DB9570007D68C00018A2F0001FDED000604DA000404F50006954B0001697F0001D6AF0008468F000356FD000222A000068A0F0001CDD4000FA5D700019F41000440490000A38D0001BFD10002CBE80003ACF5000159A4000329440001576E000615FD00029B8800021B7E0000CF92000106060001FBF900017F2700014B170001936800098F2C00025E1A00011F7000063E7100027EC40001D10800035ABD0001DC74000B4DAF0001A24C0000D48F0008A4B30008C787000228E3000112AF000169B90001F5030002C5CD0009595E00022DBE000199D70001E13800030C990004FD620001F8C200009605000228F30006E41A0001A428000103A700031BCF0001C2250003424800007009000199FE0001BFFB0001F645000791CF0001F65500020464000162B300119A8000021D8E0002943100014DC90001727D00098D0200095C4A000241D90010F92900013F990000D96D0009A0E10000F03800039E100002E2A900019EBB00025FE800057AE90001F5990005DE0B00010DFB000174F700016190000428FB000102BA00114C5600023D3600014ACB000150430001626200038155000163BA00014639000280AD000B230F00012345000124BF00010ECE0000A4AB0003DF57000150B50001C0EE0001A7FE00016D1400024FC4000162A200019B5E0001C61F00114698000168390002FE270000D35A0001DBAB0003160A000250F9000149C60000E4500000DAF4000430A50001D74F00025E710002E9B500023C51000243CC0001394C000271A9000113630008353F00113C700001DFA7000AE38B00050B9700015A000000E3CF0005A79B000814A90001FDE3000108B80000ECEA00018CA9000328D7000167DD0003C0790001A8D2000219CA0000D682000734B90002E95B00013867000118640003B5AC000118AB000E1270000386BA000113D30002C2AC0001BAB3000195190002386C0008C22C00011C95000157C600037581000833450000FB420003840F000B9E0F0001A37B0011D52A00013CBB0004A3950001EE16000081660000A039000271210000D1450000C7E700010C48000563710000E1B30010593D000150170001118A0002B2A50004F4D60000D0250001EFA5000110D7000162C10000D0450002CDB00005AA600001A52B000348DF000139510001EC2800115CD0000116210001DB750000E7810001DE2C00015C70001052FD00018D4100029791000733970001668D000446EF000312380000F3AF0001A2000006198D00013AC5000150C400049F140001C31E0002EB55000204DF000672430002DFA900029B930000920E00076AD40000C0220003DA20000173F30002EC6400012579000230E10001729F0001CD6700012A4E0002370B0002BB490003F00500011A15000188E900016491000137D00004126E0001CC5C000511A8000518CC001052F60001C0960001637D0001AAB300039BC20004034C00020D660003C8B00000E57700011F48000241D100012D450001E44200039C950001BA450001FF4F0001784F0001660300012A220001BA6400021F8E000450460002F7FC00022BE50001E9BE000C14D70002D28B000511F10007FB4E0001442400010A450000AD950002E35B0001A5C90000CF65000887020001462C0005020E00024B6800027F96000B0C350001F6F500017ACF00031E40000198330009F83C00038271000184D000024AE90000F0550001685F00039FCA000171790004C6D000024D1F0001C141000353A80003659400031243000169E100025B31000160AC0002691000018BE00003251500114D160000E4F3000263E0000779070001C5580001762A0001CFB2000275860001452100013FBD0003B6C20001831800025A26000352A70001EE3F0000D095000656480001A36600023E220000CFFB000311380001E9B000123DA50002714D00014D2A00017FE20000D9690000D4FF00016E5F0000CFF60006361600028BA80000C2FE0001B3C50001C4A900066DDC000161FF00023B9400012B2E0000FD790003EBD1000354E600041167000548DB00014D4E0004136A00025126,5120
39,0020001000,5,0002CA130002A60D000211D0000286310007D1360001B46000022BF2000455A10006A4A6000155BB0000FC5300013C6B0005EBE400022BF50001C58A000187B700010A78000371DF00018FA00001D6EA0001D65F0012363E00034253000310D70004C55300013BC30003F85D00023E5B00010C990001F6420002954B0000D1230000D4F0000137BB000116A7000209CC00022BAC0009ABF200030E120004D71800075BAC0002ECDE0001D09D00019027000110110003DDB40002D1ED000129F30000DAC70014ADEC0002904500010EE50002557E0003D95F0004B1CD0002BAFB00027A8A0001FD290002B53C0005FFB8000354AF000211C1000383C9000292D70000F141000A838500045EA90002ED430007E4CB0001D5F40002F7D50005977F00054B7F000149E50003846100013F4D000175040002EA5E00059A4F0001328F000409FA001446910000F85D0000ECCD000343B30002EDE9000114490001BF6400026263000DCF8C0002A7830003D9C900016E0B0002D6EB00015AE80003415D00018D6C0001D1340000BD4A000209DF000484E0000277D700070C3D0001AFB50000D6430001C6F300015F830004773F0001B83B00013BC10001DC9E0000D05D0001D98F0002D6B10001335B00014BB80002BD7C00055CFB0001FBB700015493000240EB0001581500014D700000D7900002195300013B1B0001DAD1000176E10006D53400008FAC0006701000026D880004F98100016BB10000B0EB0000E07B000169D20002197B00023BD40006C2CB00056BF2000112620001D6B70001285B0001BD830001EC4A0001D3B100130EB90000FCFE0002F92300013077000198E30001A61E00027F9E000391C30000E1ED000226EB00138CCD0002BA6500012D880000D8E30005318F0001D6AE000137D500011973000381BE0007445F0004505A0002D1A20000ED6E000159B500011D9D00031B1F00148AF10001CD0A0001EC6F0001C5FB00033E7100014EE60001A3A700012D9B00017B2A00036EF1000668190003C7840001583000011BBA00022D0A0000B65100016E5F0004D202000126EF00016941000455C20001DE690003B7DF0004BE920005694C000170BD00015E0E000165100000EEC30004247D00035F1A0000CDB5000467160004FF34000350E80003792800020EAE000126670002DFE200019CBA0014D646000162F500019BDB0000CF42000521CD00025EAD00015E2C000166BA0001FA690001604F0001F2190005041A000537EF0000D5470006508C000387100001FB2D000329E400015B5C0001A70800011F4A0001DC16000282EF0006BCD5000161D20003348F0002149E0003816D000148970000B136000180140000E0370002E6AD000172D3000347C700010E75001447D20003E7320002C65A00008FA9000456CF00020C92000228CB0002FAA90004F8370004E151000509BD00014B31000113190002621C0004AA30000116030002FB210000E02E0002BF3B0001853C000366BD0001013F0002E1740001820D000160320001E17E0003FA7A00018327000E58B5000148AC0007F6820001F11F0000D26800010996000532890000F5AB0001AC0B0001F98D000147E000032FAE0000FDF9000152D6000225A40001A6870001EC9B00024B12000140110006F7090001EF6E0001CEB30002E9340000E7EC00021B6B0001B915000FA9A70001E6670006D0450000FE48000789B900038CE1000143A700017D800001DC0C0001F5EA00012515000143D200015B83000149EF0005688D0001DAEA0001B8610001E55A000216BD0002A0D30001DF7D000142B700017BC900050A210004434200017F890013FE9B0003D7E20002338C0003B91F0001F9880007169600023621000250FC00011B1D0001E02A00011BEB0000F7E40001CDA00002E371000463D3000106F70000C3F900030B2F00027C6300088B780003D27E00018AA9000232970004521B0000FC9D0005A8CD0000D2C1000136AA000403C800013EAF000836C10000E19100016BEC0002A12F000153DB000144750001705300044232000316F10001121A000107590001AAD10003727500068D33000476C800015F8F0001EE5900017C740002307B0001017B000080030001900D00016797000229FB0003EDC70000C9D60002035F000163B2000115C1000378CF0002678B0003A8A20001A8D30002BBCE000478CD000119CB0001D44500018E980004131300013A130001200500070FF30001045D0001C19F0001FFDF0005BC7600033B820001A2360002164E00013B2F000A962100016FF30001D1850000F6C50006F03C000132750002227B0002591900016D9F0001D4AD0004C1970003ED3E00140EC10005729F000189030004983A000154FF0000CAAD00012243000167D60006F9BD0000F8F6000332B10004E78800011D240002CFB200011F2B0003EF7D0003E0E7000356080002EA1B000332E6000297870001974A0002DF7B000116210001D25C0006A7840001B08B0001CC3C0000E0020000F1510001AA880001498D000250D10000FAE100010C29000183A2000195310001A0A400011F640001ACF60001D4DE00013A830001025D00029C360000EFDF00022439000154AC0002A4360008B45500012F530003D8AC000245010005CD9D0002FA1900014679000116EB0000DFE00000CCE30003201F000215C4000199A400010FE1000101050000CD5100027B05000157080001CC7B00014CA80001B4C00000F6890002F1B30000D0E60004A89B000241A60002112E000337C300113B3E00011B9700050C880003C9E9000155B6000195840003D935000258B40001FA1A000289030005E347000196CD000211A900022DC800017B390000EA470002B87D000203150000ED5300015D0300023ADC0000EA400001645B00016605000B6B850001A35200016F700001F1B200010F65000108230001F0FD0001EA9600017257000115FB00011F9400016446000281350001349F00017ACE00014A1100022B530000FE240002F452000195B10004F6FE0002F0BE00035B5F0001B79500013C090000C24D0001A687000362D600021CC900023AE80000E6E80001EAC100017CED00010E6500017F7200031A9A00036A4F00027062000637F100008B6A0001FD270001D88200029A650004683B000A746B0001B693000231130002C440000363FA000549840004FCF2000157C700033E6B00021D770003169D0002A16B00012CAC0003589300015CB90001E1D20002185A0001B8E00001A94F00019ECE0000EF100001F36D000375A800023CEA0002379600018537000BFE4900010BFA00011FF100014EC900011C62000203BF000202B400038BAF0002E6EE00012E1F00051BF300011027000100CB000114BB0007CCF0000343800003892B0002C47C0000EB7D0003BAA40001A59F000125310003CD33000255D40000E707000193510001ABA200017183000888420001CE590001680500053C810001D7740000D8C8000117DF0001775F00066E3D0000C000000181C10001264300011D5600029C61000193640000A04B0007CE4D000166C30001E0B70001150400014EF30001B84600052D340002364B00016D930001396F00019F880001C3610002A3930006A69F0000D2410007A9AC0001FC8E00014E7B0001E62B00060F120005D4E000019FF70004C6F00001C42800010FA60000FDF70002E2440001ED250000DF9F0007AF2C0003EA4100047A7600033BC60002774A0005810400036EDA00019F540003AD3C000162210002D4B10004D8000003E09B00018FE5000128BC00047317000321E6000FBD8C0003809200025FD7000123CD0001FFC80002A4950006523F0001D4B9000107B800037FCF0001A6F500011CC400012F0C0003460A00021BA30001B9FE000E7EC30002F43A0002D9290001FC9C0004C50700029EDC00039D0100026FF90001627F0004118B0001E4B60002D88700013E2F00027C740003198C00012D03001459930001068D0004B5630000F260000BD9F1000220940001B32E0003EF2F000216A100038B750001350B000759720001AD97000192AF0001D5E100015B8C0004F3FE000118EE00056C900005E1EF000101FF000339C300017DB9000233A70002D11C0004252200029AB30001FCCF00012C370001A68100026FFC00013EF800016B6400024BCC0004276B0001DBE30001F169000672A1000110A50001315A00014AB700041F6D0001D9D9000117630000D85C00016C4D0003E1AB00018BFB00046749000147B3000209880000FB8B000290AF0003F191000F18E800062F4C00016926000232BC00013F86000253770001610E0004A7660001DE900008B90A0005AD51000186560006B0910001635500023117000136140003E91A0001878300057B4D000173C90001D1940002609C0001BE6A00023D210000DFE90001857400022602000310A10003CC1B0002197D0003FF870002B2E5000126A40002215F0000C8140000D44C0000D2A3000127A0000168270004472D00074339000A16990000E6A5000141E90001651E00017AE500020B71000741E300028AC50004EA810003A3640003E8FD000230A30001579A0002A4AC0000EFC40008D362000203A50001A5B50007950B00096D5B0000A1080003FA8A0002C4E50005DBFB0000F096000145AD000359C700020A4A00095A500002D66700029887000179210006FC9200025BC20006011500018E7A0002121200092BEA000242460007DD9D0000D11400028EFB000226100000CFFE000110BF000115570000FF68000A34530000A56400019FCF00029F1E000802FC0001828D0010766900058B9900052F7D00020B4A0000BCC900048866000354A40001E5340001210E00018B960002C9ED0001B3800014461F0005ACD600011EDD00077DE5000146510001785C0001510A0002BFF60001D05000016FE30002A6830000AE8C0005822200037FE40003B37B000113400004C03F0000E33E0004AC3F0001130300011F9B0006B3390001B3D5000283220001849F0001642A000696D700083C260001DF8900047B170004DC0100019D5400020185000463260003126900016AA2000276410004C3230001F7F500022F3500020DB50002279F0000E70B000106EC0001D67E000878C20002C82300072B720013566300041F07000264D90001A26F00022FBD00075ABB0000D28500022B5200055D2F000460A10000ECAD000244050007366F00011A4400053B2E0000C01800051E7100035DCD00014A9C0000ADBC00010E510000EA2B000100830002BDA7000152EB0001AB610007BF4D0001391D0002ED0E000163E50002668E00021217000214830000C0000001ABB60001A2D10000E2670001AF8F0001B25800037E210001F61D00017E39000BD0810002A0480004BDA80001B6FA00023CE700022F170004618D000140BB000450A90002D7D400015BF70000ECC60001121F0004BF9C0000F63D0001483A00010BFA0001CB340005F5CF0001493E0002B5D30003DE0800018697000341710001796900030BC80001A23A0005FEAE0003E2E90001F7A3000FC4CE0001622400055D340002A82700014B4D00010F3600049C1400013B6A0004F2970001CDF40009B53B00016DA3000BED030001AC2C0001ED9D000129290001540E0006409400022F0B0001BD64000A100E00016FBE0001B8B9000376C500028E220000FF480001503A00050E290002CBE4000526A500039F8600019F5D00031AC500010A990000E07B0004699900024ECF0001AE190003BE09000252EF0002830A00011EB4000157EE0001233F000102590005A025000544A10004A0FD00037F4B0001AE12000294EF00029F05000324150001AF3A000EF7170000E4A800013B91000756830001379000015FF80002685000039D5200020C0C0001A09A0001390B0001A02400011BB50002B05B0004BC2C00017200000264BE0002FFD60014368F000696B80007DE6D000167E100021D270000DEE00002D97D000135D7001428CD0001383F0003944F0002C6480002D60F0001D3F5000424990003F4CB0001BAA000028A7B00048CB7000404590000EFDF000111F70002211B00031912000157FF0000C14C00011B5000057F350002591400027ADE00022CFC0001F2760001720B000252500002793D00021B6C0002ECDE0001082E000182900006203600029C1F0001FFFA0006B55600027A5B000111B5000251B000028E3100016CFC0013F5C500024BD3000AA1040000B0000001C0B90004A03B0000CD74000110840000FE670001732E000204BC0007E0CF000186B30001255C00020A8500010BD80001B38800062ABB000150F5000154D100018423000117A800014C1C00012242000260590002262C0001AB7C000238340000D1970002DB8A00018863000179210014A76B000141D5000254F900017F3F000118D300018DEC0001BEEE0004DE7F00010CF600018BAF000161720000C94300065CD2000373400002CB00000120FC0001E3BD000110EC0001896F000132DB000389BC0003A32500060B670006AA72000312B40000D9480001CDC00001A2DF000328D40001897F0004DA8500065C34000169F7000198C80002BFA40001A88B000BE6D50001AB9B00017A8B000127E4000121D500014F310001C76D0002377B00011DF300029F5F000146680004373D000D0D6F000102A20001F14D00022DC100052AC70001847B0001490F00020AFE0000D52D0004165600011E110003CB2B0001748D0002BE2100023948000126AC0002A4A900011A99000505360001C34C0002B27700053F3D000498810001285D0001DA560002A9B40001D05C000116B900011F690000F3250003DBD50000EDF10001935700015E61000272430001E0E00002919800036EA90001E168000212CC0000F4E70001B36D00012C65000281CD0001504D000176F900028D2A0001CF9B0002DB230001140900015D1F0003CC3E00016C7D000209CB0006068B0003FC3500016200000163C20004FC4D00035D4D00018FD50000DCE100011E7D000225FA0000E0CB00014E660004421C0002E06100012B940000DB9D0005E79D0001CFB90001C31400034B770000DFC40000A5000003DDB000024282000162A200027F770001F5A40000E47E00036D7F000815790000DFD70002618E0000F2AB,5120
40,0020001000,5,0001F328001119E90000CFA40005D4340001336E0003C2190001586C0003D4EC000A86F20000ED0A0001BB060002074F0002E9F700034B770002CE57000410A50001C800000104E1000230AD0001D41D000134350007F29C0000FF4E0002D36E000188EF0000D2F40007A95A00010D7D00028AF00001E4B000018659000189A700017B6D0001D8210002998800013BD5000112240001A6040001B58300013B29000103EA0001B796000115C80001FA0900011088000127310001EB2A0001349300024C55001132830001D6F400037FD4000132EA0008A6FE0002B2D800020BC4000139B1000D9AA90003E0CE00017C0B00030A6A0002652200040EE900012D62000414AE0001736D0001161200049B7F0002089B000399C70001C95000024000000269240000E97E000126A90001C76600011B3C00013C080003A2CB00123D55000405FE0001CD61000204010012045E0002C15D0001D625000420F2000180BC000319420003839F000B8FC5000980D0000160BB0001D6F700029AE000104688000458180000FBF300023E620002AFF10004EC56000690FF0000BFB20001B88D00014BA400027E680009361F000152FE00048B6E00012E600001A8960000FF4B00081816000A49030001F89A0002015E000182BB00024C6A00020F7E0001FE090000F42F00010C3C0000FEE60001A6BE000F37990001F80E000170230000E0E200018A5F00032AEF00015DDC0003289B00020CF70001B7A80002F9C200014A2C0001AF0E00022DFB000690830001D4710001B5B2000424110003A13E0001FABE0002E67F0001DEF000066819000178D30001097B00047D67000197690002DBD700015FF60010EB840007CF4D000F2C4D0001D537000135CC000303960001BED40004218A0001DAB8000879970001BEE30002DFAC0003F66C000314910000E1860002E1B5000B5735000A30EC00069CF600012FB40002104C0003E3920001A6A100017A8000013B530001700700020DD800049BDA0001A3910006983A0002E6390002402C0009DCDC0010901D00017BB6000721C900030B0E0003385100041B8C0001BE3A0001028C000A09BB00049DA100017DC90003664100047A480001F1420000AD340000F46A0002AB2700015747000B01210007B33F000163A300014E710001569D000D5911000963CB00026DC30001AF5C00013C2500042C48000469760001D3520008BA17000224B900014CC90008AE220002411E0001CCC8000F6DCD0008A9B200014FA5000185BB00112D90000870490002E6CB00062B7E0004DDBB000845080004471A0003F7170002187E0001E53C000107FD0000FBBF000BDB83000137C50010AB1C0002AFD60003569200032AFD00029F12000114900004967F0004DF96000398550001F4190001E44D0003293B000300B80009042D0001CB3A0002701A00081DF6000148F6000D84FB000421F30004337400009FED0002FC230001EE9700019E980003479800010FB10000D6010008B2120002425D0001A0940001275F0001266500011C990004208100038002000314FE0001D38F00010F1D0001E8D00010A38700053EA600025F460001506100078DE000033626000300A20001A13C000128F100012B5A0001CC1B000239B90001D9F8000415260000DFBF000278770000BFD30001F6EE000322710002244F000197510001873D000166BC00019F2E0000E8860002A5150001D5DD00038EF60002189300014C7E000129A70009BA3E0004AF9F0005075F00023575000115110002121A0002199B001117BB000121430000FC1800018A5D0001871A00016BBA0001F96C00013EFD00020D40000551570010D9E500013D400002FDBB000869E50000D0A000018CD5000340C800020C2300034B030002FC290002ABDD0004912900010D6000011BD30001367400027D5300037C2A0010EFBF00017C280001EED90000F13F0005135600056854000C81350003606E000AC8410001EAED00011C8D0001001E0001451A000192CE0002430100026455000A6FC80000E2500007157E0010115C0003341C0000EDC20002AED20002AB4F00032B4F0001EEB4000195E70003993F000109820002BD1400018F240000EA010006AEF90003BBED000181E10002B97900030D4E00017E7E0002B9D40010E0BE00029CFB0003760900106AE70001EFD0000285FE0001C9F200010D800002C746000297EE0001C65400032F8F0001544A00014B1500018744000A72D70001DFCE00011EC6000162AA00056EBF0001861A000217670002C83E0004EAAD000241E8000214A7000234270005EFED001135860001234E000194F00004ADCD0002767C000C79850002E79C000366C60007C5820001CBAF0003BBDC0001656A00010FAF00031A3C00051F8F00010205000107EB0003C5A30001218C000331840001512D00031E680003517E00010C3C0001CD4600012B6100024F400001F8F60000F4370001F29F0004DDC200085E5200029B34000BC46200020FC2000205B60002A84D0003872D0004A20D000159C2000F5DA9000199AF000144840001E02E00024BDE000A3F3200081A9000013B800002B75200047EC10001B68E000111B9000355CB0006C78700035D4C0001891F00025C9D0004692A000148B6000157A2000D118D000156830002E40C0001A506000C8754000818CB0000F8310002774B0003835D000129D40001C048000100AE000121D80000EF460002D7CC000137910000BF67000252BA000287A900011E8700102CD60000FD7E00025DFB0002DCB70002171C0002312D000A8C9700012A560000BF8C0004C37A0001250E0000CBD800019D29000261410002B35A00073F560001F0760001D08F0000F02C0001E6FD0001C33A0000EF7100034D0D0001AF8F0001B89D000126D70004CC1B0006C70E00033D190001212F000D005F000249170002FD6C0003795E0001F9B1000193B900012644000D59090004C1DC0001550E0001CB2C0003CC9700012FE10003A9600010CFDF000320D30001BDB600044AED0002592D00050A420000FB250001C7FF001108B70001E20E0001DC9400013B720000E8FD00021D5100071D040001562D000793C4000658010001111300016BFC000F6DEA0000EB5F0002A8A00000C376001101AF0000C2860003C9D60001D4F5000D59400008F5F50001CE9C000348460007FF490002D41A000579F20001500D00026D3B0007C0CD0007498C000AAFF00010D4640001733D000D4F820002A444000264690002D2340001D50F000670FE0010D87C0001387600073F4C000255E800023D5F00027C2200018C4F0001C73E0003417B000167150001B97900014D090002CAD10001A1700001F96E000437AF00056B080002EB450001183E0000A3DC0001830B0001BF9B000103F600033C4A0001B17D000482D20002223200014FA5000BE9A600035D8900024C900000E78F00021B7100028062000409F100049E040002002F00018AEB00013FCD00035985000260C900019B1E0004977B000140350001BDF60002E0F900017987000CEC6E000190C20001E5D50000EFED0005CCA600037BF200016DCF00012CD00009011800012FD70002A0400001A5260001CC8E00111B4F0004C4C1000328C100014FCE000308CD0001A60A000199760001EE1D000F13EF000599B400087EF3000990DF0004F51800010CE50004A8DF000AC89D00013C430001761E00015D7D00045212000261850002DBBF0001A17300025EE10001B62F00088B1D00027B0200013AFA00021CF7000292AC000293FC000153F7000486630003AA53000228E70002469100109AEB0005B9DC0001B6EB000A4643000189D2000244FD0001A83E00058B960003B0740001CA1600022FC20001CE870011269E00026652000238DA00099EF600027B230001F0880006CC6A00086B330007075D0002D37B0001B3C50004AE9300022C4E0005B1E6000C216A0007A2F500025CB9000703040004DE660002B19D00017AC40001A17B000639A1000174B50001CEA900010D4E0002405A00054C2900015A09000209CB00015D42000249070003530A0001E874000180D70001E8EF0001EDE700017C9E0000D67700011C1900065A6F00013E3200011FDF0001439F00013D1F000080D30003159700027CA80004B201000147E3000CAAF10000B19E0000DFDC0003EE92000134DA000380090003187C0001B42B00047D6600036E6400017AB20002030300014638000188F00002615E000142350002463A0001BA580000F6460004828E0000D973000524E3000226160001795A0005A33200014C330003637A000140BB00019C650003166B000124C60001618D0001087F000484E400044A360000D76B0001D4DD00017A240001D82A000218A900012D3B0000EE910001BE010002D5900001C04C0000DF31001019AB0003D9B90001F7C80004B7BD00021DD0000296F600019E730000EFD7000291F600010E5E000250DB0001358C0001E59D0001ECC400011EAB000369A60001C5B80001AFC00000FF8C00025DF00000FC53000548D60003A79B000111410007D5870001602E000307A7000772DD00050DA5000270270001E73D000154B5000374E60000D55900035C5B00034115000FFBDE000215CD00021ADF0001386B0002B4180002D2C10009A68D00027104000152910000E45700026A4B000202C10001F49900018BD80001A41600011E3100067890000123890001BA8B0001BFBE0011B32E00014414000291D80007799400107EA8000197DC00042DAF0001B2BD00022A810001785700041AAE0002781B0001899A0000C011000296CB000190EF0003386E0002397B00065B870001E17A00011B710001A17700018A1F0000F8B5000237570005B31D0000E3200000EBDE0003951E0005108C000170130000E43700012CD900010A0E00014740000237160008EF2E00058D2000112147000256DD000287370001C9D0000899C1000291950003AC900002BA2000010B53000183EE0007BE9A0001E90600027BF40001AA6C0002FB73000131B0000C939C0004995600055DF200042AA40009C79C0001D69F001119C10001F57F00023B720002D70000012783000105D7000140A400010C620001921C00029FE300020348000114B2000588AB0002596B000111C80004D5EF00110ABB000237F8000221FE0005886A00015E7D0002423D0002C6310001A4EA0000F012000186FB000090AA000233680000F01F000474800004B0D60000EFDE0002B0E100014EB0000158F700026D9100027DE600026D7A00051BF500015D580011238E0004EC35000310A40008439A0004886C000188370001D5DB0001B7900001B87900021F9C00070FBE000238AF000F72BF0001133200031B2900045E930002FC450005E8C600042FE50002DFA50001424400022D110001775200071EE600048C5800018AD100020733000158CB00012A16000166E90000C2E10007E27E00016C7F0000CF0D00029A0B00018FC5000966180001A96E0001D3010002469C000114570002BB82000210CD0002D20100016ABB0000F099000448E400011A0500115C20000224A90002196C00037FCB0001D25A00011F96000E89E7000367A000018CC6000475680002B8AB0000CFC700012F33000183D8000152280002F00A00032C030000F9D0000180D9000800AB00012C4D0005A6B40001A19C00055150000115280001BF370002200100035FAB000359DB0009BF1C0011928B000496A6000533940001477B00042A67000439CD00021AE700015C0400013A53000C21710002C2500001729B0001CF780001909E0001397F0000DBBE0009031800026CAF0001EA990002009000049C920001E8320000F7910001E1480000DBDC0001D92E000216EE00014C5B00025E6C000163A80000FE1300019B910002D65C00098D5100031C7A000114EC0001B0E20000D6F100048164000123AF000122510000FBAB000587BE00060B1A00014C770001D0C20001B91D00050A48000385FB0001729A0005FAB6000113A40001F35500015D490005B00A0009AFA2000D55A20001AC920001BFA2000224D40003E8180001FA220000E126000220C800116C8F0000CE8A00013F5F000272E60004578B0001A52C0010FA37000117CD0001A38D000371E600096A6C000A5F760001FFE20001C852001189E600072B920001FF9D0005685D00106A8E0001840300049B770003A18C0001BA9A000165EE0011CF5B00037A9E000220440000D8DB00041D240002B23A0000B9FA0001BCD90005A4340001873500024CA3000115810003FB06000148F10001417E0005102D00013BA200027EC40001626F00022E63000409970001F85000109C840001B3AF0002746300026987000C72D60007822300022B9F0006068D0001409500044393000292890001708E0003068B0000C3BA0003B78100030365000367D000019CB70000F1AD00079E7A00020F42000484BE0001E8A50009DCFD0002702A000987CF0000FA2B0000D67D00020B0B000159160005DFE800039C7F0003F4E30002CFFA0001B09000054DE10001CE210000D01400037B3D0001085100017F6900011D51000709130002E85B000973C8000179EC000178190001185C0000EC470007CCFF000499B4000C468B0001EB8F00030051000143EB0003289D001145560002F9E0000296DA00017324001143EC00041FD3000195270001FDC3000125F80001FEB4000141BC0003AA020010C9C60002A3B800027F1C0001058B00018609000100F60001985000033C040000FBD8000198EE0001292A00017D250001DFC30002A466000DE75900013E090007CB8E00051C2D000199E800024E45000206C100040E3500017AD60000F3D6000F61D2000AE894000184BB00025FC3000169A10006757D00027C91000768120004A59A000569F70003421A0002100A00023B14000171160002FD71000103DF000301A90000CE1500012DCF0006BF9E0003F2C600012CC3000355510002FBAF0000CECF0000D764000568C10004648E00018F260001E5E00000A3AB00074981000232180000CA5A0001AEAC00010197000179040000BEB400060D3900033C790000EEED0001CB0E00019D69000208BC0001B41100023B630003088B00013CE500014C9D0001CCF70001ABFF00019CF500033BFB000130120000ED95,5120
41,0020001000,5,0000FB950006BD71000321B50000DE1F00056327000417B10001BBC7000A422D0006D82200028FC10001C3D30001B6380002B0F500025CB5000299A8000194D10001EC6000051D1F0001540A000333960000CEE20004ADB800035A7000148881000143380000E4C10000C11E0001FA97000186510005D6E50001A0A600037C3A0001FE3F0002690A00037E910006ECC50002410F0001E55F0002DC0900032CBD0006D21A000450C700038FA8000B17B000063F050002E64D0001DB580002F19300017B2E0001750B0000F5CD0002BA46000179EE000450D10007BA7A0000C0090001F39A000244410002546C000168440001790D000C9D6F000276D50001B6CC0001D2400001453300022B940004A9800001DD300001F3BF00022EA900048CDD0002860800014B680000E03C0001B95D0002AD9B0013C90A0001707D0000D15C00025590000552DE0001A1B40002724E000324EA00028B1800040283000212220002AFD60002E17000010C2F000477F700031E7F000444C70000B05000066ADF0001F2FA0001EBF500036C490000E1730002C42D000266BA000176C00002D0450001C6690012F4A90003B09F0000AF74000157AD0000FA8F0006F93D000104DD0001911B000140C70000F88E000256440002DF3D000818A90001677C00014E560002728E0002353C0002E21E00014FA60000E03300038BFC0001ED490001DD3D00010E9C000291CF0001B6700002A7AB0001406A0001E0910008362100015018000797D10000AE3100029B25000188F30001FB890002F2880001D3AB0003309A0001F9F00003D966000379B400011A690000D9BB0002036A000134ED00009CE100010A770000D548000882EE0001C00C00024173000208D00001677B000444AD0001B53B0001C9DA000207DA00024B48000213F700012DB300071EE70000E09B00009AA60001EDCE00014F4000012003000139AB000154E10001F7A200030D0A0001F2BA0013A2710003737600023C330002C1330003063F000203D9000117B30006DD5400014C560000FABF000171020000DBD700010F830002CC5C0005F5B0000616FA0000BD710008D573000A69D3000A7CB000013BCE00010432000481E20001132B000178E70001BFD300015BE100024DF30004B0EB00019C3F0006A31F000C02F00002782E0000DE33000142E10000EA770003113C0006F7A200058CA10006EE350001B8760006E7930007F5C10001A776000D64A700009FE30001DC2A0001AB50000EA0200000F99B000105AA00011C6400051A1E0001F27A0004353D000132F60003CEAF000105A800032EF800039053000224040000CAF80001B9AF0001797D0004113000012087000143BF00031E560003562F0001267C0001DE920001CC0A00125A31000245FA000298860000CA5E00014DBE00036FE50002182E000488D20002807700010F2000013A000001C41F0000F31A0006AD9B0007207200033B4300018B910000FE0D0000E455000436A30002B4040001C8B90008077700009EF90001436A00046AB60004E8D100023AC000039085000135370001D6A90001AC370001F6780001EFBB0003EB5500014043000412970001665C0007FFE200025A6B0001EC450000ECB10001EDAE0001D30A0000E63200022E8400013D990001DC5C0011F65900014B250002DCFF000214590013F9990001D580000883790001A14C0003CAD3000264A2000261AB0002F043001246DC0002EF4800084F75000184220001546E0005C99500026B7E0001972700014B0E0001D6970001C8170001C9D200066D99000410570011377C000119220012DD9E0001F0E500033171000627970002801C0000E1A800026D8D0007B0BB0003CB0B000111170001288700076127001374D40002966E00024DD70002A0610002050400010E9F0013C2FF0001E16800018460000148FD00018FA600013F2B0002387300010DEC0003B11B0000EEBD0001C11B0001198A0000D5A8000138E90001D9BF0000EB7900106D750000A005000227940001BD13000186220002342D0001349C00052D6E0001767300016E1F0009419B0000CF3600032AB6000242DB00102E710000DE8D0000F90600019F3D000162B300046ABA00016F6300027EE50011281500062135000120AB00028BDE0001CF6C0003BE1C00017DC5000285930001067D000106BF0001FE86000114650002D92C000118EA0004B881000315B70002233F0000C1C10004A5CD000184030000EFF90001C38F00017C5900011F3B0001A2400001ECD80002058F0000FD83000296C00000E5330004204A0007AFE30003DEE20007A2B100025E7D0002C2FE0001AFD50000DF8800015FAC0007E38D000389790004068E00019D2C0002B69B0001E84D000144F5000B06340002E6BC000A27AF0001B4A9000417BB0001B0BA000113530001A4A100032A450000F72E0013D4DD000275A2000240DD0001A626001362FB00026DDF000174DD000746FD0001181500024E7F0007448C0001498800061EDA0001D376000135FB00014C7300055D210000D2A30000EE420001DAB10001B28D00015D3F000148D70001BBDD0013369E000220880003BBB1000358550000CCA500081BE10001DDE40000EF970010AED00007617D0009BF970000D5D00001A9F000019A230007FBF200018049000213ED0002044000020AAF00018D0E00014EAF0000B2CE000247660001BFE700115B510002DB580005F13C00017D0100018DED0001FAB9000143E20001275F00017AAC0000F555000210340001E6030002DC540000A0B1001131F50000F20C000FE3E9000159EE0001B4730000FA2D000254480002149700036A9D0001A97600015A9C00025BA800053E610000EEE00004A0310001B2040003C19300015E730001D19A0000C01E0000E6E50000CED30002BE890000B6FC000743E400039F0A0005641B0001267C00023B2D00034D8C0000D37C0005C5A80000B0C7000116E7000778D90002043B0002EAFA00038E620001F6630001DA060000BE5D0001CD48000361E400011DBD000196C10000F727000198880002FCB60005104C0000BFAA0004FA1A0005E4790000D4F200021B6E0001B3D500045851000F1FA100014481000554BF00029B7200018353000250D70000FE6F0004ADFB0000EED7000181FF0001DF3B0001288A0001EEA80001F44F00015A83000714390003F65700024858000149E1000167F2000329A30002BEA200018AC70004E71C0001E40C0004B4C00000F43F0001A29600019AE30006920D00024FDD0006CBEC0001CCB80000F2D30001DC7E0001447B00026B1F0005EC9C0000B8190004ADF600012AF600016D4D00097E77000230F50001684A00015D1600018216000605080003564B0002515F0005C63A00013A590002C2DB000163FA0000CDC70002833C0000EEA000014B57000194FA0001A7A0000277490003ECFF0013D12B0001E5660002AA6C0001137800141EC100027D410003662F0001950C0000C0990002645E0001101400018D050000D0A30002275300057BC30001574C00014807000488F500032DDC00030905000342A4000244CF0000FEBF000443DB0001B2E50001E92C0002093E00014714000C5AA10001232F0001044F000305E600015D4300038C01000197120002513B000218B20000E28C0001AC610001AF8B000D461B00034EBF00014BDD00012289000124910001BE4D000137C8000191CE0003015E0007248000012FAF0000BBF10004A6DF0009D79500039FF900033BC5000114D30001832B000148D70001D05100016684000190B400015BD80003386D0004361900049B190003E3B00001D5CC0013BA290001197A0000EE5B000175C1000ED58D0001D8ED000266C400012EA3001429E7000244ED000297430001019800014D0A000178B70000FDF70001E7E00001A7390004D4260001FD9F0001E6C50001F29D0002558600015E120006A14C0000D02400013EA7000FA6F80006525D00014BAF0001ACDF0001DC8D0001B92000016A780001ECF9000404130001C26D0001B03A0000D3C50002D5A400067D7F00116FC100029FE1000160DD00059C07000706AF00027F4B0005C4F8000109D0000283710000D3C10001C5DE00015BA50013C021000780890000AAC0000361BA0013FD4B00012C8F000151DF00074008000145FF000132840001800E00018A930002E85B0002E36C00041BA10010206500029369000131F50005CE4F0006E1C50002112E0001C16D0006EBC30000D05700095DBD0006D99E000133080002CEF3000122DB0002853200023317000466A10004A06F0008B32800013431000189C000035F9B00048BFC0004FC5500018D170013521B00078A01000103E10006D1E10005524F0001E0FE00023913000396180001537B0001506000026DC30001229C0001ACBD0001EE990001314B0007622E0001838300012D7B0001DE830007308500050CDC0001B6600001E36100011BC4000101370000FC050002F75900055AFA00014171000155E400022FCF000361E90001016C00011DB70001BCF90003B693000252B40005F68500033E650001E0330002773800021D6C000192E30002461D00016DC900028F2C0004C4410002D7090002066A0004A3EB0001F34E000212AB00018DB30000D7250001A6570001098E00013ACB000180410002849E00044365000142A50000F25C0001A79700032E660009113E00018ECF000BABF70006616100013B9400033F4E0002CC550000F566000213D40008D3340001E5C9000147D500020F380004E1AA0001409100009FEF0000E18D0002B13F0000C763000237290002BF8900010EA6000145FD00026B620004754D0001FA8B0001863B000241D500011778000146AB0001CEE200056BAC0002A9F700030B4F000168B9000696C400017E170002BF620005FFC60005130B000134AB0003364800009D0100055E49000218AF000185840000F8EB000100D5000766610001410000012CF000065D270000F3050000F71F0000D52B00015F6300024BB100015B5A000171180001EC3400016C0300017D5B0001818E0003A36800046ADC0004BCDB00022D5D00020C89000111B6000190790001EEFD00064F6F000289F70000CE940004CC660001D7D30001010B000100A70001A2B70001691A0001E7210001034A0002E9F700016B6E0013CF7E000155A70002B9140001AC6B0000C04F000149250002DBCD000139D1000176A00002EAD4000173D5000309890000F8D700028D500000FA6D0013124E00036C4B000209C10002FA5B000175C70000CEC40000AD650001630C00011AEF00012F2800051181000141C50007EA0200012D460002D8110001E0130000BFBB000167E70000BFD40001B6070001720400018C7F0001748400046860000199E100080F3F000193C10001257C0000B70D00011D0B0001BFFF00010126000610870003C15F00018FEA0000F1310002518A0011EAF30006930B00016B8900032E61000750FA00066F7900065EF80000FE450009E14800012A9A00014C110006D9A7000256430000B04600011FF00000EA3400028AF200019AEF0001026300008FF1000E919D00014BCF0005E3F900047D190009554500026905000184C000017F860001D6F1000182300000B8870000FE71000167C10000BF2200017BB500074710000B99F90001F08100022BF30001D80B000362D90000B0790001EE370002E76900027B3400016B9D0005242300010FDA000C175A00033A290001EE4F0002EC05000250D40003363D0007BCA5000274BD00018055000595C20001000300031319000298DD0004EB1D0000BEFF00015B660004446300023200000327A0000175F70011955B00023F9600021F35000191BE0001CD4E00016FEC0000D4450002E0730001A7A50000E01A0000E5BD00012266000F7B3800012359000108700001D33700019BB000015C3A000160630000C0330002616F000449CC000561A4000161400013A3F30000CFC9000188250000BF990002080F0000F1520005D0C70001FE1C00011BC2000272070001CB6B0000FEF2000251240001042000055EE800015ED4001203700002B3BE0000E29D0000D95E0001168500010C0A0002C22900086CA3000173550002A0500001DC100001ABCA0001849B0001CD5D0000AF4F0001883A000252120003ADF100047CD20001A95500126E160010C93100046CB70001E258000209AE00025B6600028545000144E0001392380001530400137F8E000114B0000322CC0005B9710001EB93000413F00000AFA10001EF33000100EA0001281B00036B84000120CA00015C1600094765000327E80000C0DA0003D5860001A03500040E51000125FE000459BD0003B52F0004C7E10000CF710002FF6100013435000E9C82000285A10000CE68000165B70013129200068EAA00127DEB00043553000FA0030000DF510004A655000162A60003FDD20001962D00026E4A000157FA000246C50002DF1F000104F30001495A0000B3F200013854000499B70001A829000121EA0001D757000400190000FEBF0000CB3900045ACA00054CF00002CE7D0001915B0001936C0002ABE00006218B0001BFDB0001E2AF000383670002E7770000E9D3000096370003BDF70004834C0006C4D10000CEA90001C0E10000F6CB000118D0000893FE000362050001768A00012B660003931200044B2600013EC3000247AB00016C86000157EA000173E40000BFFB000130F20002BFD800027F210002D64B0000B0750006160C00017D17001393CC00011CA10002D16C0000D1710001B9DF0000A02500010FF800015BAA000214670001D9A200018BB1000241760002100F000134540002797E0002CF9A0001CB4C000572AA0003C9070000D3900012B39100019BFC0001AE0D0002F0140002BEE000023A100000A01F0000C19F0008AFF8000240BC0002BD390001E3E100014C0B000111BD00087B3E000248D00002ACB60001524F00121E13000127A1000199AE0000D4E1000A78B5000180CB0002FE190002697C0001D0DB0003446B0002778D00010498000D7EE50004791F000176F30002CE430000DDA30002BE520000DFF10001787F0001D84B0002B601000BE54B0002661700049C680001AEDC0008E603000108CF0003EDA9000116F200029EC10001F5890002F92B,5120
42,0020001000,5,0003B715000176D400044DB7000188E3000268AF001481650004527A00042DD70003CF6300036F880002BFB50002CCE1000265F1000161570000CBA20001BA99000174A80000E4A70001FFF000013E40000229110001B43B000119DC0001BD530000E81A000378090000E523000294EF0003C92E00141D72000142FE00031C370006AF4900119247000116D70001B62100015D3A000FA29400028F350002F94900037DD90003044D00015264000111ED0004B5A2000182A10000EF8C00018F350001546B0000BA850001617300020CE5000495B0000310EF00084A2A0001F9050001E2070002F1510001776B00117EDD00017B02000296EE000235ED00036AC70003B8FC000137B70003E34900021D5E000226CC00036A6F0000BFFF000689AA00017C750001650100036189000246C70002E56300149D43000090000005239E00053BDA00028FF50002AF18001516C50000D430000255B200090F580003AC41000168C1000115FD0003132900040CED0005589500033E620002953F0015217D000138B50001309B0001F18C000255120001C624000DAB170001193F000E67130002D9EB00143F53000101E500016BC20001C9220001892C000486AC0001F6A8000168D60001E9560003BB310002B92500019B100001E6C1000136930004CE5400030299000186F70002ADF500041FA2000206E30004733C0001416B0002E81300074A68000123600001A18F000199B70002548600119D080002803A0001B1E30002EFE400130256000205880000C8760001A5000001E06D000252F8000130640002C497001427920001101200016FFB0003147D001383B40002852600012D30000223E9000B4E7F00024874000276B3000137C100066BEC00013C2400011DEF0003AE4800018AF2000144FB0002D0350003537900033E4B000211FF0002B71E0003899B00018F7A0002597400013BD50001EC3D00026590000153AF000D9B82000105170000AE7400034FA00000D2FF0001F8B00001D1D6000162830003101F00017008000195ED0001181A00055CB300018E0D0002399C00037ADB0003F0910001477F00024C640000FABA000272AC0002F6B100049236000169EB0002ABFC000128B700037D0500019D540002F24F0002F04500012D3B00015F1C00020CB800032BF5001425EE0000E78500044C390003201200038ACB000126320000ED95000243C900022D2500015BBD0002B3F5000291590002693B0000ED2D000200480006D4B00011AD6B0003C17A0001B8220001F55100013A590003C76C00024E3A0000B37F0005E8500001070200027990000459F80001421A00013A3600017485000139CD00014DB70000F7510007CF17000186660002B8EB000157B000012797000149F80003699F0000B0090005EA6600011A810000DFDD000357150001DEC20001FD5E0002CFDA00014C41000A77A300023E1300015FB700026AB10001F8D000015D81000266C500022A480001FA160001394C00026C940001C55B00022CF1000737860002976B0002C3F800025A880000F7120009D644000324C400074C8500035F16000103510000B4C100021919000141A60000F029000329920002F218000704510001B58D0002AB500001370A0001B6340000CFFC0005D8CA0004CB3800058D1B000236040002455100021FD900032EA6000121E00000B786000286CB00020BEB00142ABA0001C9360001ADC60001CCFE000106F400011FF3000143D300014CBC00010C320003D6C30004863900045EC40000F119000210860009163B0001D9690002164B00077E230002B0B10001D72F00148B420000DDD5000338B6000324590002EE4D00016EDA00033B3D00072281000407D00000EE7800011ACF0008CF68001419CC00024439000442DC000612BD00146CF80000FBC000021F3000023BCC0001CC3A000126E00000BF49000283A700028E060003322C0000D59700046FD60002458B0001F7C50001CA6D0004CEF80001CCFF000452E700021B0A0000F3D2000E894A0002D05D0002A5C80000EEA20005447F000225490003056100029BF700140384000290E60007B6AB0001E9B90001A6190005F63D0000EA3E000347EA000670700000F1520002C3DD0000F6CB0001591A000186D30001794200012BAD00141E9F0002880500047A2C0003A2A50002C02F0002295700019A170001C733000195C4000113010001817400010E5900047CDC000595270001B6140005A28F0002726E00023EB50000DA1D000140E50000DAF50001A525000228EE00016B4000038EAF0006986A00015AF90008F1080001F41A0001DEDB00033F860000D6E80002607100021C9B000286D7000118180001B4C90003875B0001BA6F0001CFE200039AEE000211620001A77800017E3E00025DD700015A05000276010001CFDD0013F9F4000847730001E813000281170002A4C30001CDFD0000F7230002B61F0001143000033E3E0001AA46000139E2001274B70001449E0001079D000155EA00014E920000E4BE000BA1500001184D000568570004C44B00020A9900010B550001B65700010AA30005437500015A860001E8610001566B000343A300020E2B00018ACB0000AFF600015AEA00012A360003FCCF0000FB2E00016F4F00066200000167E10008E0EE0002945B0000EADC000F445F0002375300011F0700049E2000048A9E0001536B0001B5DF0008784700084FCD00027C700003976A0000C4010001AE95000277BF0001F1890002DABA0002081B000529FE00021ACE00016A0B00019E990000FDEE000331D10001400D0001F12D000170C300011593000151B40003665600015BF8000112890002DB58000172120001B1B40001150000012F6C0001416100018AC30001D80A0000E2C30003EC830000F071000EC98F0005DF080003014D0000D6040001F3B9000195430001175E0000F009000121CD00051A1A000110D8000194D300028A780001689E0002F5D00000F03F0002336A0002428B0002C8A20002A0220002A535000353F40009B5880001F1020001D1430001E80B000179870001D1120001AEB500011B690000B15A00037CB4000130840000AE45000519430001E53C0006BDC500011C5D0003ACF700020A6F000865F70001BA310002B879000257FC000294FA00039CCE0002319400034F0B000D231600013AE70002C4DB0000CFDC0002F9F7000153250003095A00023E6B000213B50000D6140013DF4D0005144300029D9D0000FC2A0001CC04000319FC000178630000EDCA0013C4210006E2540004BC5D0003D9310001E7090000F2D20001609F0003A46E0001EC610003D51D0001ABE1000622A200020208000197F60004CC2800012A4B0013B8FF0002BF770001D1FB00024D820002A0A400059EF9000199D40002276A0013C8CC0000B02400043A17000268A40001B22900055B3A0000F6230001C0F8000211560001B7C20001D00C0001127D0002235600024A120001D8BE0002D8640003F5170002FB8400055F6F000301B5000398C60001EC27000333A300013DB100032CB10001F4130002E9B50004F32A0002357B0001F0F40002EC1E0007EE2F00042CA5000101A90001CBB0000673C6000252B20001BE0400031CC3000137470013762F0002C72F000188270004372F0003BAB00005EA3E000274650002CD700000F7270001A15200010BD900011443000F50B700061DC30002E0920001F9AD00016A51000227470001449B0003068100030C5E0000B5DE00016FC50007EFEF00037FE900015AC70001CAF30001EC290001DC630004D2140000BFB50001F3E000014DF1000772940000C25F0001B9940002492900026EB6000557D000038255000287AA0001CC180001A3C80001A292000273C9000374230001964B0000FD9D00019D250001CA9D000302C100012A9800014E0D00011F2C00047C9B000521EF0001A7A90002081B0001AD6D000117B60000DD63000113730000C0AE0006BA150001E09100019A330001C8840005FF930001D7FB0005E0EE00029274000144A500046A3F00018165000368BF00015B1E00023F14000128650002269D00012C210002BF17000176010007EDFD0001ECAE0008578400033A4F00019E560000F56A001363DF00022F39001073BD0004A6450001854900020BB00000D5E2000320100009C85E00033EC50004A7C70005B4310001A0B90000FD8B0001D1360001EAD200013DE3000233030003806500022DBA0001E831000246FE0004CCEF0003C36F000352AE0008180600016C1E0001D7DF0000BED7000386140002409A00015256000287270001D23C000245A30002A58E0005D53E00035A0500019C440004CCC30004471D0005861E0001D6A50002D84D001481470001D5850002E00B0001116B00014A8D0007228E000144F300018E170002256E0001A4A10000FBE40006082F001248B9000139880000AFF70003A3800002FB2B0001D6390002377B0000B2E600019B5E00038342000594430000FF280000E8F10002731E0002501E0002678900019ED60001B3CC00029DFF000135830000EB750001EF18000275A500018FF5000A113B00033B4900017C15000399950005D2390001DA5B0002E9AE000709CE000144B10003280B000AB56B000151B1000436740002A2C9000197410004AEDF000154AA00018C4D000421490000F571000119F30002ACF80003A2670001117900062383000142E50003E745000155C9000430CB0001797C000639AE00083AE3001292BE00048808000135AC00029636000162C600019057000293750000900E00143939000207E000030F430000CC3C00038F9C0008C4620001C8330001B84B0001069400015F30000281370001FCE10001A9B3000286720001417C0000D23E0001711900016B98000239400001D0160000ED4000014E0D0001C6CE00010AFC000A17630004A7500002BC3E0000E0290008C224000733A90001D8D0000265C30001434B000631690001B95A000224D30001235100015FA70001620600040F1000010F79000253420001B8A10001934E000196730001348600046B9400091E4B0013D09C0001D5F900011BB60000EF580001302400013C7E00012D1200031CEF00104F5500059C2C0003FB5B000348DD0002414C0001F91400019DE200015273000204950003091900012D400001182B00030E0300093EDF00018F3E00089C1300053C1D000119D6000678C700014D1600149B0F0001612D000207980000DA060000FA190007612700025EF40008655F0000F5B7000208A600050B620001005300022FA20002C0E2000100FD0003857B0002F68F0000DF1D000614FB0000A0220001B46A00019FD60009D9990000B00600123649000319320001CD9A00019BBC000345DC00036AEB0009049B00010A010001A35A00013902000199A6000303560000D0540000D54A0014E16D0006011900017B72000186B100010496000277D500043D000000D6410001A3550002521400022D47000274D5000173D00003B3B800136D790000CAA7000321150005648F0001613B0001527400012D360001323600091CD10001C7EF0001A0D500025D85000170390002D2F900048AE800057EE50002F8D20006C22000026BC30001D4510002759300019573000335760001497F0001A3B60000D2350001840A0001FF520001010200029928000335A5000204500002CEEF0004DFDB000208AB000144D20003229E000463170001686A000176700001BDB30001FE6300011CB10002644200139BD900019069000135520002D8BF000262630001D60600015D460001EC7200047620000142840001CD64000175CB000D65770001A83B000103A20006801F000275B90002B18B00017D7900025A5A0010842400011DA9001081D100014F780001F920000272C400061D540000EF3400021B490001AB39000133BC00016C6D0002A3EF0004A75A00029CBE0008AF91000116A5000190BA0001A4070001689F0001E438000247AA0001B672000159420001A23B00020E280007F21800010DEB0014867B0003DD590008C1D30000DEE00013B02A0007951F000AEDAE0004D16B0001C88B00014F2100046B5600045ECF0001134F0000D4AD00016BEC000195880002F02900012C590004493D0000B2D80002CFC80001716A000394CC00018A190002A04D0001BAE200014017000237EA0003916D00033E96000182E300033CE00001414D00014E6200024BC600031D6E00013FD200015DAA00018F5F0002F37300023D2B0001CC0B00037B3400021EF3000135C1000121E40003EA8B0001C1A2001350CA0001A0290006381D0000AE6200014AB200008003000154050001E3CE0001AA5E0001964C00014D70000157460008377B0004D1AD0002CF04000223C1000406300005F052000180990002C01900140F120004B97E0002091D0000D7D900032FF60001DCBC0000FFEE0001602D0013E66F000182D40006708500019EFC00018EB10001C021000147300001886E00024D050006B4B700024CE70000EB510000E907000A4133000631AF0000FFB300010F8B000166360001596E00059FEA00043E9A0001307E000140A800035DEA000141BE00015581000179070002D0770004F0070004CAD3000336C10000D7ED000121AD00021DAF0003D5FC0004A3230004310B000126AF0001CDC300019F1C0001928D0001316D000156F000047D0B0005DC6A0001647400022B2500017122000193350002DF930000FB3B0002222F0000E44E00068DDF0002FFDE0000D5AB0000EDC90000DE1E000234C8000B13D40002380300018F4C00026E7F00021BFB0002154700075ECA00042F1D0001066D0012CA5E0003273100020A5F000A3B95000399E300014CCF00011C9B0003D8D50001691C00027573001394B900013CB90000B0180000AC1D0001987B0001BE0300022F010001933800038E430009B75100029BB50001F6EC000306A6000125B000013BC1000431110001798600021BA600019C4C00016E4D0000F8D5000159F9000226C700019B0700011F840000D0C500064DCF0001D3120005F4FF0000EF320006B5B70003497700034B060002725A0001F5DD0004A2AB000754E70001DDA10001F6C9000137650001437F000228680000F16C00021D1C000235310002296E00028A58000794D90001A20D,5120
43,0020001000,5,00013EFD000119190000F4230001EFE70000F48A00013CAB00027260000137890001463A00016FC00001C5160001A94D0001F9E50001474B00069F220003437200036EE200009E7D00018F32000110CB0000F167000100350000BF170001EEDD00014F1E000346390001CA190001021900019EA50001AC70000110520001A219000423C20013E82D0001018D0000EDB400020D8D0003F01000012FB80003B3F4000263EE0000FC5B0001C43000049FCB00022D75000800DB000262E000060859000206D00005BE60000226CA00089B2D000625F90000C67C000140E40003898300016B870000E8A50006625C0000FBEB00025BF9000101460001C1AB0000DB570001DD2D0001A18F0001475A000130C6000180650014542C0001D61900018DE00001FDB40000F06C0007FB570001A2190003C18C000197520002409F0001C3160001A29E00015544000133D30001B49E0002700500045EB6000208A10001CF80000272540001264200018A520005D82000023E6F00143B2B00019E8300049FA50007796E00029B5F0004E374000171C7000090F2000248050003E6C7000182B1000150080002CE550001411E0002005500011147000189E00005F46300012208000406900014074B0003220200025FBC00077B110001602800013AC40001886300015CAD000B594E0001B0B000039E0B0004017A0001F8B200010F050001B5F3000903CF0000EE9D0001DDEF0001F2B60000E4DF0005FC7C00044BBD000204A9000105CD0001BE4200017F5E0001B9050001654B0009B9950000D4F300026009000721090006934B000152A20001B67D0004F27B000261480000D01D000121720000D524000180E8000397D0000200DF0002B3B2000195660003FA370001E453000457F50000A7B20000D98F0004E8850000F07C000F54490003858700015BAC0007BF040003970500016FE100028D96000493CF0002A27400016CE1000160FB0002EDD50002C8DF0002A5960000B77B00017BF80001902F00024C8800013DA80002BBD90000FBAC00035EEF0001209E00013CCC0002513C0000BFEF000698850003000E0012F5E10002C21200014C52000350020014721B0001ABBF0003B2F70002097D0002DB7F00023608000262D3000AA1B30002A7E3000181FA0000EF8D00030E5200068B8A0000A8340001920700067D640001BDBA0001AA0C000185390000F341000222B80002386A000BC1B90002581B0008A6B00000FB730001737F0001A9670001A8D3000118EA0001B40D00011D300001997B00068EEB000401710001940D0001CA740001EB940001F7C6000261270000E57700063D040000E0A5000199D50002F6CE000262600003CACE000224E300015BDF0001ACF60001619F0002F82B0013E2720001BE6B0002E22800018E1200047D1C000299EF000359FD000718D2000189CD0007A20D000A69340003E8660001245900026CC40008632B000480B80001080D00013509000C23E70001708D00045985000251650007A8B700019140001438880000BFD50004DE280003C5A3000126BE000136690002484A0001E0E40001E8FF000355810004A185000529A60001655F0003D1C30001830600037336000195D600014FF6000106560001BA360002621F00046453000415530001381B000223FB00018E430000B0450001D72C0001A69C0001D49600038D440002F1CF00021A4D0000DEEF0007226B00024DCF0001CF780002586C00025EE50000EF9A0002DAAE0001D38400016CFE0001B0E90001780D0000DF6F000BBC2A000368B400013687000555030001002600037A470011B3A20003B2120001D6BA0001E02F0001575F0002BC12000206B500017E5000012E0F0007067C000121140002AA02000563A50003093C0003F1F7000262730002D01F0001E87A00025C1000012BC70003F8550004B9FA000185A9000621790000C016000508AA0000FDA5000143D20001591B0002C1050001E70D00035DD70001CFB6000139AE00084D6900014EBE0001EE200001C35200026A310007D72A00058963000136A30003608000017B98000F4B590001BC780000F6A50001D1A00001B6FF00011007000265E300028EB20001CA270001521200022A950005799D000298AE0000FFBD000D6E4800035CA90001D0F400027CA60001D172000779790001C4450001EEEF0004DA280000E67B000283980000BF190003460500010E4A0001BDC00001D3A80003D8650000FC290005FEEC00036AF900018560000616A300017DD50001957600046F3D00033E510003815400041E9700019F1E0001E8B300013DC100011EDD00033CAD000369DA0004FC7F0001D1590000F1C4000103A50004223F0000BDE9000108ED0002D2D900035B31000116E7000172A500015E48000105FC0001295F000138820001CDDA0000CEC5000102B800030F980000E73200015BA8000251EB0004425B000219480000B751000166FE000269E000036EB10001CC8F0003A206000D55630000FC510001404A00011DA20001730B0008600300030E820001FDF70000F6630001515F0002518100010AAE00010FE700013A3800034E910001DDDA0002B1A20001AA7A0001D0BF00012C3800053928000210DE0002144700010D3200038A0C0004A84F00032DF60000907300013EC90001589D0001CF6900013F8D0002A7F400010791000145FF0002FE0900013ED3000238780001EE3C0006D953000332AE0000DC4F000161A700034B8100015E29000244030005696C000202BD0001609C0002F3FE000179E60001800000020A9D000346B40000C15D000765D50001CA730004F9E60004802400085D0E0001DFFD0001BB760001AFBF0008878500062559000453C900017D1C0002C8790001A31D0001BA5E000219190000F6320002A0A80001BD1C0005A91B000292BE0001F57300019D36000245C000093713000141EF0000C1AD000F2F1D0001926D0002F39D0000B08000017582000268C9000264F90004838F0006FE870002110D0003FDA70000DF9400145E83000152BF0008DB20000440330001D066000762330002A8C600065DB9000217B6000201FA00016AE700019FCF0001C19E0001DAD3000180E000032C41000141DD0001113F000790B40005EB2D000189C8000A8A85000AB0B9000190F50010839F0000D91D00036AD40002A15B00090FAC0005A66400039ED30000FC370002A540000230B4000AAC010001A2510001DA2D0001887E0004C9BF0009A7DB000AD9870000F085000E29D90006073700045E3A0000C0070001AC4500021E1D0001F6160001C5970001EF570001BFD20000EEA4000190FD000F2B860007EA020001C11C0000E0C6000553AF00018F86000227D60005D17F0003B85800052ED3001434590001C07400036CB40000FB590001A5A700021F8A0003FD780006AA8E000CBC7B0004976F00025C870000A00900032ECB000149B10000D60F0001C8D8000C7B0400014CAF00038FB900013CCB00029ACB00015F1D00018F190001A16900026F7B00016DAB000C19D80002C39C0013DE610004FD090001EC30000161E600022B76000339C1000192610001E38F0002C8C30001EBDF0005F0E1000443630014A0AC0001B0BE0005D3E90002298E00014E1A0002B2CA0002F92F0002E9F900013AE30000C0870004105E0001DEAF00011BF70001248D000102900001B69600026D7B0002082100048B7D0001893C00017CE20002AAA00000CAB7000344D70000F3D30003981B000153F40001387D000375C30005A04F00074BD10008FCA00001D82C0007BF7B0001E6CC000850630003C807000233E40000DA75000101250003451900049B750001239D0005D8A0000240940003A2D90001CFE50001DE1200143B1600020C4B0000E04F0001A5AB000C98C200011CAC00079C1D0001D61D00026E6E0000F6FB00033E6E00017A3E0008DACC0003E33300084F34000B72360005883A0001E6E20003881000037E23000158C300016E0B0001EAE20007EFA000023FBA000F634B00092ACA0000CFFF0001473C0002BCEC0002F31D0002A524001255F40000ED770003507D0001CE3D001312E600038CAC0000F24F0001BF0D000240170001027100019325000182A000028513000274B700019BD30001CFFD00040BFF0001D8D5000831060002FD70000335BE000336FB000375CD0001131600016C1D00019D510001DEEA00015A700002A9B000019DFF0009B6820006C85D000561FA0000A21F000343330001328F00033B6F000153D30006966B000B03E4000161FC0001D8A400049F7F0001EBA000010B8C000214820001712B0001CADB000122A20002010A0003A331000197240004BF7500025BAE0000CFC50001311800016ABE0002B7B50001E6B50002723400017B40000355A70000E71C0000FC3C000367C400012A3400016BF90001C0060001BF750001D82C000348FD000127890001D7E70001815F000143D1000210CE000369B10001B29A0002E79F000399320002E89B000148370001494D0001FDEB00029D48000150CF000425B10006A68D00144A260001C5EF0001E3950001EA04000334050007EFB500022B5E0004AAC2001442E400014A8B00032BB4000336A700020E030009013900023607000110280001A2BE00051FC9000281F90009344F00077019000201E20004DB90000164E5000422FC000122510001FC3300025FE400044FF100049D2200057BCA0000F1C200026FE6000133C6000168EE00020ABB0002E75F0001E955000112FB0001445F000138CB0007F7630000E9A90000FE2C0013CB7500010EAE0001724C0001C65C0002C3E30002BD380003361900024AFD0001B4DE000171ED0000E5BB0002DA0B000B690F0004C8800003D296000155790002F03F0002BEAA0000E30F000472D80001B12F0001D42B00041DDD0001492900029A170004888C00028A330002FF5400028AFE000868300006E0690000CCC3000337B30001FF7900018A7F0005939A000256910001A6B80002B38700009A6E00014BA00000FAF10000EB430000F7590011BA130002ACB900051FBF00011C880004CBCE0002C1210003C0700001F2DF00017BA60002B2460001FD1300010F7E0006324F00027015000633A90002676B0003399100019BB300035E790002278E0001AEE40007DE7D0000E219000234DD00024492000257D50001D2A500020DAC0001F9E50001B8370004919D00068E3000013370000164E800035C5C0002446B00013374000192D8000162CE0001A71E00031FCA00010FD00003662A00010CB00002614D0001975A0009450F000336B200017DBA00052E3D0009125C0001291100018120000363130001C9DD0001096900015AFC0001A609000275A100023E9F0013ACA9000184B2000215020000FEB30001F13B000415AF0002ADF10007897700034557000138CB0000A28F0002A7F60001D0E10001C8B0000124D8000574C800011F890002213200040FBD00023792000B1095000167B00005A57D000190B500026E8900142B22000434440000C0010001DA9F0001170900031B2000020BFB0003C0F50002D002000160470000D8580000C1FB0000901E0004D7AF000846FE0013CB110000FF73000A6949000157020001A2560001E3730003DB840003AD3B0013B8C30008FB280001981F0001535F0001DA9E000238180002461200030B18000320560001026000020678000223A100016700000592AE000141EE0000DD390013BCC30003745500038C4F00033DB50001F42C000284DE0001EE5200018CBD000559350001519400020A97000163FE000231430001C4370001E117000102E8000893920002298200027D380003EC220011AA4700013F4300056BD200043014000167B80001619300026AB3000140E70001E7040002CBDA0001C10100010ED6000362DC0005801A00060B4C0001A8B00009F7490000BEA400024CD8000148F50001485F000333490002140A0002C06F00014DA90000F64600084BB20000DF7D0001C92A00055A110001BB31000114A3000D30AD00014C370003134900019F67000291C200015AA700013DE0000837F10013F023000160E700065D1C0001085E00012A28000424D900067270000260C50000DEE60000D7BE0002B4C700037AC70003F5C400019DBB0000BCC7000135A10014269B000764B00001B6F30002AC4A00036D870000AFF80005301400036EE60002AC0800014E300002F5DD0000DB98000E1A88000125CC00030E030001498F00028AA700013F200000F378000164E80001C8C50003B48C0004221000024F810003966E0001EEA80002698400015552000168440001A2620006C0740001027F00010F5A0000D88E000140B70000FD0E0001EE8600023D2F0000E6C30001CC720002D0660006121600028CE50007F2DF0002B95F0001294B000832F90004F31100032AA500017D87000B621900041CE4000316990001CBDA000240300002D39E00086EDD0001809700033FAD00010824000386810002A6CC0002124700011B57000270D90001427900014A92000931EB00011A5100015FF8000112010001BEDB00026014000751BB000128290003BE1B00027FD70001837100038089000983EC00034A260000F70200016E590002ADD7000630790001A47D00012CD80001623A000267290000D1060001543F0001D07A000161BA00056C850002C0CD0001DCF70007A26F0002026A000EF66F0001F38C0005178000026EE1000A6FF50000CF5B000373450000F08400014F58000428F5000103B70000F3B700025B9A0001FE8000010467000FE7840004E5E200019A800000A3A70001F7E100062C490001D4EF0005330A0000EF5700020FEB0002E5CA0006D7C70002C04C0002BB4B0001957E00013F0600013368000557760008A6DE0000D3250001FBAB00067D770003E6040004BD16000117F80002A18500058B0B0009B1C40000600B00011D510001020C0000C14E0002F1A3000174930001BF54000131FC000121A1000156260002440F0001E4AA0000CFD900012EBD0001C3D80013C8500006B17A00026489000193CF00021C1200024A000006CCE10000A78100017BE30001FB0700064DD10003D6130006594A000186640001509D0002D2F70013BB1300015AEA000114EC000104330001954A00030E9400062481,5120
44,0020001000,5,0001CCBF0013843C0006228C0003AF7C000277CE00022A47000121AA00014FDD0004F83E000102E800013067000312A90002FA46000355C80001770300031F2D0003AB0C00022D3B0001A340000891D000041357000174DE0005FF0000096AB6000607D4000160900002EE660003373D0001A29800053E4E0000FB4C00080EF30003AEAA000285210001BE870005C37F000A9FC00001BFF40001E45200036D090004DABA0001F089000165E70002DE6700013CC100080F09000591030001894900056B6B0012EEFD00030BC7000EBBD20001935C000200D90001BEE40005784C0001CACE0008E8A3000253330002015700028C250013D48700015F1A0003A02400032BF800010BB10000C387000EE4CC00016D7400058F1300027A7B00016A0F0002E3F200135BCC0004F22D0001CDA40000AC2C000264AE0001F3DC000C494600011C8600137D030001B61500012C570001064B00031412000869000004B5C30001AE7000133E150000C258000186A5000466AC00020B3B0000CEAB0001879E000351750001A4A100016A29000267AE00036C8E0009CEEA00010FFC0009039F0002122C00029C8200039839000A214100024C4A00055E930001A914000BDEB400013B380002A23400035524000112330003338F00013DF200010AB900056CC80000EF0200137BF20007635B0012D6690008CDD00001322200094119000148E80002381F000207A90000EDB40001C523000157530002363E0000BF9D000165050003251F0001FBA300031964000DE2960001C7DC000411CF0002F8C200053B030003220800025770000A31E600014FE10001D72500020EFD0001863800033D720006DD1500133341000152F9000483E80001628F0001ED7B000363F90001424600029B86000171CF0001A6900003824B00014AC9000155100000F14C00040A3000021AB90002E82000017062000945A9000104FB00031D380000D2A8000716D8000243910000DE67000139D1000C4ED90002CE5B000BB00D0005788000044D300001A2ED0013071C00016FA400016E400003207500034227000120E80004A46B0005DBCA000246FC0000F7A10001969E00013554000152F8000143C30001EDE70001BFA60001C16E0006AB3100020F3A00038F9D0001D2CA000122D3000BA9110003EF8800130DE10001359C000354A100027D630002D3600000E43100016E750001780B001370460001B61B0003379E0008D82D00024A4D00048E4D0003553700040F2100136C600002F60D00044E6A0002A3C1000294EC000166F20003D45C0005997F000440B30001D94200044F2700019A7A000233BB0000F0350000EB6F000103300002DE1C000172A3000C0F6300034CDF0001DD8000079A860002587B000EF2170013496D00024773000127E00001F6C900026C42000987DD00048B8C0001683E000187AE0001A0D10001E22F000A0B6200044C8E0000F01800038F170001AEBB00134E79000181B800016BFC0008F8F10001DC4C0001B156000300E7000164FD000235000001675A0001F21F000837AA00011EA20002C41E00017FB6000B16780005148200012BB10000AFFD000146C400011C710001E297000241DF00015DAB000216D50002CFC800010C66000194FA00042EE7000108FF0000D42000020E6E00024CFB00047262000327F90004726F0000C0040002027B0001329C0001932B00027A5100033568000203130000FF9400022A0D000157060000AF7C0000FDB00000FC55000172500001D1520001AE94000B2327000116E700029C1C000950440003813F00014EE40000FA830001F3CE000152190001847F0002D53D0000AFD70000C1210000ED81000125EA0000CFC9000154830001DA970002FC490005FE7600013E2E000164470008226E0000EA360005931B0003921E000212A0000490C10002051E0000FEB7000DEF910001B4E800052B9F000336930001B3380003BBA70003534000009FFF0002B4C20002D887000264D70009D0210007191E0001520500030CAE00011A470001015600024B010002CCE10001AA74000A324F000134D2000282F10002232C001364450001510100018D5D0004332D00022C940001E6EE0000D53D00028B6B00026D6D0002B6000012CAF9000533B80001B46C0001D070000432DE00022A5D0002DDDD0000D1C70001262D0006F10C0001CA36001255710001CC310002F855000247E8000122180013C8820007D4DB000130000005804600137D480002D85000052B0B000204C200034CA7000148EF000179080001071200135618000153E300016641000C92360001D10C0000C644000121C600013ED20001F9270002A9DC00012F3400014DD1000246E5000130A900014E9F00017D77000226CA0002FADB00026701000239CA0003F4F5000862570002CBC700019C880010D3C20005AC6B0001A453000167D300016A950002D657000268190004DDEF0001F9730002669000009C6D000525370001DAEA0001102C0002EE5B0005C01900033BA900042704000193DA000283940000EA8C00008C0C0004BB790004751700027E850000F72800016BCB0000D9E70012F6E6000114D5000124120001CE2200048EC10001B52D0002EC4100014DEC0002856A0008319C00010F6800044D8D0001614F000271FF000595860001163100013F530001AEA000042A3300023F9D000121960001C1EA0002096000011614000E94730002038D00067FD70001152900017F2200011D670001EC1300021A9900026577000385FF00034ED9000708E3000107E10000E00D00017B580001AC8F00028EDC0007538B0001C8800003EFD30001B8F90000FEDA0001E8330001876A0003C848000607ED0003A6320004A9C90001BA570002642B00021F950005FA3A0004F50F0001FED70001502A0005C71500019EB400010BD000135FBD00097D6800014EB70002D7B90001D7FD000137010001F7DA0001990200010C5E000190530001495900017D1A0001084000014C87000181FF0002002600023E4600015A450003497F000237D70003E2AB00071CEA001373360004D80100067F840001699D00016942000158970003A2360001511B0002298100031F2F0002E54B000266BE0003274B0001506000016AEF0001B33100017F5F000216BE0004B9930001689B0000E1DB0003A71F0006FC0F00031494000282570001B4A500042CB900016524000713EA00010537000135C700041C23001241F000013CAE000175830005F78400018C2A0002E84700029AB30001F8F30013108300016C49000110C60001AB0B00025AF300054B110001AD3B0001E10900025D20000207D5000135E50001B9D200014DE80002202F000300DA000193D70000C9DA0001DA6500023ED50001484D0001DB970002FEC80001179200041D6600021900000145C1000119AF00017ACE0002A9F100098E1F000654D700023BDB0001CD5600038F11000BFDD0000208C10003928B0000F19300013BD8000268920001C17D00033D74000133DD00019CC500124461000243730004046400018E83000100CC000141870002CF710000F10D0001BA590000B06300013959000278F80000C12B0001CAB30008D4EC0002550F0001CA650001B5D10000E8E40000E18900023BEB00019D100000AFF4000139CA0001392B00062248000275F2000264FB000210970002E98F0002C3B40001F1A100029D570001A23200036C45000101000001BC1100014E4C0008999E0002536600026C620006089400015E670001DDD10000F0870001F1F20001762B00011D710004DF98000123CA00037967000A62BB000362C60001563400017F330000DC03000DB1270001625E0001695B00021405001357660001779600038D89000151FB0002855C000210A50001A6940003FB87000D5AE40005EC520000BFE100012CC00011392E000275E40001A615000333950002046C0001FD880001BAE2000276580001F61900010EB70005BB7A0001B05100083F720001C8E10002B0680001743C00020D830000C245000223BF0001975B000140E900018A1B0001DB0F0004DE1E00015BB7000140FA0002CE3300030B120000ECE000014AA4000B8F21000162C50002C9C80000E7AA0003E6B50004F95A0000C1740007EC4D0005932D000374C20011DB620001E7D80001B0710003567F00118ABF0000F54A00016C460001F0030001A6AB00014A18000637E00000B1290001134F00014754001151EF000678080003BA530001C04700085C3D000386EF00009CBB000368C700019033000155CA001300EA000306EE0002104700013F320001A6030007397300018176000143F100018E1000018C660007B3A100012A5A001372050002DB4E0003975400025315000325D2000482EC000137AA000135030002768100055B1F000259F0000664B000031986000A0A1E0001973400013FE6000128CA00010B57000170FA0004E4EE0001CFA200029AEC000974830009C76700014A8700040C86000200DD000404EC0001108E0003532A0001BF4D00011D710001F69500079FC600018404000165080002722C0001459E00019CBF000218A9000209C400029262000B67A30001B82C0001C42E0000AFFC000300EC0005CE2C001329EE0003085D000195E3000146D900036142000114A0000131BA00023B230001A0590001A6AD0001A7E70002A55D00019FE5000358F40001F02D000127DB0001F76D0001B20500017EAC0001795E0001A6B6000131880002F8CF00017ADB00013C210000FF82000346180008B16300018C3C000125450001EF470001241B0000E6240002B5620001D72900012A4F000316640003676F0002FCE500016D90001349DF00016051000211A30001998A000E16A70007FD010007AD8500015167001345D000088F9F000444170001D0C8000394B90001278D00019B660001B7080002DFE20001A5F100019BB8000146670000DA330001195800010AB50001442F0003D39B0001EDF70002C2BB000169D80004524A00071957000E28ED0003A7B40001DCAF0000CFF40008E1110007E6440001617D00096A9E0001AC600001CC0300026C30000496C90005AE510001CE9F0002D8230001AA50000194DE0002C7260001517200024B260005AEC400040C2700017C010004D5AA0001ABE600018B4D000409C30007B5270001D66B0002159A0003EB870002311C0002C07C0000DF9C0003BCBF00016E040002C7420004AE1A00036CE70001F8C5000340EB0002678400012646000243270001501A00077A88000702020002A2D100017D5500029D7600012C580000EBE30001479A00019BDA0001851600033BB0000BA3260001167E000718A200019F460001BD5E0001289C0001438E0002359B000BAB170000EAB60001405F0001A1C40002615100027C650001274B000149B50001540D0002A9EE000155890004C5270000F75E0003349400138BA600013F6A000209130001E2F50001AA4A000100530001441C000935A10002108000032C0300083D0B0001E0EF000128B20005AF82000191960002068A0001941E00034B1D000410D10001DD0300012D730003D1D30001BE1B00082CBF00019BF60003CD7F0004BE6600058E100001968A00032C7B0000E3360004A5B6000358C30001100B0001850B0001F6DC0013731C00035A500008955C0007F5DC0003E15B0001143B0001BCD50001DC1E0001AD9400034A770006C91C000214E50002E51D0001650D0002929100110C540000CFD30002031A0001525700013B310000EDFF0001F922000462E80004D12900020B07000222E40001CC63000184A60003770400020D5B0004F2E80001848E0002FC450000E2EF00053D750001361100043E9A00011F6C0001CF8600015159000204CD000885540001876100015D4200017EC90002423A0003E5D80001A6A90000F13D00097E77000296A10002494100042346000402C40007C67100012EED0004511D00025E3B00062768000170820013C64B0001CB4F0001C2CD00010168000328360001891E000489B90001CF540000E5D1000203250002A6AD000143CD0000E41B00010E030001622B0001D9F200026E360002097000022564000447430000E9E900039FF700014DA200011230000286120000B1AB0002503C00055A160003562600013F8F0000B7840000C9D2000524D00001358F00019B30000281580002DC26000520BD0009CD4E0000DFF7000161EE0001C9B00001CA210000F9AF000309910002BA86000AE0AF0002FC6E000358E30002225B000352880001E5F8000178CF00024ADB0003803D00017B9E00034223000371C30004DD7600019D0700134F820000B044000375BD0003E053000115B90002CF8C00010DA200015B8900010B0900008E5B000288D1000267DA0002F8330002B3BB0005CE100002992A00009FFC0001917500021B2700030E61000191A20001CEC600023D8F00045BFA000224CA00026FEA0001349E0001AEC5000191410001B46D000169ED00027D360000E237000200B5000175A20001FC3200138D7400086C7E00015C4200019B7D0003B7900002C14E000126ED00023E1B000240870000C0150003BFC70000D1060001328C0000C72F0000D2F60001DDD00001193A0000DE17000107B100029F7B0001DC5F00023FE600073304000167240002911100018A8B0000C01B0004E7960001D52E00040F4400021EE3000999B400024D4400038EB30001585400014F7D0004B9AF0000B272000123BA000708DA0004517800011CA300026C8F00031EDA00014AAA0003A4A90003BE1000022290000FF0A100014151000197E100043F7300019AAE000439370001CF95000249A70005800D0001D68B001371960006E88E00030648000154DD00030FF500010BD500011ABA0001A5750001917600077021000115700001407700083CDF0000F5480002351B0001DE900003462B0006D8BB0001A22600018F930002DE7B00014973000E41C300013C220003BE850000F3BD001322540002B5B3000216BB0001C9C000023EED0000EA67000151DA0002A8390002BA50000574F30000F3340001276700011406000157020006501B00026F140000D08900028D5B000DB8AA00011CB50001F86B00019A1400035F4C0007C6150000D4B30003D96D00024C210001161900032A0A00015574000139E0,5120
45,0020001000,5,000422EF0000A01500052E2700021719000746980001F42100034D300002E44B0002769600021358000348D50002C8550001852E000105150001A8BC0001B43D000206490001F6A90001254E000223F30001DB60000A237A00015D9B00028D0000016B030000BEF10003AAF800092589000255BF00025C920001658B000912420004EDC800022FAD00020D050001C51200013E7D000182010001CBB50001FADF00038FB700019CD600022F350003045D000365A20001601E0001194300013BF2000255F90014705800017C2A0000CE7D0001E73E001439710001B34000022FA30001FF7A000FFB580002301B0001278B0001066C00014CF50001739100045D0C00030806000200710008ADD60003650E0000CB5B000F67100005B1A700015793000103A0000655FB00017D940007EA370000E90A00077C2A000732590003F7330002EDC80001577F0001DB15000244F40000F37E000DBA600000C0250001ED660007A6E8001425D200016ED70005E68C000153FE0001DC230000BFFF0002142F00044D8A00012EE00005664100010C1C0000CCE2000AD859000597FF0001C32E00018729000278F4000116B400029FF600010DC7000111F800018F6B000145B80000A0010001E8F90003BF5D0001F24400015E2900021F370001CF9500034DBF00013C380001E2FD00030B70000588E50002C2D4000352950001A3AF000252070001009C000147110001F0D60001E9E20000FC6D000180A0000345BB00013CC80001674F000112B000013EB4000142C8000190720000D1410005F04A000167A500010B05000407720001091E0002370000012117000236D0000532890001627B00045DD5001442750001353A0000DDA00000FFC70002252200014FB0000354D300011DD3001418D20007C1A200014A3D00029F550002ACBD0002897F0009860200078B6E0001C17900016867000287A6000210780003E857000665AF000206AD000178B70001B6490001BE2800033D960002B4410000F1510001A7C7000394420000FB4B0000DED10001F4360002AC8A00069D8700011B6E00012A3B0008484F0002401A000276CF00015CD2000105E7000932780001E54C0006AC090002F41900011EDC000108E70001DF5600037C8D0000F01C000486F800016A0200011F1400010360000145EE00012AB0000194860001F8AF00032B610001621500010E7D0004019A0000B00400016DB50001621B0001489F0001E23D0000EC930002420E000105BB0000CD41000439D20002479D0001DE320003A5BC0001B84F0000D00B00014B1800013F3300029BF90000DFE0000102170002D9C70001DF2D0005475A00010668000111CC0001AB6900011EDD000197E900142C610000DFAE0002A94A0005848E00023B7500012B7C00017F07000498390005E5070001ECAE000192ED0001E4A40000DE090000A71600015EB90001A4900006F7130005E4B80001873B0000EFBD00012B370002CEF30002301D000834C70003018B00015F50000155640006787800046ADF000289830000C31F0001B38C0000FA270004F5050004246D000140F40000BBB2000112EF0003135300085E9500013EBF0005035D00037BA700014D750004A1220004DFDE000248E100044493000553760002F6470001AC9400012139000219A7000176C80004D3B40000CFBA0008A28500015966000171F4000193480003E4EE0000D0000002B22900017D8300032F3A000111F90001151D0001BDF70001C8750000FA94000363BA00012C8D000289DC00014E3800026C050001D9C5000139710001AA3200043EFB000233C70000D03A0000E1C4000AC0D60000CE790000CFB500010E7A0004FEBF0001C5AD000630F7000481450003023F0001310E00022BC100022C210000E20F00025B980001F8ED0000F777000B94C200023920000134D300042AFD0004C518000109B000016103000247DE0014D4E1000921650001D9CF000120890006A82B000180A30013AE5E0002256C0003E51D000366AD0008FCD10003E1240003138C0000EC4D00031D3A00010CD5000192270000CF1E00075AB50003CD6E00080551000633690002FBF90000EEEE00028037000621E70013E4BA00014E3F0001BB910005A9C900012D700000BFB000052DA40002EFF5000C1C1300015A5D00022D430003E1CB000154FC00070C8B00009FFD0005AF780009495D00012AB200047AB0000142C20009E81700016ACB0008171E0000FE16000100C40001BCB9000745D20000DD14000A97380001AEF50003ABBB0001BABB0001CCF300019C360001F7FC0007D9E1000209230000FE8100046B900000CD4A000272F40001DF8B0003FDF5000243A80006A1F0000158D30001E9810003576E00020D9D0004C361000285E8000163E7001443730002233800032DBB0000E86F000B0BA1000205FB00012B180001D91E00012CAA0001E09E000172C400016F5C00025C2700052D72000283DF0000ECA600032C580001A7BF000309E7000330430004CC9B0002059B00019B960001C8DF00090D370000CD9F00022EA70002FC3C0001A0E30001FED40003327F00018852000110140001723100073AE80007778E0001BF290000F2DE0001C74A0001E8D10002E3760001022C000272A00007DAB00002A6170001A49B000179C80001A6410009525F00016E9400035E7D00010C2000014C0F00095FEC000281B00007B0840001C85D00018AC70001211700026EC90003C5A3000260C50005B15A0001424B00054C51000A0F2C00025D7B00028D39000132F80001DC27000175A20001182C000B4E4D000877AC00089E0D00042BD60003200100018CA100021E070001E94E0003395E00015857000389920002222200027FE70003B89600024FDB0001D6830001560700066300000A82A7000203170013F5C9000891410002143F0003F47F00022E250001138E0001A3760000D53C00018E6B0003BF860001B5040005B2A500043468000124F0000373BE00053EEB000345FC00046EBF000108470001CC8A000190EB00023494000104810001CE510002CEF60000C03A0000CF6300046F5800136AC70000D0390001D1690003BA83000140590003B09D00016A5A0001132300098B020001567F0002156E00016D1B0002F31B00037D830003BD450001C7AE0000EBFB00011EFC0001FF3E0001E05200021DF1000134FA0004541B000689070000F14C000172410001183C0000CFA2000188630000C1620000FF510008C40A0000E28D000159010004617B000135450001240D0000DEE50004C4B700012FCC000250730004EFE800028A7A0007786F0001507800015F0A0001BC6F00015376001366AC0002AE350006D7A00001FA8C00024A610006939200089023000400EE0002E93F0002763600037C6B0003FE4A00010F4B000435D6000BCB20000181870000FF4D0000CFBE0009C71B00034F310003C000000100FE00068D2C0000EF4800017F13000173450014D6E000013F7400020B090002D74F0001FF8400071ACB0001972200010EA20001C9C800014AA400029CA7000150B30001FEA50000B02D000178330001D8E30001A0440003748F000181D10000AF7C000129D60001A6F3000144B9000130D00001581D000080010013E8880001000B0002BC7E0001E7D80004432B000203DD00059A670000D05F0000B0FC0001A7910001BAF800025079000196C10001A816000120280000D3CC0002F9670001B58700041451000165FE0001C06F0000DF650001883200028FE10013E7A4000131BA0003B57F0001A1510001CC7A00088DB90002306400012C3D000313510006F1B5000166F500029B640002015A0008AAA400011DFB0003D2200000FDED0001230C000168530001990900042D750008D08A00013456000145330013B41300038E610009D65E0001801F00028F220000CFE10001EEE200018C090004430B00025FC80002AE000002F67F0002111700043D0B000373F000018F1C0001343C0000EFD10000DFB1000113E40009A8F30000C35000038DE700040D810011906500026D2F0002561D00048EDB000250DA0001F4D700010B1600027588000208920003598D0001B27D000115C500014FAC0001B8E30001C05F0003B9ED000200490002B74F00019498000412D9000466880002C8AB00013C9900028EDD00114D680006ED34000212E900018CDC0001A1D6000146B200029731000274FF00035C290002BD35000181C90000EB2C000439BE0000FBB2000224C50001E51A0004E87F0004BE2F00035762000148DA0009CB770001DA68000101F200013A4700026E270001D0C50005A1130003B8910002C5480000C0E600012062000234C60000DD24000148270005DDDB00043DB700022F5900015E48001537F10002611000022057000615DC000189D400012536000190FF0002A3370000DE69000193760002D4530002808700018459000167A4000B5F750001F9FB0001333C000144C20013E89E0000F9800001292F0000D7A900137E4800012CB6000271AD000104A10003EE1D0001D60000021051000344AB0001316700050EE70001D29000038D7D0000CB1A00013D760001AF1F000217AC0003237F00021B21000179E100048F5800012D180001E5D90001B3F90005AB8C00015468000104940001CEE50000CFB70004D17000032AA30002A514000163510003567A0000FD8C0003E9EE0000A7150001599900023F720003740B0001A16700016E050000D8D20007211E00016CCD000120470001248C0002CC5D000282B00001857D00010FDC000137870008922C0001205B0005E217000199140002C98E00015B9E000173320001595D0001183F0004EA5C00084B6C0004A26F00011DA500126DD90006839B00019B53000260C600015F780000DD8000027D7200018EAB000166FD00034456000534170001934A0000D735000283080001AD8D0003D3350003CF490000DAE90000D0C600024AC10000C2C70000DF2B0001DD69000127AF00017D5400030D5600035BED0001DE940002AC7A0004354500033F5F000204920002D48500013DBC00023EDB000141670014076D0001D8D40003676F0001B74B001450E2000180BE0002892400086A8800011E4E0001DBDC00010B510001C4DC0002E72200010A0E000B1FA900011A130000F16F000540D70003D8B60001CFF300010B1F0001603B0002EEDD0001722D000663590000D3E70000F1690001C3700003D4230004561F0000F5B100018F9200027CB900013F550001213300015541000161EE0000D53D000391FF00055EB10002CD270002043800012EA20002AA4C000645AB0003B0280001ACB2000194C900017B2E00039C100002247900028FF30004FBEF0001FD4100045B9D00013DA900020AFC0001447D0002C9E000019C9C0002349F0000B1D700024165000165E30003AF7500022C540001756700012DF90001EA2A000318D40001E72F000111190001FF810009E7B700029C030001AA5900067825000113DB0000E19C0001375F0000D34B00029A7E0001175400019FF00000FA8A0000EF5F0002C6670001924F000238F70001D56C0001AB8E000166C6000161640001A6770004EC6D000302330013BDE000025C97000191130005392A000462050001DF700002C4D200019403000183C70006237D00010C64000101990003757D0001199900016029000234730001CCBB0001614F0001AF370008F1F40002F7DB000269180004A153000144E30000F0400003B1C50003862E00015C550002F7BD0009693F0001AF440002E02C000100C80000EF140009880B000230190001581500030CD40006F1B40000E14F0003E39B0002DCA90001AF1E00061CD30002FE5E00053E210001FEEB00029BC10007C55F00031E5800016A250002A07F0000BE4D000149BF0000FEDB000295680001785B0001925A00018A6900019950000662F30003FBCF0002A8AD0000EFE40000E0FD0006660D000133AA000556F5000592C800017EAE0000B0380001636900135EB90001C4AC00017A650001BE1A0008568A0003DFC700062BED00013D8E0013E4B40003BE1D0003C7400004F0170002A6560001A6140005CD73000865BA0001FDF30002D55100021E19000175F800019FDB0001A581000385500002AF79000152D000012DD20009475000020DD70002E50D0000FF450001C1DE000115670002096D00018C4A00019FCF0001BDA10003AD190000C84100040EEB0002D6AE0003F3C100052CBC0000900D000149210013AD050001297800013BDA0001AFE100013AD70001C9F00002176400015D6F0001394500011FF800036F19000340780001AA040001236F0001E6750000F90200035F530001956200035D050001A07700011C980006D0CB0000C12C000431780003A2300001B1FD000302A600012B4C0002638F0001AACD0001202300018AFD0001F56B000395B7000391E50001001600029820000775970001603F0001B22D0002364300009FFF000898950000FEDE00135139000568530001AAB3000143B00002744D000226A0000C8A89000147AC000133C6000154C4000137730001CDC300014ED00000C03300031B7D0000FD5F00035AF10000CFE10002411E0002FAC900025F180000E74C0014DCE30003B3ED0001F78300009FA5000577220005422B00019D630000C1C300026D4400075C08000314EF0001B3F300023EF300010F590001948E0000CFF30004DDC400015E4F00023DBF00020879000122390003391C0004AAB400010EEF0001B7FB00055AFF00028BF00003EB4D000210050001E56A00054DCE000118D00001422A0001858C0005212F0002617500010E5700017A620001B6B60001283D00029CA9000167AA00014D1F000235B1000161C7000462200008977300014D7C0001546100015E47000229AD000121290000E5CB00011979000151F40003344B00016F970000FD2E0001DD2F00013D77000264C1000143D70001BDE30006061B0002ACD1000110DC0013B4F70007ECEF00015D1D00017B6C00061034000135030004D647000227F900038D0500045C7000054E4900019BB70001AF9800029CFE0004F60E0005791F00013C3500016CA40006143E00011E4000019A050001895500036A8B000122E6000296A90000B83A00022EC400011B3B00010D3D000114E1000160F5,5120
46,0020001000,5,000127A70001C8B600022EFF00018AC10000CF970002951B0000E038000182450001175C0000BFFF0001B35A0000D9E0000195EE00015075000177D500026FD600029A25000183540005148600037F3600010B3C0002B740000118B5000223C70000F18A000113730003A0F30000F23000027A7A0011CFF60002112A0006C2C80002570D0002864900010F8E0001E0F50005D00A00056A5D000199C00004634500013CE4000116C0000378D50000B0AB0008E55600038E28000237270001A3E00002F7190007A0C90001E0000005F5A300026B640001D08F0002C1BF0001DB5B00015D3200010DC90000DCBE0003B1090004B9C800013183000192CE0001F1930001136F0001760B0002903B0003D49600021A0D0001619900016985000395840000B62600140CE9000489DF00028DDD0002F8D70007335000014A340001DE040002B8FD00013B0F0001E931000133260000FFC80002CBB200014CB3000183670002C4B3000397890000EA620006888F00012D140014778D0001468D0003B3D2000164250000E20D0005A894000306BD00014FB3000151A100016F88000797BA0001487C000090BB0002CA390001EA170003971B0004E61A000120F50000E7C600035B4F0013C2F400023D81000132170004FD7D00095BBC0000FAB4000177ED0003C0DE00053DF50001E4660003A87E0005D49400033EAB00015D800001604C00019085000F038100027B580003C2FF0007C4EE0001F4ED000170C60001D97A0005C6A1000195800006C7B200036AF30000FCAC00017EF2000252080001EE950001272E000361C9000349C20001475D0000B3BC0001EAB00008BE5D0005ACAF0000AFA40010D9580006B5A2000437C50001C2300004980C000226200002B24C0002A7FA0002325800014DE600024E750002D1F1000207B300029961000158A6000173F30002700900028C150008137F00019569000247B80002611900015E8E0001E7DD000257E80000C1BC000224B900018CD40000DD120004D9800000D05300013FC20002D1B60000DC1F000122B5000110040004445200013B9C0002C3BC000171C20001D9FD000108FA000B465E0007BCD800011C67000AEDAC000426EE0002B84D0000F03E00013039000174F10001796A000159D40002CBAA00082FF6000235F70001F4030001AFFE00041AF90003293F00013B930000C0000001503E0000F2620001A22F00009B5E0000A0000000D0320001F62000010C460002CE770001663C000137740001C1F50001838500012404000197570001B9610001BD540003C0FE0003A1C30000B15700038B90000100C0000214CF00014AA10000F60B0001F624000582EF000383C00000F2B300021EEA0003CE81000222F50002A875000115870007EE440000EFBB0002E5710003A9FF000287180000C00300011F5C0000D35100017DDB000257CE00042AF50000EE1B0001AE86000382AF000123DD000149430002DC820004B6C90007EE440013E1960000ECEB00021A43000328700000A159001423D000015593000240A6000317D400034D33000178F400012F4D0001654B0004B3EF000125850001A40A00011A35001482CF0001824600024A1B0001195100024E7D0000E9A80003844E0005E00F00012D2B0003DCCD000386E100014F66001424FB0000F247000170780003EC0F000191F80001BD430001B3E5000253F70001654D00018365000D6CD100045A6F000480B500016F010003B84B00015FB20002A8BE00028DEB0002D3B90000CBD400012FB000017BE80008EF47000455320002EA9F0002182C00057B4500023E9C00024C2B0001A08C00023C170002555D0001AB2500047F750001E5650001D562000375BC00019A660003FE290000D58300026F9D00029D20000A76890000CFC50001E68F0001A5570002392C0000EBC700047EC10002963A0001FF1700012C14000154A90002F4EF00016ADF0008FE10000A7E5F000149FD0004FE150001AD59000131EF00024EEB0001E775000311C50003173700019A020000E66F0000FAF00013C9520001CC400000EC0300040D0A00020F2D0006358A0000ECD500089E7C00022E110000ACDA000349ED00024F3200016C3300041F9D00016CEC00016242000214CA0001FF100000D1D500014A3D0002D1560001059300035CDE00010FE9000182C8000199230001DD050002638D0001DF9C0004A74A000238400005044100012DB700025A9700035E380000DCFB000134110002570F0001D7D000021D520000F77A000817700005E32E0000DC460001F580000465D800037BED000258B40005C13800047FEB000A63A00002BB1500030EA5000744A70007001200018E4500015A5100021A9B0003AA940001517800043AF100010E3A0002DD6D000508510002123B0002D074000169EF0001F0A90001479700019FE30001A39B0003263600032852000268320001637B0001CFA40001F4A5000638DE0003D83B000286F20002E5B60005B4C60000F6D1000178E400010ACC0004F6F50003C924000129F0000222B60004D78D000787100002C1DF00010E770002E27E0004E6070001E7BA00063D780005F2CD0001A9450001632400025511000289EB0000F8770001D2B6000495F4000161A200103B1900013A27000221350004A9DB000100B90003E7E900010ACE00034CDD0001ED51000122ED0003CF6A0003EBBB00015A170004049D0002010A0000CFED0008AFCF0001A7310002C00E0001B8DD000139AD000D953E000867A400014FE3000162330001C60D000112C90000969D000228950003979F000188800003ED8C0001C47E0001277B00143595000288B30001715A0002F40300037A4C00010BE40001C1450003165E000245D7000307D30000FF8C00016FD50000F9C60003DDA1000BADDA00043A67000396E500014AF40002B3CB00046BDD000177A2000282E50000E01A0004ABA800027BD9000336FC00024708000156480002F8420003AFF90001EE0A0000E438000278CB0000F08300052C140001AD0F0002361B0003901F0001B2A4000129470002BBD200030C7100020D4100012F450013459C0003C2ED0001B5590001B1AD0004411D0004DF8E0004900C0003733100116C0700011900000195420004231D0001C31F0006E42600055F3100009F3B0001476600011155000187570000CF790001A525000207F400029C35000460E000018C500003ECAC000A52D700013E6700014F3700018C570001D882000100170001A8E000019A81000207EE0001C0370013DF170001D34D0004CF3B000162E800026025000880850001458900020E0F0012AADB000129500002309B000856A1000106940000FE2A00018BAB000189F60000D0CD000135C30001214200057FA6001458280006AFFF0001C05A0004C1AD0007F2FF0003261E0005DE2600072B12000461300001621800108A96000211A70000DA5B0000AF8B000330A300017012000252E3000315FB00075CBB0001FECE000CC9F100030B2F0002C01D00057A8F0002097600017D45000102570001289C0002582D000139CF00012340000602F1000634A60001ACEB0001A5D6000912880013E51A000713130001DE2A0000F5930001D475000370BD00015D040001966500011B570001005A0002384F000126FF0002373F0003E7BF00024AAD00026EE10001BE4F000312D50004E64A0001D3690014AA8F0000E1CA00013D5B000162980001DCA90005570F0000F80B000151E4000221CC000453E1000326EA000275010001B49100040C5D000091190004CA020001317F000164E80005A4E80001CB87000370310001BBD600013F5A0004EB53000135AD0005E2620002798C0001A91F0013C72E00026651000836A9000202DE0001F9E60002E4D40001455B0003D8140001091200037C440000FE7300036D4B0003D9880004BAD90005D990000145A00002C72600026E6B00019CA600015795001475750001964500027C240003A034000411260001003A000135790001A5D500036A4E0000E6430011F6B30000E5650001E8D600059D6400094E2400039BB700033B9700027A6D0001F3550001136A0001E1EB0001B4B0000340AB000651510001623F000148DD0002AE6D000240400000B0410001A3060001103900050ABC000388C50003B74B000183000009585D0001940000027343000599FA00020226000560850000F87E0001991D00014389001247050000FEB90006E6FF000437AD0002084D0001D29C00010455000203AD0001587B000187C400026249000166570005E258000120230001C2DF00018EE400017C6D0004C86E0001562F00063417000311D30001A3AB000207C1000429290006656D00039ECB0002100700041659000386970001F1300002258300020915000920EB0001E74D0001605E00060E05000B606F0002F7E30002B92E0001A89C0001B99D0002D9D70001808C00033CF50010B9370001AE0700022A8B000110650000D2A8000171C90003CD2500014F9C000818510004684D000139BE0001280C00011C8D0006E6F100080A390002113F000616B30002D0E80003DA99000146270001CB6F0000BFFE00055F450001907E0003E68E0002F2AE00054FF000009FFD000C60A900068E640006F1FB000199AB00018CE400010A470001ECD800020A5B000DE023000127BC000BD7E30000BB9D00018051000451D100030B3F000182250001E1790000B487000279910002ABFA0001DDAF0000FBE80001B6AE000125B7000222C10001356B00076A6F0008A4BB0004379600014423000100A60000C03E0000FF4100016E16000186760002589100010A5D0007DE5500013E1B0008419700140DD800019AEF000171EE0000F9AA001478680008240E00023DDF0001E37B000137570000B2680001C6AF0002153900035E090000CD4300022ED400039A6E00024DFA0001DD1A00016ED20002545900144636000130E100048EE10001BE2A00022EA3000358C10002431700047C880002139F0000F5690002E0F700012B120001D10A0001FB62000515E200046B9F00013FCF0005D2530001DAE100020C4A00007FED0003A3CF00017E0B00061E71000232B70005139A0004334A0001BC8D0001610100014C860001425D0001C753000E7ED30001D8C1000259B3000691F9000309F10001BE4500030BD20002E2980007CC47000141F60008F1810001626B0001058700035AD6000922DF000196D70001A1560000D0E9000336930001A4450006786F0001A1B50004493D0000C65D0001E5C6000650400003A1CA0004AB560001B5980000CF220001C41D0001407A000C91C10004AFCF00066DC300024A670006E4330001316A0005307D0001F6ED0014110D0001CDC400013AFA0001950600129B01000106FE0000D04A0003221E000101450000D9100004D9150007DEA50000F57F00012071000171EB0003D4B6000235940001EF6D0002BE50000356520001F2550001E0F500051F7B000385530001EC7B00012E0E0003B721000332ED00013D8B0001C8610002152900049C3D000185950002173F00021AA00001A42F00019F350001729100019D650000FB8B0002A387000628B90003745C0000FB090002B680000221A800092EF40001A90A000274CB000111D100014C4D000107EF0003A14E0002830F000416970009AB6900149947000161250003F711000177BF0002F3030001770A0001F115000100EB0001946C000219EC000D81AD00018E0F00101FF20001D019000203DE000225C400048B610001F265000AF36A000154B20001478C0001277F000498910001215400029C0C0000D73200059FF7000333A9000218C50001844A0001BBD300011D7D0001DC01000121790001B8EB000814E90001BE450000B1D900019BDF0001714B0011F11D0003DE8F0003D4DD0000D5AD0001330700017843000179640001E053000188F100054801000C5FA90006E03800019903000248C500020A7D0002FE4B0002B6CE0001E3E60001EBB40001614B0002168D00010E23000BB0E7000230370012238D0002745F00016D360002A74900029BBA0000FDFB0002FD4A0001C49500023FFE000122970001F8CE0002F1CB00011B20000243E80002DE990001CAC200040AE600010F8A00017E6E00030FFD0002C91A000147B200021C9C00015F1300040B5100049229000614CC00017A2F00022FDF0002F778000228640002C1000002CA830002BE5A0001685C0001986300029DC10000DE090001EA580000F24F0013056100015BEB00026D5500013DAB00018EDF0001678B0002EB680000DEE700025AE300025C98000596C800033A0F00018C4B00013A9A0003C4E200018CC200013446000146B2000333C70000E012001431CE0006D8A00000F20A00026CCB0002BE8600069856000168280008DC180002EEE200010BCC000DE6B20001A58B00023FF20000D2820003335C0003629D00039B53000112D3000569E5000166030007366C00073A030000E0080001CCA30002964A0002752F0000FF0D000141470002D08700038613000220E40000D56600015325000138010001E83500020497000EA8F20000E00F0001985F00061776000370610001631D0001529900013451000126D90000E08F0001C2E000023D6A00017AB80000EB58000830D70003D6300001BA910001C2C60002680D0003CC180001EAE700036DCA0003A54D0001C1AF0002E14D0000F09700015FAD0000E40B0001C38300023EBB0002A3190002BC840014857F0001B98C0001A1A700028BF70000B9E9000530C40009CF4F0000D5D70006FFBD0002199C0001221100043835000173360003384D00055C070001A4290000D01E0000EDAF000A26E000042DCA000233FF000565AF0001669E00010653000267550002173A0000EAB80001C00E0002015B00013D90000312E90002E3980002C1B300010579000108610002B0740003E111000246460001348D00019B99000536E50000EECD00015D0E0000E90500029B7B0007698C00025F5900033540000D03080001342A0001F8B5000282D100013AD40001705C00020B5D0001F3AF00027A440004C63B0000EC670000D4DD0004F98F0002F29500015B4200013B610001EB19000171EB00036ADF000248DC000132B70003E0510001614500028143001377ED0000E2600004462D,5120
47,0020001000,5,0008427D0002E3F7000158BB00017B6600022E9B00094B4000023EC50001AE5D000104080002D85400032362000118E50005A47A0005DC4C00011A7F00015EBA0009B050000381FA0001C1CB0008694600024D4F0001A2090000CEFF0002DA7F000199E30001FE59000206EF0002332B0000DFB10000A004000164DE00027149000171030000F9B00002C29B000179BA00023A0A0001FACF0001272100047CF30000BFE200027621000137A8000C361F0001F5B9000187EF00010DFE001371040001C2D400012B5E0003FA350001D1C70006D05900088B990004319B000199B50008E345000129730003790D0001A3500001F2710001891C0006FDE80010F0DD0001D9BF0007444E0002E085000219EE0001863D0001C6120001892D00015EAB0000D0FF0000DD070001F9D700039FA200017C3B0001B64A00015F49000170A40005F14400027F5600011AA8001204380004D8E9000A0AF80001BC300003D50C00011778000217B10004AAF90005403A0008E2340002B11900019F9700011BF30001CF590001A34B0000FCEF00013C5600038C390001EBD5000297E70001D0B3000163A500015620000165110000E06400057F5D0000EF1A0007AD0400041EE0000226A70000E3BF0001AF030004CDA10000E9E0001157940003D487000B27780001132B0012562100024DCB0002CD560002AD1E00015D550003785100016152000114500002966E0001033E0003108D0001960C0001C71A0001521F000DA82700015FE20001D5FC0002646E000223FA00021BBD0002352A00019A7B00032529000146E70001B06F0003227E000153200000C00D0012A2500007D678000100770000BE940001B5150003055D00011E6800013957000245A90000F1C60000F03500010C5700010280000126BF0002F1830005287A0012A8EC00015CB300037BD4000276A200034D850001E8AD0002CD6500015D1E00015DF20001C51C000308260002E41400113FF00001DF7900032EA00001B1E40004F25000022A3F0001A03A00078A2E0002633900037BDD000144A30000DFF40001CF5B00046BDB0001798500034D01000156000012405B0001AF690000E9A1000F14B100011AFB0002027B0000D8850002DFA9000225870003081E0001D81200039F630001F5520003C3970006048B00101D6900038B9F0001586C000157190011FDB800034A23000446F00003FF590001D9B900061640000252E10002CDE80004A7E0000101C10003F7B80000B00000010F1C0000C06A000519D80002AB730002C4E30001FEF3000346B5000306C00002473300032F13000509850001AB3F0002096F000294DE0003577F000392E600121A9D00012F9C0000BD7F0003B8BE00038CAE0000C00B000952A40008EDE30001231D000101990001F41700040B4F0001A09F000247FD000191DC0002303100014A010001827A0010818600017AB100029B870000E11D0000FE5C000165DB00035499000176FF00024EEB00012142000740A3000699A60000FCBC0000C43B000250EB000747F80001D67E00017D250004C46C000395B90000B3580002DB450000DDAF0003010D0003AD4B0001CA2D000416290003525300018DEB0004FEAD00012E2600034DB3000108890000FC530001808D000139A90001A5CA000ABEE50000CE93000861D7000148E800015E9900011E980001515D000DE8C30001EA6000125185000876D500099C8100068EF30003083C0003011F00014CAD000233E50001D4C90003D8500001D6FF000117CC001119180001DF410001AE2E000205770001BEA60000E3F0000205AB0000900500013CBE0000E92900052EF4000195EC0002275A000144070007253A0001EFFF000269310000EBAC0003F4BC0003EBEF000196990000CFFD0001B4E50000DF610002E04900016D710000FE040000FC0400011F41000299370007B8C4000127B000044DF60007DA2B0003E5CF0000ED5F0011F9E30000B5840001FF60000294460002B67E0005538A0001640D000390C90009BFF30006718D0000E0120001C9B70000AFF40001F9F7000462A80002F82600121EB10001D4FD0001C9CF00036D4C000B455E00011A630004BA500001C34300022416000190AE0003F3A50002AFD60001948F0003E1360001A1120000F6880001A2AF0001DF7F000119010001F7AF00022AFE0001E95700013EAB0002261600012A5000017113000BA25100017EEF0002C1FA000184EF000444E10001AD600001EFF100054A3300125B720001893300033587000243E7000172AA000300D9000129E100029AAD0002B913000279560002FDD100011DDD0000FFBB000167CE0002DE780005AEA70003F25400067EA1000176400001C2D800020B680001C1500000B63B0000F47B000112F800020A97001294A90000EF6F000255F20004A3E50003448F0000F692000185BB0002C7660002366300031AF50000F11A00076AAF0001E1B50003FD6D0000E7CF0001B3D00012714B00019AB50002991B000290C10002694600014AC00002E96C0001A18B0003B9A8000318F40001292200016A7A001246F90002A1AB0005FE650003D2B900016849000590DA0002D6B60000C1AC00123ABA0002243E0000D3510001D22E00019D310000DD820004496800019FB30012215C0002FF70000217010000F4640000D99F0000D0F9000556370008596800024B5F0003AC030002D33B00065062001186EE0003048D0004DC470001A1D80003E7D60006726200016D8F0000BD2D00017FF9000271EC0001E44200029F9C000FF9A20007118A000341BC00023B610012AAB30001888E0000FA9500028C0B00032CF20001760A0003165C0002C71B0003C7290000D02C00023D2D00015B64000CCF9A0000F5D00000F51600019BA60002B8EA00012D930003DCF80001C43D0001BC540001990D0005FC9C00018E3A000352880001188F000103EB0004E45C001215B3000288720002C1C200015ED40000C0ED0000CFCF0001111E00021317001249BC0003B2AF00036510000271F80001EF330000F0160003DAF4000177C20001FBFC00016FE60002B2BE000277AA0003624D00020A970005B96500017B3000045D5B000101E800032C3D00050C9C0004BD9C0002F8C300020D450000B9DD0001EA710003175B0001B0260000EF2B0001A4FA00032DD00002E415000260330000FC3C0003EAED00043FDB00023682000EBE61000263DB0002D44F0002FFA100122C1B0001353E0007F9A80001526F0001D39C0000DAA700019EB10006D9AC000367B70000AE730001ED64000243FE0003FFF80000E1E0000206230009A7220001362C0005BFA2000F588500021D9000126C960000C83A00108EE900036FD9000FE74B0005A5B800021E9C0000EEFC0012A6340000C1B30010B7C200050025000276FF000CB17D0002E9E300040D91000357370001AFF30000FFDB00010AD90001291D0000E4BE000103260000EC3B001259460000D63A000279D70001401A000163BD0000CFFC0001D8560004032B00042C7C0002B2C10001290E00017D670001A76500023AE7000453D40001977500013E95000212410001E7F400028DF3000A7C420000DC2D000136540001A986000114E80001E7B3000176AC00015B75001215B000015743000190970000FC650000CFF60001719B0002D13C00058B040001865900018E9E0005280F000110960001982A0002E4DE0000F1A90000D026000BF236000205C900015C900002DF9100012D910001052B00053FE60000B7520001785300014E880002676500018C930001C54F00015DB700022B870005A46700013C3D0007E22B0001A5B900028B4A000146800000FCA30001E8110002560D00121AAA000116750004929300022F55000110450001F8B3000E8F1B000103D10002094C00026E7A00016BD9000699A90001B2C900029A9300016A0E0001C4A7000141210001D11C00038EA800070EFF0000DFB300012B7000028FB90003111000040B180001158B000495E50005515A000618360006E91B0011393F0004A59B001222F000029CFD00020C6D000252400001472B00012FBA0001B9FC00074BFB0001EB090002CE7D0002DF5D000315C6000213720002C499000290AB0001434D0000D05300049CE90001C1030003E9BC00014F29000211A70004FF3E000173AD00020CC70003893B0003A113000135FE00102FFB0001018F0008CFC50001ED4500013575000213EF000175560000CA5C00012B550001172F0001B41000012001001256860002CD8E000864C7000166A30000FD450003D64F00016FA200023651000288DB0001681E0001273B0008039100015FE10005FF6100012B7D000195E900016C37000B9654000652C30001B6A10002593E0003CE6A00025A4B0000F93B0002507200038E140008042400017F9700056ED10000D41400010FC10001C1BA000147CD000152770002FF06000193CF000232F9000123B5000402D300023B060001D2710000E12D0001B1740001BBC2000159470001576C0000DDD500026BA70001A899000306150000ECB00001AC070009F2FF0000E19B000BCDB8000ACD7D000282390001CA520007AB070004A7EB000265F200030A5700032DA20000F38E00019881000143DA0001FF9100023FFB0009E15D00049D670003B98100020A070002D3310004C12F00019ABF00026BE800015CBC0005B5440007D5DB0002237300011B82000315240000C15100019E5E0012A99200020132000EBF9F00033D280001F20600018D140003A927000215E30002081A0000F718000150E10003CC5C000271BD00024C75000152030001851B0012B451000629B70001780900024EC500110A8F00043B1F0001D00C00016B8D0001FA780001667F00010DD10005BA4F0001B7CA00012CBC00027DEB0000E01700035D7300035BB800010724000133190012634C00027C880007F719000546FC0000CBBC000120950001F1AE0003A543000170FB0007B43500015C6B0004F7090001797B0001F031000317400002163300124CBF0000FF8C000116F30001C3BB001205220005FBA70000DFE30001AEAB00121891000170F30001BE840001C62600039C1E0001B07600014F8B0001E6380001AD01000115E6000149C70001DE780000D97D000193EB0001B3DA0000E3170012325E00046414000262BE0000DE3D0000EFB7000128050001C2360000C06700023D1D0001F9310001DD7F00016D3800046CAB0004032800026E210003D24F00018DE70001751F0003D9150000FAC300018D480001EF9D0001D8C00006152B0004705E0000CB5C000106830006C2F10002D8D10004088E000773EF0002DFA000116F330006AE4D0001A269000196E5000592E20002D8D30003AAEF00016E6A0002DF7800039FB20001BDF90004C18D000238CA000121C10012699F0000A80500045B9D0000D3AD00050D670000B1710001DA090001489400016DDE000B8E5C00022626000241E80004D7A700029FFF00021E170000AEE700030D1A000269970002F6F90001E72C00015F4B0001611E000170360002897A00010D10000182900000A0290001B48E0002828400012187000379BC00017FAF0001C1A6000410270001563600014B660004A553000227B50003227B0007784F000163D40002D5D7000192190000FD4700023EED0001A9A2000242990006F53D0001866B0005DFCB0005109F000187350004689500030F9300053FB000055A630001B4EA0009F21800123BB2000189780004703B0000DFEB000318F900014C1D0001E0C50004760900012F3F0002FB050002DC2B000184750000EEDD0001AF040001463B00020F7E0001BB050003F3E90005C11B00036E20000435B80001596600047636000732BB000BED4C0001A1E10001AAFC00020C19000417F70003703A0002F96C00016AA40001C7670000EDD50000F09F0001A5D20002139100019D450005D39100019BD800035EB7000273940000C1410000EDB90002215F0001A7DD0002EC7300021C46001079BA000125ED000157640002846100017991000271FD00021A1700018A8000010EF80005A8230004108C00016ACD0001B6DC0001403C00033AC0000166A00000D0CA000120600005F8E600011FC90000EA8800019CB4000828A50001638B000232B100011D600007E8250000E14B000F298E0001783E000127E400018BB1001242BD0000D4980000E14400018CA80001CDBD0001CCB1001000250000FEDD00122ABA0001ACBD000359C7000175E10001A0750000B12E00032B4B000471B1000FF39A00016A88000143A80001F5120001E17D00013C2E0003617E00020362000270DF0001B88F0001597E00075B2E0002C6A40000F99D0000AFF0000157B6000EFF2400014D1D0001303B0001A8FC0006EE380006730C0003801A0001264E001220600003AA6D000277F10000BFC5000447800000C45700019B850002FC4A0004141100034445000183380001190F0001365E00026C18000133E50004C3E5000FE93100037AAF0001AC2B0009B3B300127532000225ED000357B600022F830011F2660001395700016012000162750006668E0001640A00018106000399780002A4440002B2F90000DF5B00022038000144370001FD9E0000EA5A000163CD0001D74600015D1A000CED450001977800017571000106A700011D00000113130002F8C90001AF1B000121170002235B0001C4760003787B000176B400016C250001A05D0002F3AE0002BD6B000106DF000672E60005FD060001DB12000190B70002EA880005A67A000359CA00030D5C00037CFF0003D28F000193F3000298FF0000E1530003A8230001630000018CC600017253000292310002264F0001B79F00040DF5000133BC0006471E00017B1B0001E9F000019143000839330003252C0001A0F40000C00100015DB50005732400010C550000AEE0000C21AD00092CF600011CB500015ECE0001883F0002B1130009DF1300020633000410A600097CA2000158190000E05900022847000142E1000192FC00029B920000EF6E0001650300018C9F0004486B000E73FC0001A962000197EB0005B25F0001404900022BA8000D7D4C00017BC30002CEC7000291F400023C6A0001F7000002BD3D0001E10F0000E0930003105000039437000987980006FF6500013E170001E9F2,5120
48,0020001000,5,000235AB00037364000243B70000E3640000FFC30008A7B90002751A00046CBA0000DBF500029D530001A325000123DB0001FFB30000F02D0001FA340007B0E50000FF7B0003F69B000157590003220900028FA800019C7300024B2A0001B27B000185270003A6A90004CBC5000157B10002320F0001E78B0002428E000300880005864600018A970006A9B800059C160000F89E0005CC2400013F98000A4401000224A50011FE69000123DE0000DA1700035FAF00017E4D00016F15000449F6000112A800018EC90000F20C0001ED110007EA50000AC1BB0001282E0003261B0002BFFB0002AE6400016F990001759300011FEB0002265D00092C3F00022A4300010EF400028C980004E21B0002087F0011A23E0007334300011D0C0002074A000116830000B4EE00041E56000A82BC000311AD0005FAA50001C43A001233270004DBA90003876D0001495B000FB7C30001A4630001E2E700018482000129DB0008B24F0001A73900014CF80008E6000001A6DD000218BA0000F02E0001516600074D36000315CA0001791A0004E9200001892F00049E270000EB55000151F900015597001149D20000D5FE00010D140001632600093E160000F5F10002BC020005ED4D0000CF690001233E0011206F0001CD580004AB0A0003FDCC0003B6850005285D000243B100026242000B6345000110830010E184000174370001198700013E5E0006F87A00032F78000849D00009C35700029EC50001B03C000266BF000323550001820D00019176000166BB00032AD100028A4D000192370002941700016F9C00026FE700017DBE00051C800000B0DE001157480000D04500020187000264B900023DC50000D28700024D53000179030001DB9B00013DDA00027D3B0000EA11001075CB0001EB2D00034CCF000162E30001960E0006B1950001FC07000108830011D6FE00049AA2000559D000034F340001D77A00067DF10000F2990007D0E00002983E0009A5C1000114A90000F6250006BB130005D746000989550005D19C000369E20004E0950001F5FE000207360001878600022C0E0001344500014E9F0002F2DC00018BC20001893C00072BAC0003A3E90000FA5D00058DD100012894000B57B400038BC40001F64600073DDC0001E2C70002C8170002F957000607BF0011E6AE00034B1F0001647900089DB8000190E70000E12B0001DA160001920B0000FC310000D73D0001488000012959000128640001F58B0001861D00039A8900029E400002ADA8000118100003E837000229B70002F35C0010A44D0001DD2E0011DA34000443990002C00C0000F22B000175280005D7BD00011A82000402C700036CF2000863B60005356C000289D00005E7D900019E380002CFB20001DA3B0003DF960002D5F30001585A00011EC10002CF5B00041E020003088000065FB500117F650001464F0004D3400000F92F00055332000703ED0000ED8C00011FDA00053761000274830002A1C10002017900028B810000F3FC0001FC340003FFD10005E5580001129A00018F7D000171F100014664000758D00006361B000334D300028E63000167A80001E0230002F82A0004AEC90004C06B0002A1570002BC1600029CB2000190490001BFB30002855A0002382700030C240004F2230002653D00011B5A0001EE27000666370001E36600020F1A00010D2F000138870000E9820003608C00014E730005B84A0002B0170001D5730001501B0005F4B40002DC380004061B00080F7F00025AC60002B06C000144D80001A4D50002BF1B0001905400016F720002C570000159510000EB8D0001EA370000FC9D0006AFCD000176080005702A000131AC0001156A0000E0410001CB600000FDC90002AA4600013EA90002E6D80001EE7F00042AA00002476A0003C36F0006825B0012207D0008F66B0002DB870001217C00011781000299990002552D0000F6A700026B290001D26D00116B630001F1B900034B3D00023AB000022AF300019E7D000AA3C5000B41940002673C00060FFA000224FE00009F1300062890000250FB0002C0AD0001F48000013DEC0001435D0001495A00012A570007D97300068E56000111310000F1660011C94200028ACE000AE016000267810001F8860000BB870000EABC0000E5F00000E7790000D0AB0003F3CB0002876D000150730001089300044DA70003021F0003369500017FEA00025556000293810001CC9F0001CE56000189F5000180EE00018EB90001206B000178D50005E6D900024EA8000246170001629D0001AFC20001237F0000D7DD00015FAF000497300001573800014F240001D69B00038B5B0001BED40000F09D00010BF50003211E00123AB30000CC730005C7EB00074C79000124420003B4030003006700087E87000BC72C00019F5F00016C82000185F60001CBA50000F3D100030E09000115940001AFB9000156730000D3A10000EDC100012BD300019FE10003BDA3000103D0000907C400014FE500011FE0000159D20001A2730000EDA70005F8090000EAF5000195FD000183E600035E380001577C0012036D0001A44C00014B490002642C000917110009634A0002C82D00017EAF0011C99500025360000173690004835900057D9E0007DE390003A2F700023B84000126E90002411E0001E0620001BF27000258F30000E2180002067B000645CE00026F4F0002050000049EAE000103F70001BDC9000177DD0001774800050DE5000B9C560000C0E50001A71E0001BF4C0007811F00015FD70002A0D70001727F0000BEA50002E40500066A8800044B32000142B7000594D4000A98A30001B6AA0010EE91000108F80002E8A70000F3E30001DB32000375AE000101550007875E000201360006F9FD000124630002A94E0003C109000483C80005B3400000C0290011DD97000517450002AAA20001019C000209E0000223D3000A68A700080B3A00016FE60003E25F0000C0140001E6D000019DD100009EE90004430400013D070001B7050005EBBC000129E70002ACAB0002CDCA0000FFB400026D6C0000B8100001BE5F000155570006A63300067E160001D64D00023EAB0004049100018EDB00019FE700018BC00001AF2500019278000A6D4F0008692E0002336F0010AA610002100E0001169E0001FC1D00010C45000264D700035194000C2FB60001F6C1000274E600028E8E0001852D00024A6D0001635F0000B006000244A30000FB240011940B00019EB80001EE720000E8AA00018AB4000175080000FD710001223900029C2300010D7D000271AE0009F8E1000161DB00039B160002F21E0004C4B500018806000307A60001713D000204F2000AFD2200017D68000602A400032384000141C600031B610002C6300002693800121F4100042E5A00078B0D00034C210001F6AB00039F30000A730C0002B5E300030926000714730001BA7400012615000363390001E87600011EEB00065EAF00014CAF000196CE000191740002C3510001B6BC00008116000245FB000200B30001B820000282E6000F64EF0001A9EE0002521F0001B5470001675A0001F72E0000DC9C00021A9D0001F5A7000118D10011DCB8000390480004CB1A0002975E0001230C0000AC7600056D8E000280AF0001927000024F5E0008D62A0003E05500022FDD00019554000171BB0006DBD30002455B000501FD0001DCDF000108E20001B910000394200001ECD500032A5C0001E7840000EF1200035FD100060FB1000912F90000DF78000157660000BFF7000163240001FDC9000189310006293D0003B48A0011651C0002EAF80006E71B0002A0C20001266C00030AC70002FEB10002B57900015F0B000102E6000358030000C48D0001A8020001ECDB00025C0E0002CED1000460930001C6B10002DAFE00039062000423B70003453F0001F7CF001231770002405A000F2F71000229C80001348A000232510003C3ED00024B5A0000FEB10003C08300037CD10007D8D0000373E30006E772000320620001CB3F000135B20000E9070001615F000106D800029E790009869000031E360001AAD000060FD400013C540001151400081AFC000422B20001C8F500033F9E000322EF0006DF3D00031F6D000326B70001B04B00026235000517D0000170E800068E5B00025D30000266100007CDAB0000F90F00019E6F0004DF870002CD7F000978700000CCD90001219C000B24570001CDBB000F743B000390550002E4750000D0150000BFF4000105520001A9D300034A0C0001DF400002523C0003638200019DAE000CA47200020A0E0002C1200001664C0001ED49000165B70005538C000204EE0001AC530001B7B60002B6840002DD2D000329BC000378BF0000EFF40004CDCD00020C6B0003215700050A0C00015BFB0001A5DF0000E49900034EFE00024A400000E29A0000F57B0001271C0005B06A000240D3000144E000015B670005D9C6001237CF00025C900004F1FD00018B6300027D4600044FAB00052C070004E35E0002917A0000B07A00071D7800016A570005158F00046EA500012F5C0001590E0001B883000315780005A6CA00024E2100022B61000332F600029A730000FDDD0005D1C50007CE290002AE7D0001ED0000017528000103850005976800011B8F00050AF6000180B000033F7A0000FD550011BFA4000145040002DFC3000158D3000151570007A0020000B62A00015CB200028DAB0002651C00031DEF0003D45C000199770001459F0003FA4600012057001034D40002D8860002FFE000027AE1000399000003CA6E000120E7000523990001CAE50002922D00016CA40002D6CC0001037A0000FB6200010BFE0002BB110001A3A800014CAA0004B25900033B4D00022A0500018E2900123F6A000328CF00012E9F0001C1D3000242260001E7580002E70500025ED80002097E0000E17C00052D9D000137A40003122F000200790001550D0009D4070002155900013BCD0003294500014FCF0002FA450000F9D600038F1B000310EB000367250002F92B00025F53000102430003087E000161A0000144930002E8310001A61D0001707B00118BD80001F8AF0004B986000386DF0001713600028F7B0004C4CC000141F50003203000027220000184E800077D860000F0D40000F6ED0001D8B50003610B0004B58D0002343B00015CE900024C3F00020877000248EF0002108900054F410011BF280001EED200027667000155B30000E12500037673000194E9000090040004EA0A00081AB900037AF1000125C90002C19D0003F96100030462000175260002E7090001A700000118190000AEA6000ABF430002D7990004E2A0000128D800018CA50003F43D0003F41D00019B2D00097B2A0000F377000D5CCC00016B630000CFA8000366AF0005FEE00002100F0003080B0002CC600001931E00013CA700022310000117D20002F9F200011F58000122090004976D000175D1000495A10002414B0001E98700018C8E0001D6B90001C95F0001076E000159270003DF96000279AA0003484300057E6A000190FC000EA1590003ABDD00012A350000F0F80001D80B0001446B00013EA8000254330001CE0200012C85000424DF0004E8CB000A9FAB00024BA50001C8630001E82900091A690009201F000267610001AD35000A38B000017C27000537FB0001D49600109BA900032E3000046BB90000F0020000BD2D0001F602000248E5001130500002A80600029DA3000233C000072F7F0008B6F5000152CF000165870001CA9D000FAD0300048F7200018E0300023FAD0002FCA60001131700020719000235CD0002B376000358EB00038DDA0002E2D100011E250001DA070004BC0C0001929000035A600008133D0002645800010DB10000CF650001D72C0007DA490000FDC30001685100019F310003990C0002A91500034A82000219750004474E0002D8320001FFAD000241FE0001D2A0000269B300086766000385130001DAEC0002CA2800021B700007FB7B0001C8A40000E9B70002770D0001DAE300034CEF00032194000E8083000890FD00043BBF00033B3F0001BA820005DB3E0002EC8E0003658F0001370E00011A0F0002E30A0000EF7E00021CB1000103E60002CBD50001CF400001D298000874EF00017CB90004A8EF0000E0F000011F2000095A2A0001DD1C00020B4A0003632F0005990400016348000258D40000D00C000200F900014E580001ADA30002B0D50001DA9700055881000172B40000C9560001454C0000F1230000FCD30002BC94000832DA0001C0340001C4610007F1950004705F0000FDC9000222E900022F9A000183B200029B7C000102330004F3F5000E83370001F8B10005C036000167C9000100EC0004E5790002961900019010000566FF0003AD3300017E2D000331130002524700012A48000243B4000214840002E7FE000107750001AA440002D185000AE8F30001D223000177E3000154680000D4AB0004D71E0000E4AB000399D600026C2B00013C39000867A50000D02E0001E9B5000149F9000E2CF00001D1230001B7920001B48D0010183C00016CD10001FE490001E1CE00037734000FE83F000CFEC900096F52001172CC0001212C0001D522000A850F00031C8600024B2D000B4ADC00011C0500013D630002F18F000285D10003A3340001090600041EA70004D74A0002C2700010E91300017C660001D700000DF4C30001AF0A0000D28E0000ECFC0001DE3D00013136000697C50009019E0000AD9B000102A600014F2D00048AE30003E8530001F4FE0001045A000587C3000105880001AE4E0003197B00030C8500013D950003CDDD00012E4C00036B7700023E510005B7AA0001620600014F3000020BF200018CA10003B7CA0001CB1700032ED50000FF7600011A8F00027FF500022053000148D80001C09B0001BD610008DDC60006FA80000876EF0000EEA400012A700001EFB30000F2200002105E00026CA90000F8A50001185E0003F10C0000BE2700027B920006818500017F3F000184200001387E0006A8850003A05B0002107B0001E51C0004F7D6000384240001AD0B0004E4BB0002122400012119000158B90001310C000188A60001A0B50001B2F40001ADA30000E0800001F71A0000F9550001EFB20007A969000432F90003843E00013108000843E700012A37,5120
49,0020001000,5,000546D4000165C1000108350001227D0005D46D001192A60001501C0000DE8B0008CA540001A0440000C1080001E1CC000233C100041CAF0003135F00010C380001478B0000FBCD0001153000016A5500009000000150A30001932C001130C400017BED0001200B0001E8DB0001D2D70003742A00010EFF0001BEE40001268500017BFD00022E15000ED61D0000EE990003C751000504D90002C283000A63250001560300042A180001BB4D000173AF0001757B0011C00D0002B0A30000E0EB0002B3A60000F6D8000183BB00026917000F73D600020E4B00047779000174FA000287970000E30A0003168B00017FED00051A310003F1C50002BAAF000170140000D233000177330002531700025EAE001118840003EC9A000270F60003CF6F0010C0160002460E00014285000345E10001A392000154C00000EC690004936F00041F89000200EE00013B930001C01D000235850001A5F40002DF560001479300009FF50000E63C000100CC00019D6E0002884D0001A2780001CDFB0001E78E0000ED0300015E4B00010FE500014C3D0002A9AA0001B9C50002099F0004E6E10001389C001146BF000143CC000415B80000C77200082A57000090000001DA2900011CB00001470B0001F9710011025B00010F770000CEFD0007EE3D00121F650002D653000A450A0007A1BB0010E50C000364E40010EA2F000151DF0001B38000051C670001D6010001DED00011E98D00016AAA00050489000D21B4000430DC00021D8E0002172B000222AA0001DF050001CDDE00017600000111DE00011BEA000AD40B0003AAB900023BED00030F0F0000EEBE0000FF77000293F00000B064000A587D000185300000C00D0002727100027C16000198120000DCBB0002C91500016C4300027F3B0000CF54000199BE0000DF3A00010DA5000100960000D00E0001C6A40002FF03000615E3000121B7000402760004DA6C00048ADD0001084F0002E6E300014F8200016EF60004ACAF00020A8F0002732B0002B38C0001521A000183AD00033A2F0000DADF000F701B0001BBE6000105270005C217000213A6000BFD3400012DB70001A99A0000D12300023E7D0001E53E00024A510002AFDA000270E10003DDAA000A1E0900074E1A000B954D000267780001C4E40004944E000350A9000153B80000DD180002EA1F00039AA0000338890011AE750004610900015E230004EA420000C11B000212C4000B2FE30003204700043E3B0003A0A00003F0EA000231340007332D000337FE0001262D000B709100042C0E000154D20000BDD700116A66000367E90001D5290000CF400002891300034FBA0003C91B000127F7000309EC0001DEC70001C49B0002AC590002111300012621000B6519000128FF0001EE330002344E0001ABDA0001275D0005247700012D290000C01B000149B20000B089000B2CA10004F5C0000C3DBF000120FE0002A63F00025A210001157100090D8F0000FC1E0000ED7400015074000F565B000170B600016A2D000108EC0002658600013090000F07B5000261CA0002CC0F00017B900001784B000104950001D0170001465D0001FFF7000443320001BCF60002609A0000FD1300026EBA0000CEC20004C69C0001918F0007114600039DBB00011F110000F37100055A4A0002CF8100012F960002E5940005502D00022B9E00025CEE0001B4AD0002BE6800029ADB0001CAB200016EFB0001073B00106AF800033CAD0005F1990001265F000160B800029F27000150D30001AA63000111F4000095560011EC450000D1D40000CE4300014C4A00014E99000116EC000F802A0001060D0004E90900023DD80001636D0000F1090003F1710007F4FD000467950000C7B30012394C00034B510003E2A900011E700001BBA300014B62000F547E0009F00C000B6A9C0002DB370001A40E00066AAC00016B8F00042E3900016DC600017DB100036EAC000116E900015F830002293700010FB00004752500105B5100023F6000013CEB0001E1100000E925000BEB47000405700007AC1D00011D77000CFA160005C5970000FDCF000297CF000E8B290003FE560003A9F9000294B00003C6BD0002373300018F1400013B1B0001BCC1000610AF0004EF0B0001AA0C0007901A00021EED0004888E0000E3A70002C2EF0002115F0001146800022F92000115150000E33E0000D11C0001597A0001187E0001FC9C000231C0001189C600081D93000221850002544D00012D7A0001DB800007E4D100016FB70001930D000329FC0003CDD70001F7D90008068500042EF80001EE390005008400015A8D00037173000B9C9D000200D3001170720001F0D300030D3C0002365D0000DC5D0000C2970001025D00024FE000010B80000253290000DF5D00026F7500018AAF001182180001A5A800018E6400117812000101AF00013447000447F4000DB59C0001818D0002708C0006FFC30001CAAD00023615000205770001A9890001886F00016A4700015A650000F7590011255B0005F00A000C0F9300023AE40010F7550000A157000213300010CAE70004B2E60003D9F3000118C60002741400013E79000109A900013480000108F10002B849000153C40001E7470001C834000350180004577F000284690009048F00009F5B0009CDC9000634B500012F3C0002912B000A44D100012D1400040903000278F700029FEE0004158C00078A4B000322A400009FDF00017A4900015D1500013E4A000412A3000111140004E4AD0002B154000752740001F6FF0000F2F900044FFF0000D07F00018E0B0002F75D0002ECC60000A03E000194D500011B7F001160D30004004A0000BC4D0003A9DB0004AB2000025F0C0001394F0000FE380002DD38000152270002233A00052F150001B6A8000119750000A0E70002A2A60002A4550003644D0002DF5F00078E1900035EF8000463360001D11E00033F4300011E3B00022D3E0008C38C0002891B000A9EDD000306D2000151510002A430000129F20000E36C0004640A000143480001CB0E000128B90002336400059B500011667B0001232C0002CA460001AA3C00014EF10001F3BE0001173F0001F4C70001E61D000181AD0000F495000125820002C02A0002D57800019037000679C200023CA50003CFBE00011C470001B6930001E9980001A3370001C0D5000132850002446800023A4800012D610000BEFF000117DF0000E0810000DF6D00097C61000380EE0001CFA800041FAD00012F99000AABE50000C016001223F10002269B0002E6F90002DABC0004574600013C670002FC570008E78F00027EF300046D860001DCC80002420900027DFF0004ADD800028C08000155BD0001C23D000777E70001A1CD00011A720000CF9B0003FED1000130E00000CC330005FFFC00014F17000DA6CF000420DE0001F28C00034E4D000137D60003DA1800081ADF0001878300022DA3000110100002136D00067B3B000192FD0001E47600028CB000011CB30001B16F0004303900015DCC0008F51D0002219000016BF80001046700092B050001F04000017963000200D90001A1BD0000D982000C6C6500030537000574EF00035CA90006889B000310D200023B60000238CA00119BB80005567E0005D38400011DBD000A85D00001F93100017FF000013E2F0002D0280008C5270001FEDE0007F6750001847D000193EE0003159800017E170003E703000404FC001022230002149D000A32E1000236570002558300019C3E0003511D000189630001596900117C73000217D000020E8C0001A87200012AB1000187D9000148D8000349B70002EF130001056D0000CE660002BBD7000A64CB00019F550002AA4800037BA00000A2EA0003C09700015A5600014480000277240000D8D20001552F00022C3200039E4A000636980003711D0001FC24000234BE0006F989000DA93A0001515B00019A4F000749BD00013617000126690011A6C50000F62D000DD513000183EF0001F04E0000CCE300014F34000295820011EFDE00021EF50001F288000316E70011AF8400031953000153A400019E5F00013F0E0002D9D80001CC3F00012FC40010BEAC00014BED00015CFD0001FD370007248C000671250002197D0001EDD300010C9F0001A78A000240980004E66B000614C600010CC400094A100002F98300015E670000D067000E05A90000F8E70007C29A0004AA2D0002CD110004143A0002C8BF000112FF0000C2630001E56F0001D3700001985100015F2B000100BA0010CD8F0000E6A200040BDD00012EB40000DDAA0002102E0001ADB200058C1E001199230002D4BE000BC596000782970002ABD9000121B700024EED0010AF7F000101570003939D000DFA830003410B00019FDA0000C15A00019D890001E78B0001053F000BEA97001181540001CF9A0008F88300033BBB0007AA3E0000EF7F00027A940001B581000E5E170003FB9E0002C4A600119B5E0001592A000192BB00019EED001186F6000216390001EA5000119EF4000186B80001167D000A10670002167B0001BBD50002C7E500017445000F0047000174D70001F9BB0000FFD3000601FD00017B940003284B000134D20008F520000229DC0001C2F0000A28470010E15A0000AFC600021695000A051D00015CC800072298000245F600029D8F000270D200008CB30003CC950002AFB0000232160004ECF40002C60500017F6300116A9D0000B925000F4BDE00017D5600012C3E000165E100018D200001B456000106910000A0780000DFD80004996A00095F98000416DE0002503600026DA600011CD80001207800084CB3000185C400041DC000022A7100088B3A0000B3010001E6E700029D640003A8730001617C0001C4380001A0FF0005660A00015CE40001F5020002C165000392B600017F240004FD91000259310001C0100001218B000126A60001A43100019ECA0003E09200029EE0000126890001CCB00005AE320000A08B0001442B00024C2D0002FF8600105CAE0002C69C000404E700012691000109370001AA45000AD947000235E10005197F0002837B0002A52300010836000156450000C4DD0006AE430010DECB000262A1000207DE00031616000D9FA40009482D000592080001D01000013F220005F50F0001B51F0001D43F000B92610001E19C000274E60001A5700002D6970002FC890001DB420000FC2100016FD70001877D00024B2E0000CFB20001D5C2000765060001A4890000F0C50001016F00042A8C0002A8910000D17E00035F2C0003CC790000BCB00001412D0004221A0011423100013D48000B2601000206E70003410D0007EF8D00058A350001850A00091E4D0000E13300010A9F000ED30A0003CCE3000205AF0006EC7700024D7D000097EA000A9A4A000240A90004F40D000119170002306A0000DED70002C72D00039E480000F9860001FB950001B2EC0000F3A7000119310001A25F00012CAD0002E6E500081CE7000119C40000BFC30002AB92000284A4000179170004963A000138660001BB5B0001BF9C00010411000174BE0001D4D9000197D700010F950010431A0000D9E10002DE5C0001401A0009AAA20000D1AB001053F70000900000023B0C00027FC300018D250001E45F00016C6C0000C02E0000F8630002788500013AB3000503FA0002205E0003198900118F78000161650001CB340005D9090002338B0000FD140001513F00012CA30005AF4D0008949E000264B5000298800000C07E000152BF000228B5000135C90005FA47000112AA0001C62F00063A470011580F000610FF0003C005000C700A0000EC3F0011B8E9000387C60001839A001188F40001AFDC00021E110008D8FF0010B5D800018DB000034820000100230002463D0000D5430002C0B7000106FE00011514000212410001916F0001E7EC000136A30006EB8C0000D05C000157690001935D000174F0001229C30002A9160002FB3100043DAF00037756000447DC00115C79000313100001388B0000A0210000BAF60001671100013BAE00092B1C00027BDE00086F87000250FA00049E6600116F1A0002623B0010C594000150650011B198000199DB000173CB000120F6001190050006E13F0001563A0001388C00013FE20001207500027F36000226E00001AEE80001B1D60002BED80004A5400001BC120000E0CF000509770004DF0F00118F920004963E00028E4F0001309F0001E22C0002E115000133230001BA8900019AFA000510760000C95300035EDA000CA14D0001C7CC0001980C000C1D970001FEDD00023C97000E4AAB00044DDE00114968000107850003A3B3000150660002AD6B0003236A0001CD01000531AA000F8EF80002FFAD0002CC2F0001B0340001DC5A00015BBD0003C06E0002B99B001152190000F13C0002445A0002191900015B3800010CBC00031C930011079D000511380000E9500002A15F0000BFD20001F6F90003E9B70003C91D0002192700017C950001D0FC000388C90000CD6400117E90000534280001080D0002FCB400022629000222440003B9E9000102010002086D00013E07000216B000016C4C0001F7D40008C9FE00014DC4000160CC00114B270006104B0003E21500024FBC0002498F00033F5D001252B0000EDEBB001182850000DD42000169870002A01C00039B72000180F90002370C0000FC4F0000D233000702EE0002EC17000248F50001585B0003373900031C530000F3150001EDE100012808000200F60001498A00015A94000560D900010EFD0000D0B400019B300002EFAD0000D36C00015B0D0001ED060001E40C00084AF7000132A80003260F0002CD680004BA7F000407A90002722400014F2C0001D067000236B30001031D00020F6B000177C50008E8B20000B73E0001C7C7000452F7000558F10000C1550001EEBC0000ED820001B30C0001F81E0001332500013FD60000D018001176850001A3A70003BD110000F76E0002A3C10006442B0001A2D1000264FF00013F7800009BF90000E67D0003B5E30000C08B0000F74100019E680001BA0A0011932F0001AF0D000188E00001FE71000C26DB000090DE000F097C0010BA15000294580000FD6300049EB10002934A0003E9A6000127AB0002CA4C0001A5DA00034B4D000176EF0001AF270001481E000105C1000154D500018FF7,5120
50,0020001000,5,000ACCCD001153750002EDA400024F070005DC76000D5A7F00029D6A000E9E0D0000FC6A00012FD20008F42B0003FF750000F93900016F350001A61C0002538B00023B00000302030001E555000AB0B000064E3C001092C800017BEB00011C960001074B000100700006F1D6000142580001BCCB0002B9BD000320700001100E0001996F00023DC1000395470002A641000341A000117924000435500001081100017AA5001162470003C19F0001669F0010AF00001040760001580A0008750A000922A3000277500000F20D000559F70001D5D300045AF6000B4E2C00010289000430360002A7AF000817FA0001588F0002AC790002191500016AE9000249E900063BB50002191D0001D4B90001AC07000AD1AD0000F29200095DCF0002404D000122AE0000B9C4000C5F420002588700020B33000141650000E22F0003A4710002631900021CDA000257380001B51D00009FED0002B3B200034EE40003CB7D0000DD080000C08F000459CD00020783000252030002DA380001FC3200025366000128B0000220520001E8CC0000F8F50002854B000100110003241B0001B6FD000340620011453A0001F1AD001217AE000462AC000E18220000C6FF000160C400010318000DB11A0002E9B40000C02B000415FC00115BA9000B4152000122DF0001315F000192070000C29600033853000122A00001ABF20001F9F10002594F0001C7F80000C23C000AC7CF000196DA00030D0200013C4F0001E21F000BEE88000B06F700026B590002D1FF0005389300031CF70000F0F4000B856000014CEE0002095C00019F1B0000ECE4000188990001AE4B00095B3F0002B4E600031EAB0002AF840002009900010613000F1F830001E79D00033E20000146FF0001B9CE00020F51000076300002E64500024F610001ACE2000F9E260007EF3F000286290001AF11000121D700028BD6000418FE0000902C0004A746000207030001C72C0002640E0001EB390008F8B20002CEDB000166BC0000D328000262510000CCCF0000F7910001C0FB00037D35000D0FC90010BB700002CE5C0000F398000236E20001295300027E180001B2170000D2B8000127EF0002A4E30000B2780002D1020000E8EF000126E90003B4FD0009EBBD0004A085000267A200018FD10001DE20000693CE0002943100012AAC00032E7F0003953400027EAB0002A4FC00049ACD000B0F9100115BC30001037C00020690000115920000FE0800018A110003D29300024CE10000FDA90006C6AA0000F2C3000323220001CDB20002865500011F620001BDB800022BD30005E9CC000119930002079B001198AD000199AD0002C1CB0002437400017F6E0002D5910003C5330001CA3C00022521000212E20001134C000404F30004825B00010B06000207F4000168D70008DB50000170290002367900053DF000114719000577AD000746C30011033300050C650007CAD00005103E0000E9D0000170AD00012504000599A30002BABF00076F590001B39C00019A62000476E7000475AF0004FC080010FF2B000120F00003F76D0004278400018FAE0000D7C100064B200000E752000824CC0001D0F0000264CB0000F840000583A900011958000101C60001470C000262DF000C850200030A2C0004B9060002095000067DE600038C520001C8D00002B8960001E387000B3B660008C8CA000504FB00016EE0000174F80001EBDC0001DB560004730800025E730000CFD50011A82D0001087B00026A8F000272430001667A0010EDA50005A2D30002FC500001339E000152850001030B00012AC70002C6A7000448430004C66C0000F65F0005B3E20000EFFE000145720001BEF5000154790002294E000EE3DB00020C0A000287660001D09D0000E8AD0000C7E500046BFD0002076B00013F5900021A0000021ED30001D3060003ADC60000F9B500023105000ADF170002F73A00026DA60011EE150000DBB60004FC240001F72700018AFB0001AABB00101AE10000DC9D0001AA4A000175C60000CF990001F87C0000EE7E000400F00002E67E00026E510001B1E100009F1D00045FA600024F850012151E00013F020001E24700007EFA0012472C000278B20002782A0000BD830000DDAF000469630001854F0002CD7C00034C2500109F2E0003F76300111DD8000E9F7B0001C82E000220540001C84900032D2100011648000134A90001C631000252CA00019FD80002136E0002D1C7000A182200015DBD00026DB5000169FB0001CE2A00046C5A000172B70008EC7F000147E50002A426001166BB0002BF570004B05B000276A40003879A000B2AD10001C61B00108B2500115A770002C5740001F6A50005772400038459000341B5000615D200018AC60002D0E30002314E00013FA8000318240003E273000646E300052FB5000176B600117449000119D400121B9F0001228B0001CBB10001D0CD000DEB640001962B0000F0EE0001CAE4000182D90000E00B000160EB00030C260000D9E60001BC6400116394000132F700028192000715990001332900045F67000128730001B816000472E20000D1B8000121F600046B210001A0F10001E1480001AF8D000F125F00012ADC00017EE40007D3BB00011D77000FA77B000138CF0003D7D400022DA500111B880004F8C700020194000342EF000E5CC30003E0630006DFB00003AE250003148A0001EB1600053B61000275FC0005443200012C6800019FE40004CBCF000175400001867A0004E0EA0001B9060000EBA30001EB6600031BF600038400001118FA0002766500056A5A00033E3900012EAA000385D70001856D000341420001B5B3000264260000FBE50001366F0011536F0002ECE00000B950000115BD000140B40001FB410002CF3B000A3B820010E3410011526B0000F89E00017C61000415D9000143F00001DFCC0002952C000158C80002B77C0011104C0001CDF40002806F0001379900042E6C00010DA100045FA7000549470011A6AC0003821E0007CA980001615F0001364E000E134E00053C390001B9420001DA210003B15500037724000B330A0003A2B8000188AE00112A430001C98B0001167E00019202000162B800017DC10002B953000110540000D4CD00029C49000EFBE2000456740000B01000025452001209D70001DA390001DA7B00013F1D0001E25700022DBC00110BA30006B54800039123000300FF0001A9620001BC3800023E81000623250010B52500018A280001B73A00013F950007F40000014D360002638400019F2D0006B6A00001B152000FCD220010A2DB00023C010001E4B70002BFC0000A9989000CA540000127170004439800039A3B0002C9660003C73C000B98B10004964F00022FB8000C800D0001718100035148000181E70005DCF00001493F000228B00004BC2D0006A78100015AD70002430C000192810003219700012FE0000AB68B00106F790002D4F900036C8B0001D1F4000476F9000177160001533600013D28000273B80001BF3D0002D551000839A8000E421D00023E1E000358D70001611200010D450002E4400001474C000AF84F00022E07001158700002C77B000191C000045ECD00015A0D0001229F0001A01E0003E6270002CA670000FFDB00044D1900112CE3000DDACF00116A60000125580000BD220001D2C3000559CB0000FEF600022E8B000F457B00036A330000F98F00119161000240990002763C00020F6500116C3800034DE700015093000215BD0011965600043B7600033ADF0001EF9900103CFD00017D9E00114BD200014C1E000160E70001F6350003650B000ACD210001543A0003B5640003353900019E770011B6B50001D9F20010D4280001048F001127D00007891A00028F86000154E20001C852000DCCFC0003AC930003426B0000F1B7000208E500018DC400012C97001102790001F4E80002997400016941000366FB0002745200045FA5000232050001BFD70001E8110004B6C10001E2AB00042FC300010FBD0000E18A0002F0840001BFD40000B5090011351000039737000476D30006A2070001A0400000FBE10001BE6500022B3F0001C8080003B32B00039EC70003FDD700032D46000C9B9900038D2400064A450012011700023E6E0001B7EB0003ADEF0000EA76000252D10004FF720005754F0002C2BB0001786A0002CA88000181C50005F53D0003B9160002449200018BAE00096D630001A57F0001983E00012F91000115330002CC9400111CA8000357BD000A44280000EC410011749F0000D682000A2930000173630003957B0003AA6C0007E30B000123C700040BB6000281B9000139E10002449C0001211700024A8600011A260001267D0011684F0002CAEA00038656000245B2000182CD000AB0F10001988500017C810002254C000267C80004224D00036D3F0004643A0001DD6100016B1900020FE300114A7B0001798800011BD2000244E60001CD370000C17A00023A4E000337930000AFE90000C0E9000E92F300022CB10002647100015A5B00015D540001FF6E00015211000274C0000170E400010AF30001508300014CCF000CE029000A55530001AE91000438B70005D24D0010F7E3001186C40001888700016A8C0001E49B0001632200031F300003B13300033ABF00010E190000D6480012091F0005862A00017625001168D70002A2C70000E3700005E37100014D920002A9EB0000D95F000106430000A8050002CABC0008FA790000BC440000F22900022C3300015A3B000A1BFD0000BFAF0003758C000498D60009E6890002113C0001378E00026F33000226CC00044A74000C15C30003E3140003EFE00000F2D60001F8B8000833360011559F0000EFDD00024CA30001053A0001177900013F5F0001077C00055C4B000CD71D00014A8A0010AC8D00013B4C0001400B0001B501000152A50006C13A0000C0F3000165040001482C000232E200028923000D208D001185E20001C2C80000CF550002D40100027B3A0000D38D00042DAC0008D6990003CFFA0004E59E00032B52000124A20001B4C1000143FE0005BDEC000301470001445D00055C1D00016DEF00015B260000F02A00023EE70005500F000124DB000190B50002AFDD0001D2B50003555B0000D1450000AF9F0002C0180001264B0001BF8E0000EDB5000108EB0001F0B1001210F900031EC4000234510001B0A70002B2010003626700026F7200011AB90002458B0001341F0001331A000439E90000CFF0000EA68F0004888700041B970001E1C100042DD500023C7400010D1E0011B969000105FA0000E02F00030EAE0002225A00025D6E000B24FE0001FD510001A6AC0001A94000029F0A00029EFA00011D61000411C0000245C00001B893000397ED0008BF8E000154AD0004A003000363DC000230850011C2520001125D000140B70003D545001151F900013A1700017A5D00034ED500010702000240310002C35D0001009600019C220002A2FA0001F63700037AC2000314D50001729100025F8800032D240011842100089CE40004A436000266050001601500051FEB0002EB41000C2A6600025C0D00011E570001A83400036EE000036D8800025AED00012D73000A574900118D570001173C0005ABD50004DC5D00025ED0000308F40002D96000050A6A0001AE310002A2C400030156000365F4000498DE000168040000F2170002895C00024E9800019F190005AA2E000264AB0011B0290001E930000370A4000488770011530F00011602000416840000F9B20000F5E80002D8F200016DCE0003466200015D130000C97C00013FAE0003914700014ADA0000F67C0002A7A9000766AB0010DEC50001028200049A0D0001CDCD0001991000017F2500019196000260EB000FA9B90003AA410011E435000F9F9E000613B9000155C000010B0F0000DF4800023AA500010E45000146D300014C960007DCBE0000E7530000F2D300019A26000EE86300083C4F0002B025000D934E0002387000011752000142280001B25500019DA700029E2800026A2100013322000134B80002A8760001A27300017EED000320D9000130F60004E1F2000A1DA8000B5D7B00039CC00002920700012EDC0001C8B8000117EF000833A90001849C0011949E0006C92700026DF400015AD60000FFB30003791F0001D0CB0002FF04000133150002BD0D0002657F00025EFB0003EA0E0005C6E600067FC50007EB6900026CA60001CC6F0000CDF40001B61A0001DF6C0001951F0000E0E20001E9B20004542B00015D550001B16B00051A42000F1D6100012395000166CF0004E4D0000192F30001152B00024A830003349400023F7300019CA1000194EE0002587A00021B1B0000CF4A00126E190001A34100034C8A0003838A0001425E000258BA000299550001822D0012179A00054F6A001105C20001621A0003FA60000362230001A3A60002706900021AB30001D22E0000E3E500018341000138E800019F05000121E900049A830001D2450002612E00114D81000C01610003DAE50002A32C0003722900021E56000B8390000110910000DFCA0005DFDF000332D20005056F000132B00001C1AE0001EA23000195190011B8A60003EAB3000273E40002C0040000CCFD00013EE1000169DB0004A0E900114C330000C4640001B2150001BE900001E0C600013BD00002B3F20001389100011FB30001F85500016C1C000172670011BD1400013F030002583B00013E3C000188080001AD0E0004A2A300015F300001B3510003C741000415A60001997F000217CC000351EC00013EEE000137D90004209F0004138A0002AEE900010EFF000237AA00110D780005A48200021FEA00060F8C0000DAD100023C6F000503B7000147F00001037B000A5F0200021EF20005FC790004E4030003CDC800047CBC0002A0A10004807B00017B6A00074809000411860003A90C0000F7E3000115650003313E0002459C0002CD510008048F0003166C00011B7100031BA8000AC9730000B01E0000DE1B0000CF6B00014B6E0000900200116FAC00033F250001BC4B0010FB090000AFF40001ED990002612D0001AF8E0001D37F0003D5A60000FE4B00113A8600009ECE0002935B00023E4000014E470009921E00019E430000D0FE0003A669000152C600010AAF00057550001164B500010E6F00020D56,5120
51,0020001000,5,0002B08100134CF000033BE80000AFEF0001E4BC0005C2A900018C450002D0D30001102D00024F23000197DB00028F060008ACFD0001B0B60000D7EF0002E09D0000CFEB00028629000761140001E8650001F8190000FF64000201A400014ED30002895F0004444D000116CE0002812B000A367F0004982000016991000206EA0000F5CE00020AB60004DD3F0000C7CB0000E06B00040CF90000D49E000249FD00038815000194FC00017A3300056F250004BEC10003E1560001AD3C0002863400018CEC0010AFED0001D6510003A7770007948B000AE65C00011E08000231C60009713D00022EE10002ADFB000434D600023DF10001F2D20002F25000028C3E0001C61900012A8C000132CC00013B0B00009EC80002E0EB0002727B0001A832000185DF000268350004F16D0002131600079B5100029B6A000378310002536F00014E1F001050CA00010D39000103DE0001BE25000460510006138100023BBA000133E70000FF6D0001998000021EDD0001D19200019C2400024FCD000465050004EC5200013EF90001A4A70000D82200010997000EB8B80000B218000261180001F511000233470001841700029B500000DFD8000132310002B5990000B0C5000120890001B8BB00012CD50004053E0000B0A700029E820002074A0001D86700016312000111F1000704ED0001308F00013E7F0004F18D0001D9FB0000C3D10001C841000187AA0001E67E0001483C0001C59B0009498000029EF70001704F000221E3001078850006D2580001B49600017AB500039D6800017C3D0001137E0000904300010141000126A300086EAE0001A8B800015B300000D2C80002497B0000E31E00017F8A0000FFB80001C55A0001667C000761CE0002B7CF0001ED200001A8B500011CC0000103090001D65800070EBE0003FC68000115FE0002286400023CA40008032D00011AC300039DE8000523DF00115FE400016F9B0000EB1D00009FFE000182EE0002F8B400020F91000190D700022E660003FCE000018EBC0001AA2B00021B270000EEC50004B46A0000F99E0005F5010001FC71000431570006A1CB00017C6B0001993F00033AAD0012361C0000E45B000123D200043BD20001A97F00016E8B0000AF930000E1F70002A3C7000325AB0003AFD900015C6C000258FC0011A9270001216D00043E2F00014CFC0001D5AF0000EF8400012245000240A90000E753000222AA0000F97D000114DE00026A2A000261970002A15B0001C3EC00013F6E000203B50002BF0B0001577900026F5B000420AB0007FD2800030AB80000D04E0002C73D0001289C0002E9BF0003271F0000F0D600010A4B0000DB200001DC47000132D7000100F80002C05100022BA10001FDAA000208210002166F0004A6570001232800052E6C000290F5000105BD0000F0D300038F910000DEAF00045911000178D9000121AF000205F40001F6290004F1C70001374A0001D3A40000B0740004E98B0000FDE10000DA93000169450002628200024C550001C3FD0001F50F000135C3000DCEB0000537070004593D000349E3000462F50000F5C40001421B000349150003A3500001B1FA0003C0770000F1E90004F92F000109970001A4C70000ABB000079CE10001A201000170D800036BB80005EBD200027AE80003459A000788550001D58300038E2F0000C0250001465B000179EB0006DB2A0009613A0002D18C0003EB490000C0B50001376E00010D3C0002950300038E5B0010F5EB0001B7FA0001FEB40003DDFE001360A90002A21D0001173F000174DF0001B3BB0000E2A400009FF10000FDA70001161A0000A0210005102500017F3B0003B3AB0000CC9100099B4B0002300F00018F2C0001E2090001C36500025294000AB48400010BDB00012E9D0007FEF1000117F600014262000167AF0001BD28000472A8000101160000F0CA0001714A00021FC300024E32000223200009DCA5000237040001FB3400131CFD00059C030002E1640001115A000298D3000143090002166F0000D1C00001B9830001B3E80001FF5D00019D8E000BB26B0000E2430003FFDF000327200003CA6D0005D623000308FD000237B30001AD550001827E00014329000194B900025CE10001098A0002DBE90002121A000430930002B294000137980003C16B000142280000F5740003E4870001433B0002874E000138F700018471000128CA000724950000C9D10000DAC3000129390003438200041F7D00023C93000332120001C5CA000184890001873E000137AE00058BDC0002331E000114FD0002AFE1000525EB0006F094000131E1000368ED0001631800013ABD0000A19F00016C3D0002AF480001C9E700025A50000116E4000262F6000322810001D07B0000F68500018167000477A00004FB6200014D8200051A6D00010A93000154530001457100036B090000EBC40002617800014B19000418ED0000B0200009402E00012AA90001036F0002F22F000A15C70001224D0000BFA50000FBFC0003E8290006B0DD000440F9000274370000E0C100017F5800059BDD00010396000459BF0000C05F00017D1D0001089F00073C860006E9160001B967000101DC00010F7400044AA00003E2720005313600014E9B000199EB000155B1000379D400048286000132E70005FBA50003CF8500126D7C0001067C00013DC900013C3C000BFF1900010A040001C267001134E5000884FA000244DE0005D92D000303470002094A00020D700006DB000001FB2700039EB9000765850002D87B0000FE700003F60B000422DC000202630000F9F8000351AF0000EECC00028C970001BFC100130891000233FB0002E12300016A4C0002FD6E00010BF5000207E50006FD5F0001D8170000BFA50001FCB4000258D200036C9D00045D35000453CF00014AB2000A943C0001E14F0001C5EF000261FF000B96F700016FC90001BDD10001769B00121BEA0001870B00013C9F000154D6000118930001167C0005C5850000A0030002EAAF0001EE990001D9C00006EF9A000419E40000D21D0001959500020A09001325EA0004C27D000129930004BCE90001BC3000036081000589D3000664FF00026EA5000302250001C57F0001E384000183E50000F3380000CB6200096AB500025CF500016BF90000C9E00002E41F000110D8000147E8000A0E370001DDBC00131D40000146410001D8FB0002B20B00036635000772970001116B0002A7E20001B1180000D3B10004BBB300019993000251D4000176CD000114300000CF29000263C0000417550000ED35000168B70001257200014DD40000C14F0005056A0000DA780001226E0002077E0001BFC0000411FB00020981000229410002340B00015DB100025FE3000214430000E35700018BE800058BF90003265D0002F18D00030E2D00013F2700031BB100019F3D0002B5190001FEC8000300AA000256DA0002F302000121AD000308D90003865500023AD80001AAA800031E0E000155500012EE230001963800031FC70000D4BF000190C5000407260003C0D8000130430010A2C100031C69000310150001D28D00023E430001CC06000509460002EB3900037AA100016F570002620F0000EF0A0001EC520000F559000157BF0003EDE9000163590013427F000131260003D12A0002CB1F00014A5300028C7F00013B17000108D300020D8D0003D28D00010CE7000146B8000102530001D1C00001DAF20012EA6F00019CC5000A6B480001559E0001BD5A00024C150001F522000256FA00028E4F000151D5000923750000CAD100027BB8000299AB0001670E0000F3650001B28F0001B6590009875D0001A61700031D640000FF7D0001C4F200012F59000214FF00011BDB0004DC200002270C0002556400010EF800023E1E0001B5D20001ACEB0002C00D0000DAA600129D210004ACE50001D2320001C66D00014B3E0001174B0001DF590001F3FB000780AD000185000002D1B500053D8B0001AB7E00120838000112AD000141FE000284A200015A5E00021B8D0001E9BF0002DAA9001317070002AC6C0001F8D70002BE150002E9FB0001E85F00023DE80003CE9200059AEC000252BC00029B5900018A7500022A730001CBE0000287880003BC67000173780003BDEE000289C000011D2F000253EE0001C2EB0001A08E0000F9B500042B320001DCDA0001CEB70002BF4F0002A2B1000102C60005D8E600013C6F0003EB750005441D0001E71F000503BE000FD6FF000340130001022E0001DBD9000128AC0002C69F0006CE030002FCDC000111A0000148A8000127F600013A8C0002FD4E0001284A00013B65000213CF0006CA730001B3B50007FEC6000221BB000123AC0002B91600015D6000028D6100016FA7000285F4001139EB00035DF400137424000529D90002A6C5000125020001922B000128B30008AE160000E9F80001288D0007193A00044C020001CFA20001DC0D0001D8E40001F9FA0002C9DB000246B400045B770003A7EA0005AD7500022C010000FEB50002180C0004ED7F0001BA9700021881000297E500026F48000113F10001E7FD0003E3F0000742CC0001251400018CFB0005C41A000196F300031C5B0001114A000B30E50001226F00132CBA00041A690001095C00011F1400052F9B00015C32000133B9000213EE0002ACE80003431E0001696A0001949E0001DC1600016835000167050001447700126AB30005DA9E00017ED90001B50D000E6DDF0000C0350001A4B500011FF00000E2BD00057EAB0003CA970006816600038B950001081900036DFF0001C89F0001D3D5000181C10002141D000307B00001D3ED0002454C000334410006A6C10009948C0002772600023D7F000090020003946600014BBB00015E6100018A85000224D90002059800021E510001555700017647000148710001AF5F00036DE50013418C000168E50003146D000196D300012D6A000176A90000FCF3000183650002E4E3000285B0000617CC0002B2890000CEFC00020C010003AA11000149220002C9A700011242000931740000EF4400049DA00000C25B000621760000E207000DC5910001E8E70002E91A0001D59200022D2B0003A8EE000CEC7400014FED0004B1790006F654000394030001E38B00052DE60002174B00026BB7000110B200070459000177290001B82B0000AFF4000189D1000496C80003382D00014CA600024C8E0001FC8B000250690008460A00014E1F000343550002E68D0001FBF3000A539D0001E303000105C1000208D20002867700033939000189B6000090560001517500033205000856DF000868710001327400065CA20001FEF600018328000323FD00014A7A000526A500015DFB00028C3D00038FB30004A66A0000F418000E0A3200012D5F00010EC90012F5A800011FF20003C151000213BF00015C5B0002926F00067CEC0001980A00035C1F0003C3230001AFB50001F1110001337A00057FCB0001240F00031D1500019494000205300001460F0001750C00013CB9000447C20000EA3C00040BC500015D7D0003291E000179700001FA930000E1200001BD2100010E8C0002EBFD0005B6A500042628000446650004E45B00045A8500044153000577530001A43700014EE9000190220004A42B0005B6DC0001EFDE000277980001896400011E6A0002288E000307FE0001FAEE0000DEB50001113C00097B1D00014D280003214A0001D8770008C40B00012E37000161F7000137680002A80700023F000004F28F0002A78E00120AA900012EE30002757C000B25970001DEB40000B1180002F5610005B5A700019FE30000DE560012050100016E7600021F2D00019CA90002DC77000540C9000463CD0000EB45000285CA00025C130000FF8100021DA800015CC50003351F000091580001CCD800044B8D0000DE87000B7CC90000E7BB0002ECD10003EE9700013F3B00015254000321350001168F001314F90003BC9E00063D870011E71600030B3D00019B8F0001F6C200062AA70003AD0F00032F370008E7D9000337B400029707000276D30001C4BA0001290000015CD70001A4C100015D6F0001E2B7000119BC0001BE4E00034A82000943210000CD8A00020B1700037DCA00016BB50002AA5D0001142C0009C7040000F5FA00015CB500028E22000301AB0001692C0005A59D0000EFA40012F18500027B1B000290FD000311EB0001F272000159C2000226870005CFC90001CF290001014F0001981D0001E42300057BD70006867A0001E80E0008EFE10004344700010B550001EA4E0000AF230000EF960001282B00013179000483E6000183E20002F1C300126D23000212C30001554B0000DF6100026C3200011CEB00040A6D000149E700019E2F000228B00000DB140006E6040005829000042F270000EAEF00014232000883830005C67F0008767B00017A950001418F0001E7E200013B8E000293440002BE9C0002850800012E6D000137DD0001E3310001166A00026DD40002BA13000495C10000D6100001E538000103CB0003928C000102D30003B0330000A82A000194BE0000F017000258EF000198850000F0AC00021007000222F2000250C8000461990003EC86000167F10001EBFA0002823E0001289F0000FD4F00013DCB0002952B0002B982000648C9000269BC0000BFB3000246680002118000066A120000F19000013693000408A80001E8580001A80E0001211D000113C2000400EC000308B40002A9B600011E4F0002508A0002880500019E500004C7240001546C000164AA000169E700032E73000137FE00016BAB0001126C00016034000199170001890E000200A20001C6E90003686C00047E3B00014A1A0001A6080006AAA80001578700015746000376AC0002A95100012E9B00010EBD0004B5190001C7E10006E2810002E7E000013FA7000108230004C68A000607EE0002DC6B000761F10004175900019D1800011526000552F60001A297000194FF00026D1700015E370002D1CC00033D6800016651000825C7000115D000011AA400089B6000052528000170520000F5D20000FFC700025DB9000374890001C5E20000FC6C0001CAAC0003DF31001339730001C52400027D080001CA700001670B0002C2BD000253390000E2C300012D82000278B7000482790004143500019D7500023005,5120
52,0020001000,5,0000FF2B00012289000122B700015C390000E62C0001325D00015DE70003964C0000F2020001877F0003C5870003D4A80002196B0004B045000648220001AD7D0006BFE400128FAF00009E720004175900024BCB000A88FE00016DC50001BA880003396C000248CD0001E9D3000107ED0001B7D50001E20F00011F2E0000F26100011AE70012C8B60000F719000182CC0001C0A50001ACCE00010F78000177E1000267D2000173840000F07700055211000371E20002BD1200022D700000FF110004E866000237C700055CB50000DFAB00029DAB00035E240000A9BE000132700001E0AA000107BC0001804F0003FF1700019CBA0001C4BB00021D6A00032164000564180001CCEF000367AB000FD5690002F73A00030E0D0001E52B0003DFE7000195AB0001A6FB00018B45000311940002A0B3000266B60000D9610004D549000395DF000125A70000FC810001696C000143FF0001E5E50000D98B0000F70500011094000C88CE0003326C000676380002F5B50002BE330001DA2200028A260002BA410000FD7D0002589D0002CF3C000236650002429D00011A5F0001839E0000F93A00015E0B0001FF2900038AA50001CAE100027C3F0001EC5000020DD80001E9940000ADB00000BF8B0005ABD70002B04400056A1B000139B90001F9670000F16F0000F1CF000277C10002657700022EB000017EE80007434A0005CFA40005E78100129C490001D76C000B6EBB000164D2000446AB0007B00E0005B83B000327E00002000E000179630002DC440007B6DF0002BB1600062EF9000132B70000D6B200019A150002F2F700018D7C000236F60005105900034181000534B80000F65B00041A9E00015AAB000164760002CCBB0002ACB7000836D300115E3500026EC5000217190001721F000110090001DC310002E177000216540007A81600013F550004A55F00020AAA000156FB0006C38D000182BB0004F72D00079CA4000167B600013D5A0000DFED0006DA5600018945000154DF0001F34D00033EC100063E130002FA570002D29B0001BD8500010FF100052D1A000408A80001C953000130F50002E76C00018E9B0002EB710000EC9600065E690000FFD90002901C0001CB6B000104E50000995100013BE400018C1D00020FEB00013C85000E1A090001D94900016F200001100F0003A3670003833200026FDB0002D291000154A80001379A0001ACEB00015D330001B2D2000136870002BB7300072BC7000BE3B900012833000205E70001DFE800012961000ACF5B00014BB10008C3D900019D5F00029AAE00047ED40003559F0002F988000107A9000166D800011981000C95900003185A0010CA340004201500018BAD000131940001367700018CCB00027454000114F60001706500016A11000107BC0003283C0001F1450005D96B0003CE99000224A70012B4CE00011860000995FA0000FA6500020D150001EEE60003BF490002F3EE00090BD700016E8800021D710000C0160001ADD70003C9C60002E30E00028D8D0000C1770000DCCD00096B8C0000EE1F000197F50000CCDA0001897800020F230012C41B0000C0190000EBB600019F5D00023E89000209050001BFB2000219200002B9750001E5530002EE4000010D060009DC7200024CC900026F0D0004539A00026173000153570000C007000179920001AC230001A9D10004189A000154F100061341000628830001B43B0001BE610001C96B000234B900064AD5000374CE000250960001D8B50001F1B10001F7CB000515EB000167710001C92C000339100000CF000002B6F80000E3B60004642A00022B0F0002159B000243B900031EEA0001D3A600028DC00002B78F0006809700068A9F0002C0D90002120C0003B1850001BB86000126AD00071D890001188E000E49F8000401A5000102140003319F00013FEF00052B43000284C50007EA3E0001D31E00044557000163BB000882D90001DB1500027669000100D10007CD220003183B0003753A0003813500047B6D00129D9000043CFC000187A900046C5300021F1500041B330001448B0000C4BF0001EB970001064800018B7B0004593900027FB500016BAD0007759700019E8900011EA2000257600001F4F100011FF90001C1A60000D23E00032E05000108550002937C0001621700017D25000330B40002172400033D8600037F3600029464000235FD000711D5000307170001AC780002952D0001FE3B00019DE50004C377000270C70001A29300017A5500025FC50000C9EF00053C1100020FA5000146C8001000A90000D6150003AE4B0001E5C900030FED00049CA9000466570001C05B000150F100012DC6000123850000F3E30002AAE8000146F10002AA1E000232590002055B000141970005F2B3000175E50000E380000131FF000341AD0000F664000394FF0001789400012BD800087E240003368A00017E640001CB7D0008548C00011740000112FB0001772300015EA40002C480000102510002665C00022D7A0001473F000114A5000212BF0001BC3A0002D1CA0001100A00010D2B00027445000512AB00042BB3000752BF0001A7CA00027B600002BBA50004BF2F000108FD00010DBA000236C80001707A0001AD5D00018E370001C90900016DA80001347700011506000133D3000B4E27000185750006ECB5000ED42700041F3100026DD6000203CD00029B320006F78F0005385100015138000914280008AD4800022577000246F90001168700045D6B00014D89000253A00001C3CE00043D310005F7670001A61B00011EA2000E5DED0000EF860002A9C5000360270003AEC30001947100026DCF0001589B0006430E00023735000174DC00016E3500039D0E0001647C0005E1BB000236C30001438C0006A86E0000F7300002A013000239B9000246100003C3950001C0530001193F0000B684000516440000DF3B00039FB50000C7E5000243520002ED8300076D2800031D9B000122B90001A6F9000166440000DE990012B0B70003CC940001C20300026B870001F74A0001AC620006FDA800019B6F0012E35700014841000132ED0001CFF8000316C90001402D000A27530001F6970002783B0000C0450001BB1D00010EFC0001379C00017A480003E6EE000139D50002CDD10001BDB50000CE670001235B000BEE5D000122600012F1DB000139D3000FA0BA00011A420000F1A600010F88000131260000AED0000150440001199000031E360004E72B000159C9000729730005245D0001CD48000205530004935100126A70000172D4000197750000F0980001B4180002137400023621000188720001F3DF0000F231000871A40009D7E7000251A100015BFE000240FC0000BF970001821B0001AC74000177DF00024C550001F70E00017E600001760900091C77001239B9000BA8D30001AC6200056B0B00017C1E00012AC8000279A30001CD9A00059D730000F07B000314F300064DD10000F7DA00012CE4000203840003D2A90000BB7900026636000209170001FA41000374960003F4540002D2F50001362600128CD6000243650005FED6000341890001DA8B00010E9400033B0D0000B1A80002560C0000F87F0001F9040005A9CB0001DC650002A9FF00044855000122830012AF7300064E110002F103000190490001AAD30000F61E0000FDFA0002CBC80001CC18000246CC0000E8940002DDA60001150F000877BE00010D9A0000B7900006ADCB0003185300014F5B000166BF0001F3A60000ECB100019A59000103DD0001B209000350BE00091C72000190FF000C4CAD000169030004629C000154270001C1AB0001A770000356AF0000FCD500014BDC000147F5000304F3000156DC0001EB3D0001365A00030EB80004CC8700071CD30002150A0004EBE70000FE650012B22D0001833F000137CC000428ED00132BC0000264770005EA700001B40E0001E4DE0001367A00029A6B00013460000131B20002877B00024836000684D7000BC637000740CB000187CA000379A50001C07200022EF500028033000193890001DA9300083C37000377AE000114EA00033D73000179380001CBC200017CBE00035DDE000346680001B12F000211F1000179EB0007A5790002B1F6000189160000F34F0004F2B200015A930002E9A300015295000181100002707500020C52001235E50001029700076697000160AF0011CFB2000270D40002CF810000C49E000F469700011BD70003274A000117B900018FA0000169C50003001F000667800012EB21000139A400010DAE0002B2ED000130FC0002CA4F000168550006C1EF0012D5010001F16C0002E5150002097100014907000671940002FB590007E4B0000207B200014442000AAD2F00023AEE0001508F00010AAF000568B40003039D000128B80000DB9B0003833D0001195D0000CF9A0001AEEB000228A50001627000017A280002BD1900027BE50002C86A000363A30002855A0000F29C0000EFF70002ED5B0003F123000255450000F7690000E1F600027DF2000254AA000154A300010157000151A9000A44290002B5750003BBB0000104BD00027CC10002000B0012A238000127590005EDAE0001ECBC000104F30000B798000E658B00012F710005FE8F0004F3E500027E7F0002B1420004EDD900061FD50002025B00010245000104AF000437660000DB070003B604000244CF0002252A000339650004AE67000571790002380C0002129D0001FD320001A84E0001193A0001277000020DD0000196100008562B0001B7CD0001A11A00027FAB0001292F0004188C00019357000395DF0001FD5D00011238000352A10002F08F00015E7E0001734F000250E7000253550007B0C10002B6150002047E000898CD0000BFF500080BD00001E52B0000AFD5000A26BC0000F01A0000D23D00024AF500016A1300023CF3000156E5000103790002907500043AB70000EF83000D9D230001163E0000C641000396CD00013AC20004204300056A7500013ECB0002C9610001D5A60001DD860009FBA70002ACC00002CFD800034B560001662000014EB200015D0F00028F06000225550004AE89000351F000012161000457AD0001EAC300022E0B000272F90001C1810007FC60000145EC000167920000FD5100010D5A00079DE900042BBC0002944800016AE700075AE70003412100044233000131E20001CCF7000E4D430001C46D00030FCD0005D6810002B3D70002FF810002A08F000190480005E3E1000155DA00129D7D0008801A000B571F0001F260000247E00000BFF80002467F0001005B000090000000DD32000245D20008793B0002B5E70000B5D40001D3C70002D01D0002F9AA00022C8D0000E93500022DB50001DA960000ECCE00019C840002BED7000415410003CC5E0004C50200013ED100019B87000189A900018BF30007277100079E390000BF2100022F8300041458000185F800012DE10011E25700012AE60000E0CD0003E0D900011EA50001AB090003B40D0000F25A0001C4890002D7130001AF990009029D00095B190000C7E30001EEAE0001D6200001FBAA00043FD100017E3700010DE60002A985000258F200064A7D0008662000023FCB0001681E0012DAAD000142C0000141490005E362000449210001AFCD0003139D0007A01700015E2E000196EB00072E260002A3F50005F97F0000DBB40001414A000153AE00011FD900015C0500033C3000016E4500017F8D000324AE0002EECD00024EF80004D449000162E90007B27C000117190002E16700012AEA0000AF8300016EAD0000F4030001DBD50000DE3D000211E600013FDE00026E95000775D100014B270012E81E0007E37200016A370002AAE400018B1700019A690002C38F0000F721000A8B7E000256950003E20D000109E90001BEEF0001E44700013C570001AC9D0000FEE30000DC30000277F10001C3BF0000BD570001AD590001E6850002A1600003825100016A6E000289E40002A24B00012F440002733B0000B2FA0001A2800004008B0001228F0003229A0003D61F00113C610001D0230004FBDB0000E06B000149000008453A000ADD5B00011AE500021AD200079FA600021D85000310C90001F1CD000230E8001396810000DFDD000267B100018E55000338F2000234F50002AAE100016818000359C900016625000316D9000641CC0001AB140001995500128B4200015963000AD020000261B900029D81000280260003937000047D14000226B40002EC09000152AF00037E0D00016F530000AE6A0000FE3D00021DF300129F4700070D3500011EAD000379FC0002E95100014EF30001A0E5000A001900041D3C0001B6270000F5CB000236380001DB150001CBDF0001C060000263AB0001D9C900014CDA0001DFBD0004FB1D000388290003421800095BD50003BE6D00019FCE0001517C000135A400047A6A0001BE080001B090000172A40007A8DB0001CECD0000E256000492390001B94C0012B00500015DE5000FB7AD00012DB50011ED2B0001125600051C6F00023CC9000114650001647F0006819F0002776800041FEB0002097D0001F14B00019E2300035DCD0004D4ED000484DA000146480002605B00011ADA000B1E3B0002091900020AF10000E41B0003E01E0002A572000161E500018A360005840F00015141000B3CD90004F1BF000137CB000883000008F209000269FA0001801D000231970004859C00013DDE0000D3C1000450D40000F4E7000137510003DB3700011C7D00018CAA00034A67000112BB0001B52B00098AB0000257F30000FCB30001F58F0004C64D000259790002B02F0002341200088E1600016CE10002EE7F00024A840001379C0004A4850002218600016F16000E41CD000117F300020FDA000153F70012E7D900009FF9000364500000F76B00023D200000DFB00001529200030A45000FF9A00001900500029C4D00036F48001257850005C5C30004CD400001956F000114860001CC50000245F7000793E20001BDC1000233C4000436B70000B3AB00014D950003E50C0003BB1D00020DFC00013475000269C40008F3D5000159C30001BF860002284C000199F900016F0200011BA7000128DB00037E1400081C2D000320A3000151E200013C490000D3720001D33F0000B10900014B0900027438000283FB0001FBCA0002B445,5120
53,0020001000,5,0000E014000613520001844100034C830000F0570004000F000131510001D4FD000331E1000358EF0003A32D0005E791000161E40001620F0000B158000265620002A74F0000CF9900028BE40001B8430001C8DE0002AE420001A78F000571B1000252E50008F07D000240350000D0CE000355AC0001FF0A0005467500016A3B0003C9480001C4BF00043D7D000311BF00015E9D0001BCD1000185640006305D0002208B0002F9CA0001C7860004CE910003DE9000019C0F000125840002A4D80000E7D90001C25500018C0D000165540002A02E000157AD00014A500001137200018B500001F87100010F0D0001D0040001EC7C000236580007A15E000327390004B4680014A5A70004095C00011C9F00036B19000228150002E3F300018DEE0001E83200014FBF00025CA00001A3060001461A00030BBF0002796500021FFD00058D5D00048281000125F600023E540007B6F20002B05E00009FD900027C6700029B8800147FBD00041B700000B69D0001E0700001ACAC00016800000196150003EDF1000131E7000490AB0006A1B30002F0E30002C0390001E7400000E0FB00016BC5000210B700037A7E0001CB1B0002C6C700026D3900047D1E0000F083000130B2000113D500074B1E0002EBF30002B39A00011C910005019B000144F50001C70D0001052800015FEA000116F00004B13F000141EB000453150001D2190004B5720000CFFB0001E2B500010A6B00024CC00014DCDB0003149B0000BF13000103C600106A9B0001E2F20001CE4C0000CC1600016D960007E1830002E39C000345430001C0BF000102530000B2180000E13900051A660000E07F0002572D0000F0D40000C03B000185D40002F66B0003574C000A22DB00015EF200022BD60001A579000594880000CFE300014AF20001F84B00017EA4000176A50001D30D0003C93E0002D6FB0001DF4D000284D50000BF8F000309BC0001277C000342B5000204C200146E3C00015D92000BC09A00017E9B000527E90002C19D0002D4460001E9040001A661000499AB000173600000AFFE0001FAC00001B4460015372F0000AF7A0001B7E5000179E20002E74F0002640B0001E19000017271000144930001940100013FA0000365A10001DB330001F7AC0003D67A000342860000E03D0001FA7900019EEE0000EBA7000269F30002C28200033C6F0005265400024E1B0003310A001476550002AD3C0001F9C90000C1040001D6010002D013000374FF0001FB7000039DDA0000DA900001A5170002314F00024D1600011106000135020007F4630001E60400033B0500016BAF00014C3F000191CA0002EF030001817700012174000BFED200012594000276AA000408F20006AFC10001EAA10002812700026CE700059E07000338BA0001C9780004E7EF00032F03000611AD00018F950003D6810001FD24000176BC00029AE50000FC71000094E30001E0CB0001BFA4000B1BCB00055CE1000142DF000518C700027A3B000B557F000266D500033F9D0001BF3B000135910001B0E80001D9D30001111C000241260001CE040003C0710002D5160001BF340001321D0007D23D0004D5E7000141710005F3DB00047973000100F20000F3430001454E0000AFA9000151C80000E5A10000FD690002000D00031C8F000252890000CBDE0003DE9F000107F10001162400033888000394FD00020C780014855100022FBE00021EB40001F3AF0014F0F900018CBC0003D42800010B0B00018A670000CC8600036C630001DA4E0004CF360000CED000014B210001BD4D00021CFD0000EC620002A1FB0000F20C000458C700012BC600014CF10004002300068F110001B2C000026D460001F2F30003F7A0000118CA0000DD1B0000EF2900146D290002AF720002E2630004E7930000FF9900028693000148A40001017A0002FA25000119880001780100029BA700020C490001E9830002CA6B0001E20D00023B310002652F000155D30001453F0000FF0900052B3B000231F700010013000410B9000427A5000B4B1200024FBE00039165000133F300031157000172B800021805000707BF000101AF000224A000019183000365AD00013FAF0000FF71000080030002FC8E00017299000147D7000342D9000454850015425A000976250000DEC3000197160001AC450002DF0E0013821600013F3A000269950008A9700001685F0003ACB700049A640003005A001170C100023CB50004175000027241000121740001B3240001C1A20001D6AC0014B6590001784A00024FD00001385D00013B380001E7720001F50B00095DC2000162960002EAFA00032D2100045108000211F7000301F30001A6730001A3FC0001A929000143A90001EF6B0002490F00025C1A00011036000169290000F69300026651000344A5000273E300025731000120AF0000C2210005BDB3000279AA0013F49400012B8F00033960000103EC0009B10700010A5B00061ACB0000EE8B0001FD9A0002F66A0001CAD800028BF40001909500011AB7000323230004002400028B13000295A70003310500031B0F0001FF010002235B000393B00001CAF20003F09B000110310001D9150001F40C0002CEBC0000AEC20000D6B400040B93000590AB0001F3D200021F910000FB640001A67C0001227B0000F4A10002436B0001F35700013F810003650500012BF80010A8B60002A857000292470002CEC7000248E80000EEB30001104100018F0D0000FAF1000182710000FA790002ACC3000230B90001948100025C2100053A4D0008CE630006225D000134AD0001F01C00041FEA0001E4F5000330050001079B00039055000250DF00036CAF00063319000133A600014FA4000BEF690000D7F30002C5060000E13300020FDF0001520700023BB9000178E30004F9A50002E2380000FD68000100C90000E0EC0008ABFF000526240001EB410007AB620002DE55000111850001BBDB0001CDC900024EC70002757A0004AFCE000487F10000CFEA001102930000EF510003660D00044FF10000F6370001297000017EE4000863EE0001906900019B9B0001E6220004258B0000FFAD000119C1000225050009A80F000175350001ABD20003BBF0000181400001033E0002067300032B4B0001D930000379570000EC00000186AC000130CF00043E7500016969000158D90002291700013AAA00015D2300012857000115F20001F41D000161FD000E8971000881A300036FD30003D56C0009BADB0001478500010BF70002BEE0000355D1000621760013FE400002BEDC000113B10002687400011FC70002DEA50002140A00012FD90004B81F00027B1700019FA90001FF730001A24C000283B300016CC200018FFD0001DEBD0001B87C0001C93D000722000000B00B00059D350002631D000870E90001D9A000017DC4000312760008A4B0000403D400025D87000930120004FB6B000199D20001007C00041AA10001806500035D680003E3010002909F00029288000144E400018B010002E04C000250DC0001774C00028E520004D61A0000F0510005E97D0001A37700025D5500050DE800022EC50000F2E00002BC650003E0DE00067E620000B3AE0001B2C400073FF30006B1950001587300034BEB000106D0000204990002B5D30001C26D000198F00004DCBA0006EFBC0000DFE7000110D700012B1A0001B4020001A824000116E2000362A7000101310001304A0003CFA50000F8930006F57300026BDC00013B3400021C4F00014467000C3B0300019134000153C8000255B9000505E20001D5650002797300021ACF00012A5B000737A30013446D0001C4FF0001CAE90000DA6200011E610006F407000938B7000913210013BAF70001154A00011AA900022BE700021B690001948C0004DB31000256970000E44B00017B9D00010BEA0001C80A000242CE0004C93200025F0D0002C6030000A00A0000900600075C5D00044561000105040006D8670005BC560003343D0002C4330004D920000474BF00034D43000317F10003B025000286910000F0B6000129AF0003853600018795000345E20002F8D200031CA300027C9E000260170001C9690001A14D00064ABA0001F8BE0001C67E00032F0B00033BCD000473530003686500023C7300013AAD0008B00900013D8D00054CDC0004F6C10006A9170000E95300034543000249AC000586E00000F04A000629980003568C0000C6DF000300B90001FFEE000230CF0000F22A0001F9C50001C7D0000396F20001A64900023E0B00085CED0000D3050001800600020D7F00012CFB000258420001FEAB0000CABD00014FAD00010055000549BE0001D3E40001AA150001B2F500013BCC000122E100010E000000FD1B00016B460003E5D00000913B00027082000324640007D0690001E7AA0001034D000239790001EB8E0002FA12000362200001CFD50001FF5500029E6900043865000295D00002A3AE00011C47000229D5000138BD0002434F00022CE3000162A20001CB2C0008CA360001DE8A0001535F0001C5D20004CCFF00020D7600025EEB000139010004855E000227C50001665F0001D7570003161A000162510000E48000042BEF0001AEF700044CE50002DECE0001AB8F0001000B00032B2400014A3900021DD400028C950001719300022D980001A4F80002292200013F8400012E0C0001826B00017FA00000E2B900035247000265A8000C14AD0001C3840002491B0001526C00073842000300110006D6ED000205FC000236110001B6720002D4F50001A8E2000364C80006276D00028FC40002744700066EB60002E7CB0000DE6C0001BFE500015F5B0001D37D000210D5000107430004AF230004CD170002B6850003062F0000DED9000291840002790F0000F20400020094000188C9000115E600015E7B000102E60001C4240002752900035B7F00023DE4000255DC0001084E0002E31600103BBC0001039B00023BBB00026D5E0000C0900000C7230007AE5A0002A0A50001B173000180070001438D000105ED0000F61300031CD100030FE3000165B10006633700019AA40002F66100016CD20000FEC1000177B200011E3E0001F5130001F3CF0002D9090002AE950002B77B0004F01B0004E0F20003E73800025E250001D0E60000E07500036FE200014E92000151D00003553D000269A800021BE100022DD9000500E90009B5F700011D2000017ED900023A960009348F00015EE00004117000014D6D0004A6350000DFAC000255CD0000E0810000E00600025AB100093F310004C7F8000425B4000143AC000124140001EEDA0000B00900019355000B291F0003618000015AFE00088B4E0000EA3F0003824C00030FC600028D5B0003BE82000355880001446A00012BF800012C410002F7F90004E2390007912300031DA60000EFD300137F6300019E0500029FD5000A17910001BE010002415B0001314B0001FECF0003BC950000D3080001DCBE0001A0280000EC3C000158160001F73D0000FEC900016E460001B8EF0004054D0000D4730005C20B0001EAA5000269B500014C18000164B5000500FD000215BB00025B2700011E2C0001A9D4000382360000F03A0002791700030A120004B0CD00025E3B0003982C0001EF35000844FC0000E7DB000517FC000330030002189E00011D660002EAA5000195AA000314650001F4260001F728000130FE0003B20B0004B4D40000CED300030DF10012AF9B00021FAF0000F74700069BC60001F8EF000226A50001AB95000680D80001160C0001ED3B000147540001152E000F1B370001B9BA0001E2350001912700024C4B00025EE30000BF760008A9FA00018B530004F7570006DAD1000132E60001945C0000E7DD000199C80003289600020036000275FA00013B870000E94B000158D6000172DC00021F5C0001221700146E8E000166C200015DEA000238310014F2C600010F5800092659000216DF0011CC700001802900062C640002789A0004BEA5000207F70001D2370001447D0002FD520000F0A600013F810004EF5C0001B4A20001F95D0002801D0001367F0002BE23000831170002CD690001795C000245F90007BAAD000805940001464C0001268F000144C40000CE480001E1AF00049EF70002F8D90001436100014DF40001238F00069DAE0001EB71000168BC000207540003879300025AD300030C8000016C1D0001360100013EC20000FE32001127A600013DC5000146F2000640320001FCF70001312B0002C6790001C5A90008BD8E00025A8E0004F095000136DD0001F12200020A11000090E10004D6AA0001DE3E0002D38600019B350000FE5D000222B20000B0000003969F00042597000249DF0000CD840000DE750003B6F00000FC010000C88B0002917F0001AD530000E7AD00010DD0000520C0000110600003AC210000E4F8000186A90002FADA000AF76E00015E330001C0FF0003ACCD0002BC85000184B1000470FD000509740001204F000603170000F0740000B00400058F0100013A1D000188660001212C000334170001C54A0000DF510001A93800039F410000F1AC000101FB00017D3900018A560002D2090002490D0002A34A0002730D0001E2D50001A4220001E4A60001165A00015C850001D5F80002499B000218E20004969D00034CD40001A5B70001C19D000171EF0001ED1D00015AEE00142C34000160C10001C7AE000924FF0004321A0001B10E000311DE000157C0000246A7000386C60000F9B30004120000112D930000DF5600018A01000123D10001A7A8000159F90001B0150001B98D00029913000123950008EC040001D4EB0001F8F9000217C20001B2E6000215780003B25C00015D990001B56D000537CC0010997E000139FD000209640001DB4000017CE700045A62000188A50001144D00034E2100010B81000111C800069B990001D123000137BD000105EE000162370013233A0004076B00023D9500058A78000187A80002B6F6000466710001A8120000E8690001549100018085000285C5000155B7000279CC00044F5E0008398E00014BEF000153450001D3B0000454250002D89E0001398A0004950D0002782D0001CDC3000347B400043F7B00013D490001724B000345A50008B6C30005C5C40001454100061C64000166EA00035B160001B8B900010EA40006BD7D,5120
54,0020001000,5,0001A5B7000428230005CF1500015B3600017208000137C50006B561000235410002C12F0000FD1F00014BE500076F75000268850000F04B000235C1000212C9000119DF00013F1500011D0100082FA50002854B0002B83A00021C5500010AFF000177E20001FA08000194D40006A7D2000152F90000BF690002A110000844AB0002747E000166C30002028E0001C5E200013DCA00019A1600011F5600026CA000010E97000D06E90001278200017686000178DC0001D49D000187730001F7D40000E6E1000213560000E0850000DF2100013C870004AD4900027B700000E01900044E5E0000FC7F00016A2700021C3100012B0A000662810003AFF8000131D00001A3690002119700023BCA00018C7400026CEF000142110001EE1F0001674A000273ED00025C7B0001464100017A6900012FFE00042439000363DC0001F1770001BD440013964900017639000A4BA500013B800002C0F000019DB2000355490001C0B90004D2B900022941000CFC1B00063A650003A6A00002F5C90003335D000195A70001A1110001137700037AC900062499000100E30000C35D000257CC00014B340001E0B90005FFD500013A3900040CBE0000A627000439490003DB8D000311A0001386130000DBA90004207B0001A1950001A4990001DB2C0001B4ED000302A20001922F00017F2F00018E860003FF9C00020AF50006D9820002D2710003523B000439410000BB010003210100015F900004234100014C69000254E100039EC600015264000483510000D3D80005F33B00024F7C000148980001531F0003586400055F30000140E80001E67C0002316E0001705C0005E67F0000F0C400010B63000361A0000217FB000520950003A1040003F1360002C3000001FFF700042273000216720000D06F0000FFB500051FAB000180A40000DC240003DEC80001960A0007E22300012AD700044EEB0001ADEC00013E7D0001FA26000130480001587D0002744C0001F6D000012C6100024EE6000147080004402C00014141000136B50002BD5B000273710001ACAA0001AA1E0001B4250001200C0001F2650001AB1A000512280001F2860002C52F000232350000F0150001BF5900018E480001C49A0001A8F10000F37B0002AB9500055EC1000375FA0001D6040005AFF80004BDB70001D6B600014AC4000106CA0001BED100047FCD0000E022000237800001691700039DED0002CCEA00039A49000217E90001D6E30002BF5A0005DE920003533500034EFB00020BD60003461A0001C5D70006F8EE00018CCB0007AF110001625A00052F280000BB3F0001B49400040BC7000163520005D92200023824000269AC00014B7C000769040001398700020AB40001A28E00024359000354B1000145310013A95400013B2300023501000218590003B5CB00025DDA0004B3FA0003F19A000117110002CDE1000127B70001450A0001BDAF0000E8F000059273000165CA0001584F0001F58800048DE800027491001196E70000F7BA000357400004E39B000278B00002EB310001BAD500026C92000334C300016C5E000253FE000357230003F58300033C1D000261890006C2480001A6670005032F00021668000149C600027C4100024C340001EE190001CF23000101F20001885900010E39000090000013E0DB0007AE840005A6990001339E00031BD90000CFC900012749000134A300020E7E000185C00001803100018607000123F70003405300038C410001C1B100046CE90001E2F3000386330002C87300018F2E0002ACD30005F0F90001DFB70000FB8100031AAB0002FCF10001258B000676C900071B020001EE600001E02E0002849700010F8D0000C10500028D730006FB8D000174C5000791F3000164EC000201F600047F9F00145EEB00046A8000012BCD0001C9FD0002E8E30000BFDF00062C530003776A000313BA00023BAE0001737E0004CE6D00022A83000297BC00135F3E00019801000212D600016B110003414B00026AE50002EAF400041CDB0001037A0000F7A10001D8A200014CDF0001B06F0001222C00015DB80002CD5100012907000466FA00011F4E00017D3A0005BD0D00012B9B0002EAAA0003BA46000A5BAD0001087B0001B8390002B10D0000CFC10001D71C0012ABF00001605F00032B1C0001418D00012FC50000FE780001FC9D000478BF000626270001191800017491000107990001652F0000FF0E000283010003803B0001FA430001879F000C9C780000B961000148DC0002136E00013B9A0001A62900018C2300022B430000F52B0000F3B40001E9550002D7D500043FB60000E611000E87090001199E0003E07300062C9600023351000146B000011DC70007925F0003492D000296020002805D00010F0B00017ED50002180100022B5100044CC60005CC87000280380003326C00012E5A000118310002E415000106AD000355DD00015121000174630001CF22000105070002A157000252D0000253150000C0170001C37700021DB90001CF8900015D890003193C00014AF900030E290001135700009D150001A59C00025AC80003E5630007924C000209220002905000078ACA0001FD4C0000EC650001D9F60006587100014D2A00012B0500011B57000328AC00017387000387CD0001F1430005B9C1000111BC000287D40001F1BB0001DCD50001BA13000736940003BC020001B0A40000FA7F000151EA00018D960005B9040001FFEA0000F4420003AEF90002BFBD00021F57000241D6000299A0000190400000FFAA0002B88400024C64000192020001DAB800019633000F856F00013AC1000397EE00025BF3001398D70002B7BF0001BB650005AA6D000554B4000259860002687F0006D5530002AA9B0001D3960000DB500001B32500033F780001E0D90003DBAB000161EB0013B71C0002486B0002A2600001D808000191D70002032900078DF60005E942000170CF000213850002BC9F0002982400017F620001F57300018E4400011EA700023B5000034E730005B4BE00017550000465BA0001FFE200027CA60000E0F3000311B100018C6700011F3600016F19000309A50002A38D0002DF3700018C480001835A0001091C0000F42F00017341000145D300027D550004E9660001A2450001E21200037ACB0001012D0000B33F0000C2150001EED9000159FA0003062C0004908C0001386700010B6100044A4E000700E1000204740002B3FF0003290900027B740001618100026DA40001AC1A0001C8850002F1D2000A9E1D0001A07E0001CFE3000200940003F62F0001B3C30007B7A000013375000141B300014B9E00018CDD00035FC50003282300011A770001924E0004E3A40001AEC70000E6C80013C7470003A83700010597000107B800011106000115060001B69D0002D6490013829A0002DF73000233DB000130A20001D59B0001586A0003CD4F0000DC7F000EBBBD0001237D000321BC000AD00C00020C840000A842000148390001FBEC0001531F000303120011ECE2000126AB0001BC8D0001382400017F7D00015082000314D300009FFF0001F71300022BE700025CDD0001036A00018567000126DE000221EB0000A000000594100002BF880001F05700060EAC000409DB0001CF450000DF7B000172A1000133500001145B00025EFF000103620001F7D60001E1B5000341AF0001AA45000136560001FA0E0003042F0002C3B10001919A0005623300018AFD00016AA3000140C0000110870002A540000141690002C849000128090002E8FB000202A10001E03F0001859800060E980000F1F30001D218000187210005A8430002D17F000194D50001FB6000013426000115EC0001954D00030FB60004FF5300040D27000107D50001B6250003129800010AED0001E70E0001E9AC0012A0C2000170540001A5510002AD1900033712000295ED0001497D00024275000F8E3300015A4D00018FD30002B45F000781080005DEF700038C27000224F2000259090001A5BB000522CB0000DF430002A8AF0002338D00029F210000F58C0013EA1B00026B1F0004A06500014AFF000282DF0005552F00015CFB000154F20013EE6200014414000102EA00012CE8000120A40001A2D30002A7680003E5B60012D2AA00054FE400010CDB00026E3A000246D30002F7830002785B0003C43600061D3A0002772200024EDA00027F990004BF590004933F00019CE90003491E0001071B00029E5800011F260000F30F00024D810001FCF80002FB41000295860000F22F0001B69B00015AEA0001B3930001A3940003FFEF00043F6C00033A0500027C0100017466000131E40000E81A0001620F000105340001F30E0002B20D0001145D00046B09000281820001CB1C00030912000112C2000239AC0000E0D600017FBA00014062000346AB0001B18C00025A8000012637000190750001E75B0003A4A9000125140004A3FA000118E90002F42100010E350000FE7700017BF000139E4B00025DB100027BA40000A21A00055BBD00018A2B0002E981000211830013CF3F0002C1960003E4BD0003C0490002D2C000024DD40001AF88000795B60005C88A000177440001CCD90006090100021F1B00048BB40001C52300010B99000218830002C35D00088C2F0000EDBC0001291A0001CBF50001F749000339270002001D0001F04E000141B5000214770001860200016B2700012DB200010C930001205000019BF50007BE2100015C940006D61F0006032D000138B2000486DC000390F70002B24F0001C379000188860003296A000374F400038156000141FB0001306F000355AB0002873300070260000102F30002FE14000156B70000F70C000329500001CAAE0004AE2E00013FCC0001C37800076ECF0003E21F00026F8700038913000156A0000167AA000100C7000304D70000D4D5000290AF0000E7B70000EB66000230B80006FF690000EE980000FA3A00011F9A00026BDC000374D60013B92D0001DE620001347F000143D90002EB4A0002D32D00050305000126E80002689F0001649900022BD10003D97D0008C1AC000134690008B3EA0000F87D00013CB0000112F400059A37000989FA0003EC23000168E60003095D00015F3C0001D035000127DF000169F5000347070003F9180000D5DC00016FD50001684F00038B170000FE820008E52D000184A20002BA1A0000D021000245AD000110D00001EA7100066527000151C600012F9D0001B236000184DA0001B6590004857E0001C77100026A7F000180230002DC190001BE370001F01500013ED30001022A0013D715000166C4000182B900044C190004981100012E6200020E1A0001F5A90001C6E00006A0490001E59B0001809B000194920004087A000281950003E981000208770000FF1E0002C9D3000137B0000396DD000204DD0001B698000270A10001300D000249F200018CCA00013845000865090003A8FE00017FBE0000C40400011E160001F8F0000813700000D13B00017DE80002A2D700014EB0000171470000FBED0002966C000295F40003365D000339E600010BCE0004348A00025D5400027E6F000117D1000265E40001BE0500012385000112890007467F0001A7140013C3D0000540D10000A0F90002152F00029686000112A300014769000142710002ED1F000147ED0001B2D400024331000ACC550006DFE10004D21F00015F640002F13E0000D9010002A7530001D7F2001355710001140C000541EB0001A110000189AC00039AEB0001A72F0001E6A90001F1CB0001BF8500029F0F0000FD890002E12F0001E2070001F23A0000E20D00057F210001DBCD0001283D000128EC00012CE2000248CE0001CD5C00015ACB00129920000690670001805B000523F600018D660004A41D0002209500017C8C0000B02C0001708D0005242F0007048C00125711000183C0000177F700034E8D00026D240002125C0001D7810006ED0A0001E1EF0004AD3100023FC9000442C80000FBA20000DFA2000176230001402D0003D01500019DD5000886A50000D1400006E4280000E627000154DF000588DA00024A550001892F0001EE670001DA48000171F500026AD300065BA0000160230000E6D00001073900024EF7000346380007A82700048A9400029C610004A65100057D8C00013D9400014ABF00026CA5001378EE0001A8A00002D3A10003F62700012186000109290002DDD400020E8C0001E5F80001153D00016A4E0000EF210013CC60000552D40001791D0001D7D90001CA95000387CB00010211000610F70001334A0001EDDA0001D0AF000122D9000325910001A22B000A339700012CDC0001FB1500011E590000E8130000C39D0001FBE30000F9A5000353C20002244900029BAF000639DF0003BCBD0000FC240003DC5E00015E1B00095FEC0001755B000210EB0002DC8A000110AC00021EAF000272F90000B24700029DBE00017E55001005FA00020E5F0003433D000108890006B98B00028091000BCEC70000EFFA000130110007D2230001CC99000812700006552600021805000675630001763E000131900004BD86000195170002658200013D2D0003570400039F42000129150001809D00026C31000198D2000364B50001301C0000DB92000173D20001A7230000E15300018C5B000908CB0003058800022F100000E43F0000F719000224470002ADC700010C48000265A700041F700003FA1F000188D300071A8F00015874001384340001AE2F000143370000F1A70001738C00010E370009B11A0001C7110000B2D000012BAC0001EB700001342D0002085F00012A8F0001D35D000159FA000443AD00010D050003197C00021E2A0001413C000121030002BAC600072736000348B00006A31E00019B2B0008094B00016D3A000385C900018897000688F8000176F800011A170001FA530003C3250000C7AB00023BDA00046A250000900B000337150001F82B000132A900010FC700016FB60002940900040E550002474C00019C610000A02F0001EB6E0001B6A6000373AF0001CEF500013C630001023B0001AD1B000281B70004B13F0001E23F00087EDE0005DE78000215310000FAB300015E4F0002676600016C250001A61E0002C3FD0000B47A0003C4870001593C000367E2000121CE0001BA3400021ABB000489EA0001558000040507,5120
55,0020001000,5,00028C1200095F7000018E0B0000C0910002154F0002C3950002307800027ABF0000C01A0002E9CC000454380002F30D0002C8140002B3D70001FB490002F2A00007A74D00013E810000C0FC0004D3FD00022E6300049DB600015AC900013287000143E600028F5D0001C57100019C77000ADAE10001AAA700016BDE0001DE2B0001102C0002135F00039FBD0000EE070003F4DA000474140004117B0005B3A900015ECE0001A3C40002348C00011D7700012DF20001F68C0002194B000489B80008A8F700069E790001B7080001418500018A6C00074A6B0003F5CF0001EFE60002A4FB0003C7D600027B8100027F3D000150B500016099000131D50005E25D000212AA0001067F0003EC4800012077000213250001FE3D00059B8200025E0E00015E100013C4980001ACD90001F028000125290001FBDE0005F5AA0001EDEE000137FE00029114000230AB000253940001849D000A10250007B3550007AF8D000375250001B474000599F9000143B10004FA04000BB3830001DA1200017D36000115320002BEF80012F3C1000926C000011B540002462500027C7900013EC100021C760000C4AB0000E4160000DC0D0001AAD50001BAE400011CFA0001249A0002DA540000C0210002FB530001608500013289000133B400018AE7000150080001640D0001820A00016E030001A98600014FF60003B85C0001981000043B45000366C0000201EB000225D30000D02300012DA10001DFE3000658EC000195E1000361D60001DE3D0000EFF50007DA4B0002195100034E23000323E400011FB10001106C0004CE7E000135660001588200027881001193380002B0D2000161A700019DBF000235A20001AE2D0001B3D50002E2430001AB410008421200088DFF0001A2A60000E15D0004FEBF0002EE2D000678540002AF53000342730000E410000199470001921000027E2000012E9A0007997700017FE7000177BB00052896000175AC00010A4C00035FAF00012CF5000275AA000265390001E37B0008987100020C0E00014C9F000106BA0002645E0001650B0004CC74000126030001B3BE0001A3F00002FDA500020EFC0002579A00017682000455640001FBC80002297D000162A9000C10A30007BF420000DA2C0004E7780001676C000160C300080C85000266D90002077700015A2C0002467F00013D550002BD960007B31F0001F03400026C250001B30E0001C4A10001CC3100019CE800030A350008985A0002D25B0001F115000246DD0001110C0002A0820002F74000035F60000446AB00025110000245D3000A437100016A4E0002B1C90001F1CC00017D520001B7D1000608480001D95B0001D9DB0004A1FB00025B8B000380FC00014C590001837600011F14000D0E8F0003B29E0000FBC70009EACA00034229000327FA00015A2000018BD1000185E100026FFA00022B45000285490004871A0000E05F0001095F0000EBC80001253B00017B330002981400044543000305790003BA000000E0B400072DE9000229AD00022E7E0000F0180002BEC00004922B001021ED0002502F0001EF9900010D5D00140A2F0000C0B80001F23A000567240003A156000154ED00016395000109E50003AEB10002659B000289F60001DE440002DC07000118EE0001B1EA000289E50001B5400001188700022E24000AAD0C0002587F0009BC6800014CFA0001E3880000EFA40001C14B0003CC2200011241000E72E00002AC790001D843000127B10003D01E00036EB7000277AB0006F0FB00039954000129A70000FED5000203830002199F0001AE1A00028A9600022EFA000A145A0001AC4100016AE70000A03500047D1900016CF1000241870001023700019AC100019EA20002A79C000386DB000EAE27000173B40002CDE100017ABD000B0B9100014DF3000162B70002EF0B0001C84600011A840000C16A000140690001621F0000B00A00014F910001BD0300011DF70001990500010BD90001E99E0002AAD90003600E000100310001E5990013EF400004A9AB0005C26F0003CE170006D1F1000299F200013EB80002EFB8000D497F000830330001C18A0002B87F0002CB8A00029E450002C0970001541A000529260000DE1D0002CD4B0000B2480003334A000198F10001FF9D00024700000297C30000E15B000290E4000B9A1D00013F7B00015201000112730004D43E0002E9AB00010C3900071E080001E2110002C86100019451000302870000C25A0001BD350000A8A50006144B0005ED6C0002E5BF00016C9000012DFD0002D2940013C8F30006BEB2000176600000EF72000146D80000D39B0009DD33000397540001E5A50002B8300002A621000180C800023EB20004643700014EA50001390C000303C3000BAF0E00014BDF00019AF80002256000016E610001AC1C00011A7E0011BB0F00014371000201B50000D1430001BB7D0001C4D900015B3100048B58000233700001943F00017E5500017DE1000E4EA600026A820002CF370003CC300002000E00073C540005CA21000FE97A000248C4000163010002DBFF000176990000FF5000019A97000121D80001DB8C00034E4D0000BFDA000147A700050BAD000292C30001CF3000039717000148490000C0940001291C00056255000264910013D4F700010F08000686B6000C3E2B00019FBF0002054700012F900007E5A30001233C00012E6D000C81240001CAD2000B9EB000016E750005E15C00058C6F0013CC630002A0EB000538320000F06A00025A57000254690002F672000A9D090000FCE90001B41B0003B262000541BA000995040000B672000CBB4D00013B5000032F6B0001CDF200018E0F000130680002A28E00024D780003C69F00028D250000F0180001F89A00018E6F0000DF07000158B300034A5C0001F27E0004D43C0001B3960004190E0005049B0001045A0003F2850008B0AA00027EDD000194C30001031600017E680002FF560007218A000294C60004EA9D00032151000277FE0009EC650001EFB2001136BE000258D70001960A000270D9000547150000B1080013C9B40001D65F0002DBE10002715700025FF40003BDB400013CDA000415E7000D72A50001137100017E7F00014481000B7AA40004803500035DE10006E5070001888800023C900001F1230001E9B10002EB61000199020001E9CD00011FC50001516600016CC400046DAE00025C5100029E2B0001F41D0009E88E00011A9200131E240001BEE400034C6F0001DEE40000E093000321BD0008321D0002435C0002193100057C5A00017F3D000215DF00134E0E0005770F00040EB30001E3530009AF55000551AA0003C44700017B000002AC890000E99500010EA900021351000167620000CF870000F1FB00039FAB0001169E0001086B0001EF1A0001665C00020C4F000107AA000284A0000404FA0002E58700014203000256EB0003180A000608010000F97E00049B390001DBA700021DE10003823B000207B50003F4BC0001D58500037122000428350009DC15000AC9080002E928000323890001B3100002D92C00032409000102170002023600048F7000017D8E000291640003E125000158A000014309000635BC00034321000183BB0005419F000D20FD000731A7000354F40000B055000158A400023FB60003DBF500019E3A0002039D0002445600041EFF00021D9100036C63000162D600060ADC0001646500015DE30001018A0002119D0001127300021C30000479C000016311000248620009627E0000E63300138BB50002156900038D1D0000CD0C000246B50003711F0001B43800058E9F000210540001B347000234430002A3AC0001C69600025A7E0003757E000232B4000195820001931A00022DC20013568400036103000178C300022CDD0001FDDC00019BF50001117E00020639000118660014502A000197B400077A8C0001534800014D2E000576AD0001A36100022952000E58E60000ED3F000216EB0002D765000166B20000EA87000D126D00013809000BDC6C0001158A000160B10000DF650005A5B80001502A0002DBCE00031BE6000B4421000103560003274B000403BF0001C275000128FE0001250500049B3D00017FC600037AF90002F59F000110CE000143530003EB5D000269A80001F6CA0001473C00013FB100038F940002FC8F0000F915000307CE00055A6900013A390004E2640001BB7F0002BAF300017D1C0005CA4A0005ED3D00021996000219430003DAE400012B570008667A0002E9480002D6D00000B8DC000422990001149600027E800001D74A0001156F0002630C0002F1CC000158F30003BA26000366C600072A080006FC9F0001287E0001BED40014243D00022E5B0002819C000100BD0005CB800000FC2900011CFC000149B8000175080001A4340001C6AD0001E3F100018BE40007F8750003351B00015DE20000DA4C000194210003F78D0001AC7E000490BC0000C0A0000194920001EE410002DE1700019C3B00035DD80000E03B0002E5760000FA8D0002600D0001C7C000026E7B0003D5FF000218050001DAA500148A7C0003734F0001E932000132A10000F6A50000EFF7000D674D00011E0C000246810002382B0001A83500015EB0000128CF0001DCC4000144AA00016B4D00019F740000C07F0002477A0001F46D0001BE5900021BDD000336550000D8C90003B36A00012EC600035EFB00039277000272CF000564460002E4E30005528F000A268D0001955A0004361F0002D42A0005B3F5000161AA00017D1300081359000464370000C4F100037AC4000326BE000201AD0005E5FA0001F7A9000253B60001D0B0000873780005DD8A0000A00F00014F5300014CB0000124BA0003645E000264500007430F0001A82C00031F0D0002488F0002C2570009E9940003DAF300029D310002B11E0001191300020D7A001301D10001D0B40001D4400004727500022EFB0002A6D700025C87000135C0000236BE0006EE800001E613000270A40007243900016FE000031425000456B30013DD9B00027B6E000173B8000358850004CC48000136EE0002B1370001440D00021EBE0001FD6E00018E150001EA4B0001DBB10000EF230005DA500001244500012BB400030E3A00025B390002852F0001DA630001CBE7000241C000019097000139E80001027200016E3F0001DF45000285B500015DDD000B706E000234DE001372330001F48F00018823000185AF0001A2CB0000E10F0001C0C70001F41B0013F944000609D300015A5800014C4F00020E8000019EBB00042A09000533B3000606AD0003DFB8000542B200030752001361E1000372850002AA5700031D96001400B1000753610002ACE20000F20C0001E0C300036D690005DAC50003E85A0000E49300015E130002BDB7000866E300093E5A000186510001666B000211BF0000E1A600020D130005FD0F0000DDD30002264D000139B4000125C80002BD830001DDF10000BC1B0002110F0001B61600020FD4000315010003DC270002E7230001E94D000155A70002DA150003E90C0001CFE5000265AC0002192E0001D43F0000FE7B00016937000A8EF1000166870013FA2700025B9C00031AA30005552E000149380002320900077C63000325DA00041C61000129D8000138430000E85C000147E200038720000372DC0000FE650001DD080001261E000C98D500030FD10000BFE400037EB20001AF34000325EB0003270C0001C0470005645C000146890002B68F0001487900012FD90002DB100003E96900014162000177150007D6C500049302000337B000011270000187470001822B0001D15F00021FDC0003E814000313870002C9880000B0E200084BFE0001D27F0001F82E000655890001BCC10001A9C50000E0850000FBE00001AEAF0000C0040000C00B0009471D0002768C000131C30000C01C001367160001D8660001A6BF000142160002A71C000512B00000DF5D0001E0A50004A0A20002CE15000156910000B56C000159FD0000E1C3000220B500025F100006737A0002B83600018719000134610001DFCF00027C9900011E5F0002C3FB0002F1500000DC9B0000D00300014E42000305CD0002CB8A0001631C00015A5D0000BDAC0001CAE30005ED6600020679000475A50002566F00030BD000015BD90002E68E0001CC87000317390005F99700088EAD000A0FAC0001D04F000170930000E1D40001E94A00019CEE0001D7480005D10E0000F7090013C36C00016A390009BE7F00034D1B00022EF5000182BB00015BFE000135080001660F000275A600016EF6000229C8000115DA0000E0350002A6C80002906F0000FFE80000F261000BF77100073DFF0000FD1A0003675000020B9000091D5D0001508500028D270001738900015DB9000297E8000109CC00070C7C0001919E000177B200047AB300023A7E0000FD4C00019B99000171EA0002AE2C0002F47400042D540009BB740002067B00055A4F00030D090002E8CB0002A2AC00028A3D0000E7DA000142D10003E30C000248B900010D2C0001C2EC000618F3000775AF00016C0900010C29000274A60003FACB00010A770003F5F5000392A10001906E0013D9F10001308C00074B4F00017F500001284400024B5B00014E9F0001DC180013DFE4000173DC0001B6590001746E0001968A00049621000604E60001C2910007424900018D300001A725000637E500028B0700017B4D000A798D0001F2E00001F5AB0002001300013C670003329D000CF9E50001F6B800011DC90001D2D700031378000293660001C88600014E8F00029C650005481B0002F12F0002B4ED0002735D00011A9E0004D67B00016EE100054D65000116250002716C000155E300140FB0000523CC0003690C0003F607000F3A5B000114A90002A3EF000312880001065800035B150003A319000129C50004F3E50002488D0003AFBA0001BC5B0001F2370005906D0001543C0001A0270005C15600018384000C4CD20001CF44000101150000EDD80001DAEA000102E50001C01E00026F9E0001648A00036C920001BBE20000E0DD0001B73B0001BB270001AF1D000223F10009AA3400010ADF0002A4D500016DFE000220D30003FB8D000CDD060013B9EC0001B7B100016E6300017E350002101A0005EC510001AA29000BC560000184E500015E34,5120
56,0020001000,5,00024E970003976200016EBB00050CF50000EF7C00148F0700020DC90000E155000250660002075A000111960002EE440000C8090001F457000325530001E9FD0002302B00060929000373140002777D00012811000382920001773300013C9D0001DA5200017ABD00033D0900016D79000300DA0014850B0001324A0001098A000265E50001E4DD0002D2510001D7F5000139F3000200C7000296A100033B32000233A20000C3A500016B4D0003858C00013E230002561700009E890001BFD60001DE94000228CE00020604000141B80001AA330004219600090B690004E2030004AB8100026862000271E30002D7D40001C1950001B18800014B8D00046C920007DEA90011F11D0001BCD600053FCA000170C500018C430002E2A5000188CE0000D44F00045D3D00034849000168B90001AF4A000497850001D02C000243E700010E220001D0D5000147FB0001338300021E02000132B20005E19D000D449A0001B5650000CA75000122740002902C0001919F000101DF00012F92000232950001A86000029F41000196740002D8C500030BAB0001DC3900014E860000E6A5000447930001FC550002F116000450670001A1F70000CFC500017497000168D20005363300017C520001AECB0003FF920001B227000356F20000E0B70002F3360001FB19000258F90001859100013B09000142620002477C000450CF000900450003AF03000487F50000E1370003E10F00015CCB00011B7E000181C50003CB7B000228610000F15700020E070003CB2B0002ACD80002DAD80007F2D4000256600001A8D40000D3B00000BFC000010F0E0002C7210002BA01000D476A00021AC7000112330001D4790007CD1C0002F1A5000860EB0002803A0001B33F000148930000DE5600018A5B000197800001BEFD000154490000EB4A0000BFCC000271D70001DBE700010A440000ECC000016AC000019C6E0000E4350001CBFF00030BC900017C170002890B0001AA630000E92F0002B79A0007C2250003418700015EF40000DDC10007ABBB0000C3B700010F890001B0D70002FB5D00027087000521AF0000DF750001A110000208DA00034C120002D6E80000E704000332EB0001974900015B74000174250001D9680001FD6C00028CF300012A1200048853000B7FC900013A8C00018122000883570001EF83000289B10002228B0001426800094A96000228250000C2990002917F00061B190000FA12000167550000DFA00001D25D000494F9000252C0000125280001891A0002AFAD000180F6000233E00003A9D70003F24A000245AD0000C854000297290001B2AC00029D8100011BC70001FD8D0001A8C000124B95000271F50003E9CF00077305000B8A8B00020E74000ED2430002266900013B3F0002A01800019EBF0002D462000115DF0002759E0000C972000308900002594B00018DB30000DED200024BFB00040C410008B18100088E330001960D0007B4D700069FB70000C0DF000374640002BEDD0001BF0E0004BA500003DCBA0001BDCC00022C500001281A0000FF8F000116D90001E5A20004E02E000154AA0000FADC0002812500020E9D00043B87000F86280000FFF5000284BA000130CE0000F86F00012F2400015FEB0000B0FF00020CD2000221BC0000EB6900019CA3000136450001F59500019A630000EA61000155D90005480B0008E317000331B30013CBC50002E55900096C9800045DB20005539D00035019000260300001C6B70005374200040A9D00010B0400011F700002D51E0001C9470001935A0001951E0001781D000196650001F06F0001B83C0006380B0001B7F60008044E0002452F001475F40000C0490001075F0003160D0004180B00024FC60002D8610000DA030013C6BA00030D9E0001BF9B00086DBB0002A8C7000105130005780C000182270001BBD3000098F30002CC2B00018D700001CC3C0003342E0001091B00013FE2000116C7000120A100016003000108D80002C3E900018AFB00020F680007558B0001251A000126160001F81E00013C9D0003022B00014AC90001CFDC0005422A000228540000ECCC0001C0970000D0C80001A9E50002443300040E4A0001C45E000C95F100015FEC000125850001B2AF0007B80A000128570001B3EE00030FD5000231C000017AF500031F2800049EAB0003424B000103B50003FFD2000276670005DD30000283DA000303A90001CB1B000225ED00022CC100037B150005D087000600B5000214CD0006CC6C0001850B0003A8E900020C8700016DF800014A7400051F540003103A0003D5C20007E0BB000209850001398D00021A930001592C0006DBE60001271E0000DFDD000149070002F39D0006B15600017B350001AFEC0001CEF400014982000A12A20003ED70000313CA0002014B000179C9000AE2A300011B8B0001505A0000DB5E00019E7E0000E1C300010AC100033E090000BB39000412A90001F7A700042D3400013827000142EA000103DC0005956A000203740001F7350002574500018B820002A8F800045699000670850001552000016EE40003F88300011FBE00024E2200018BA400080683000284B4000515B40001031400013C150001577B0007CC0E000155B4000FD6260002142F0001B90F00013B7C00142BF700016491000459C900023CE300030E990001C17E00017CAA0002F53D0000C4610003A78300020C2D0000CF330004D1330007211B00031BD90001730D00042DE30001E85D00016631000C0F1E00032C830000EDF1000402EF0003DF4F000496A90007CD1000034B9D0011971D000124EB0001482600075A3300092617000721060000DDB7000090050001710B000123FC0001774200056E7E0001B2D0000546C70002B8AA00020C3F000159FF00149D870000D2B10006F3520007A460000124250005FD5B0001D3FF00015D6B00014B09000129F70001BB7B00024D5E0004BE070000DEAB00015B840002C144000144A300016B6500023AED000125CA0001DD15000125D300018E0F000554BB0000D24300015BBD0001403900011A8A0002FC68000210260005F56B000143010002FD3A0000C12A00034AE3000221240004B9C1000167A500029ED000075A57000703660000D90B0002493E000121B4000249A500013FC90002D3D000018A5100035782000317C3000421010000A05900141FAC000445270001CE7300010DA1000259EA0003E07900031FFB00018FD600057FE100053A0C000327B50002DBEA0002127A00013D610001CFE2000112B100019EA00003883A0007F4A10004E6A10003E7B20006FF050001F5BA000265F500022C28000156EF000173BD000113050001C9430000E37E0000F1CC00018F2F0001228F0000F58A0005948B000240F40001B4A90000E254000A75AD000219DE001420530001F60200062B3A00010FC600020F2300085561000360C50008601D0004C447000111F600046DAF0000FDC70002BB010001B5B60001D09300026CEF0002B732000119C700018D14000548AA00059BB100047E9C00017077000163CA0004E9080002B5BF000429840007CB820002A4990001749300025BE40001F00800030BE90000EEB30002558A0003BEA0000192F9000131470002102300026CF3001205370001D28D000142FF00011B380002A7CF0005C6890002AFB8000126B4000159AE0001920B00012DD10005FF3B00038733000228C0000392270001A4530001CCDF0002B6FD00027E3E00012E540001CE4300022D3200018F1300048723000240380000AD6F000323810002F627000161C80001066A00056FE00002123200011C4B000502130000DFD20003EFEC0000EDC40002E6540002CB68000124850001E8A1000148CA00019D990003F17A000199FC00024013000BB00F00018D3400141A8000063F6600014ADD00023B1800082C2F0003C4A7000AE9F90002612E0010D71D0001544C00015B8C0002510500054FD00002872D0002B9E9000320B80002457F00024BD60003556200023C1F000178020001194300029CFC0005C24F000106990002A4C20001628C0003D3BD0012A42500031B6C0006FA850004FDFE000AD643000107A100016A890003A8370001307F0000E1370001C0510001451700017ED3000186FE0001B18D0002B8310005E91F0004E557000247A60001366B0001D92C0002400F000153D700031CFC0001C7E70002DF9C000764FF0000C0370008DF090003978B00038A2D0001741300016CEA00018579000262540008320A00015D6400024D310001CABB0002F34A000454C90003BB5F000109300002B6280001F7C0000165DB00015D68000994260002491E0001465500079A29000127050002FF6F00015DB700047A4C000164760003320F00101FA70003BB5E00016290000414A90003536C0001E39600049B32000BFE6C00033DEC000428FF000588880001217300045F840001929600026DFE0001FD320001767700041E7E0001657C00057FED0004667500021E2E0002D87F0003FB8F000302A200016248000270F3000700A900011F870002A8C5000155BB0001544200087F0500010CD000018D480001A82A00026B360000E44100079C6F000194CD0001D223000166790001E3DF00016D660001659C0005413F0002DA9500039204000197500003B555000113F9000136570001D588000371B50001A4070002F2460001C9B20001803C0001B9930000C96400015F160002A09300010A8A000845C50002864E00014FE30003A48F000120590001AA400001052D0003A6BA0014827000022D5C0007815600044417000104990003861700033DF20002F0E800031AA100016A29000295B1000485A20001280100070E8F0001C0EA0013B7270000FF030002CFC7000130FD00024B3900008856000137A50004A5D200016E530001C5F50003D268000294510002F068000213210001B51B0001AFDF00011EA30001D04D000585110002522B000269B400142B7C0001FC810007D4AC0004F6B80001D7E10002DCAE000113C80000AFD5000316EE0000EF7000021F2F0000DCC6000B49E600010E3100020A0E0001A489000183AD0001F84F0004312F0002531F0001E43A0000F80900022F4C000290780000C01F0001312B0001B2DD00050B0300032DAE000233DC0001551A0000E08A000130AB000149F60001E8E300013C8A00018B850003915500020C190000D015000366CA000207110002F9C50001A18C00032A0F0000F65C0002DD3E00022B5C0002223F0002D876000285F3000606F900028EB00001829F0001DEAF00031AE20014228F0002149C00062D6100017E060003FD8B0000F78E00039EFF000252D100017ACC000158E10003120B00013E070002BC35000F04EF00063C1D000251FC0000EDBD000100BC00020C730001230800087B49000229D5000753CC0000B0000001C0B3000254F9000361100001C1D40014AEFB00045B07000329700003FAC50002C6C700024C8C0003F65C0007628300012F78000233850002AA9C00034F9000023A7D0000E41F0004B03D0002EABD00039C8500010E01000729D0000127B900142CD3000187E50001F3A900011F8900015C550001F5180002CBF500017EFE0001EC0B00012F980002C6590001BC2B000219A400035C030009BD0800052C0F00021D5200033806000108F900010139000153510002EB4B0001F0100001FFF20000D0DA0002A270000567C400013B350000B2E8000255090005CF5200022D01000155210003067A000369100004E4EA00033B8200016B2E0002F1910003CE62000162DF000870120002417300017E6A00026F0F000325090001CABB00027AFF0000F875000139DB0001C8530001986A0001C2510001712000040EFC0001B9A900013AD10004650F000333EC000113C70003B06300064E6C0000FCB70006C70E0001CF790001C3290001368F0003EF02001410430003EE35000667C1000106BD0000FC2200017BD60002CC930003679C0009F37300015526000507E600016AFA00035ACF000277DE00013BF0000553F40011413C0002F81C0001D985000623D40000C0010000FF88000209D30002955500146F8B0002A2AA000234120000EAFB00019EA100010C590002B22400042D2700027CAD00012AC400077919000127D300025AF50002095700022D48000187C90003D0CC00015FE20004823400092C1100026E05000439E30004FD6D000209000000E3D70001B925000186B20001851F0002866B00018D5500025BE900029C110001FA000000EBF70003219F0001890B000C12F30000C5A7000173E00001322E0003937600015A5F00015CB40001AA5F0003C2B60004691A0000D43100012E3700013F2B0004474A0001FAC700070D86000295A9000113AB00017A6D0003B749000125A200034ED9000282650001B7E300024EEF000539A30009EA6A0001B9A100027A35000203A400054E1B0002775A0000DA2D0002626C0001688B0001C8880002AF0E0001C85F0001C7ED00019E5700020F240000C0240001328A0001770C0001D8EA00031A4F0001C7010000C0290001AD3B0001B8EC00021705000156820014A6A70001A1510003897800053D7B00013C8C0000D7D700015D9E0001230200024BFE0001B54300099DD0000143440006BF4300039E2800046A430003045F0001A6C40001221100023408000503BA000311450003C9270000E0DD000205D8000249F7000535EB00016E6D0001BD43000144C7000169E70001852D000122C10008A4F1000DCA7D000135C00001A495000191F900028933000143140002B4BD00145A660000B2E80002A5B90003AA410003287F0001871300028ECC00014EB400014BF80006A4B800055FEF0001257B00013D570000EF760002B745000206EC000878AC00010FFF000C8B9F0001FE18000521550001F34F0001171D0004BB030002FAD100018CB70004EF610001383800035BE30001110300016DD900025D1F000873550000C0450001C8CA00012475000114CA000412670000BDF300012A860000E2990000E04D000219C5000140A7000169D6000137EB0008B2800000FBBC0005E6670001FD8900035E800001BAE90001AA990001DC5C00018707000126E500140C4100033F670002A97A0002549200027CE70003339A000848CB000650A70004E52D0001BB9E0000DFF4,5120
57,0020001000,5,0002688900018F4D000A8D6E0008B7100003324E000596AA0004A2E50001B9060005A274000ED032000128D20002813E000182D80001DEFC0002524A00010779000262CD0004889A000899D700018DDD000397060002AA2400016772000626D60002DEFC0002422C0002447E0001C2620000DC790000E2380003017D00024252000310CC0004A1590001A8D200022A8C00056A420001240500054D2A0003D43B0005EAA70001B6870005695B00067BA800018DC30001717600028744000617DD0001101700034601000126440010655D000197950011810200023B9D0000F3830002554B00033FB0000400EA000ED30E0002FA470000FDBF0002DCAD0001D425000187A3000262B8000131C100010A68000186CA00015DFE0001749800022337000137F800020172000A711C00022B09000158DF00112E7C0002F4EF000160F800010BD000015AB90001771E0001E57300042CC400019AFF0003C181000645EB0007103A0001800A000136FA0003C715000139350001373E00039F970003B54F00018C110000C0560002E39E0003A0A20001D9E500025B5E000139700001273900011D1C000166140001A0260002834F000157F3000166400000EEA700034C750008E070000EFBA70001BA160002425E00034628000DD57B0002733000011DA8000292BD00032B5E000A62A20011B3510008E14D0003487F0002AC57000E098000077A4800098EAB0001CD330000F6A20002D421000215D50001A559000272CC00030FFA0003A6CF0001EF0F0003E242001067C00004B1F900016969000D049E000162B90001A94D00021333000289670002B7210002572F00117367000CB3F20001F9BC0000C69100050720000171490000AFD500031691000344A400067EEC0002F8640002521F00030F8400058F8B0002EE11000444330002B49D00025C7C0001009D0011A99600017AB80002BBCA0002BD84000113920004809800044218000145FE0000EDCA000236190004109C000111F1000E33F100016D460009D20E00022BCB0003625D0001759D0002E0050002092B0001644E00031DBD00041B14000ABE3A00044BD200017D6900021ED40002C780001203530002A8EA00066AEA00011E920011CB5D00012A6800072F81000360D900013165000116950002011200064FBA000159410001CBB900024793000185E60000FC7A0001565400012E7D00015538000E132E0001CCD9000429D30000BE12000457B900036191000123E80001946F00011ECA0000DC720005A7D1000108EE000B601600011A050001361400016C0B000104E600022652000B29700001353D0005B7BC0000F4B6000136C6000248930000EC970005673600029746000305A90000E6470001F2310006C088000A8D4B00019ADD0000D36700014606000197A400066277000417A80001BF7C00013CB00003AD9E000118630007E1F20004FBF8000A75C200040FB20001D53D0001679F00015102000149AE0002B9700001A0DC000210C5000545F00001D18D00025F110011DAAC00012135000186E00002208B00024DA80002ADEA0000DCD900083DE700119D84000154D200026E390001AB7C000357160000FDE2000B7B270001ECF20001348D00011DE1000278280001F855000102010004C5310001D184000123F000021E5300018BD50000D3190000F0D9000272E700016F6C000B3BB50000DFD900050C4E00021AA400024B77000222A1000492D0000184580001782D000A5BD6000112D3000323C9000246D60001B5CD0000CB2E0002D5CC0003FD5100051008000462A30000F6190003321100045E1E0010DF5500019F0D0001721000028E29000133990001013D00012E83000C18C4000FC259000102960009DD2C0001BE2A00118AA30002DB000005EFF5000323A10007EB2D0001A3DB0002D5630003226600012F6100015F0B0000F1190004E77D0001C2FD0002F32C000124F9000266280001EECE000259D70002415F000AE73500018903000143EC00044E4A00023064000414F30001AD19000253690001E816000356BF0003E4C60001B6D5000864810003F4E60004BEAE000116010003653900015BA30000DDF90002AFB500024BA400020ED00001D6660002B5A90000A0010001E568000148DD00012ABC0002197E000326D700011EAF00013F510002928500010D5F000119F50001F9930007961F00018E54000177EB00009FB500015F530001ABFE0002192F000200E2000495790003037B0001B42400117D25000378250001797A00032CD40001F9FF000461BA0004EAAE0003F80C000152B90002558000025249000415AA000F23CB0001539A0000FCAF000657950001BC1400015B12000F01AA0009B5A800057BB9000204950001C571000230E00002A4D20001B3CB000158000000F7300001D7AA0005333A0011F1C400031CAE0005AB4D00013FFD000241A10001DDE9000D313A0001152900017B35000796660005C5570007B5430005415C000276F8000138E400040FC100055C470009B72D000CD7960002DAFD0000FFE300034C870001C1D50005E84700036E710003B44700024A590004AAE6000164010005114E000867EA0006FE18000184990001599E00057C99000EB4EC0002A0260002D6B7000169700001399200032D8E0000F8670001DF94000393700002C0A00001ADB5000388BB00015CF40011B37C000162C4000369FF000B0383000C7CF50001BF360004441800013003000249320001310D00087055000399420001B08C0000FDB90004E89D0000CB32000ACB850004C2910001725B0004BF4C000238D70003C0ED000721600003E4810001C3BB000173D200018FE30004239500019C5D000218970003015600017B690001FD310001B5B60009DA7300012EB3000154AD00022666000129C20000E008000C3987000538C60004C1F50001CA6A00011ED40002B8D1000316050001001B0001B4060006CBEA000AA6960002A2060000F5C20002314F00055A9F00047E780002E4590001D2D70001BAAC0001CE3000015A8E00013BBB000388180000B56D001177F90001FEBE0002A23100026A880010A63B000206910000FF0800011E4C0011AA880001DB410001919000032896000116F5000217EE0003C554000B509A0002A5D30002B7D900049B5F000353660001883F0003CA520001B01900024900000E6F5A000166D400012E7C0006833B00023505000231940004B39C0001566C00019257000550180001A22900013BAD0011B7AD00018AC2000543DA0002280700044E5A000212F00005E07200037D550004A11F0000EB0A0002415E000161250000F0180001BB0E0004A6EA0011442600018C4D0006C12200015BC800022169001125C00000D7260002C2490001748700017D6B0001C14C000563BE0002FB9500012AC60001A9B10000D93500042E030001EE3A0003B9B200085F050004C3CB0001891100022C1700011FC50000D21A00021D91000391240002030900010D2600119AC80001F547000194BA0001A42600011A0B0001630400011EF9000468A400119CA90000D095000185F80000C01F0001516D00013D790001B28F0001F2F60003E09C000206E80000CA1F00011AA400013BAA0004B4950001754F000542FA0011D45E0001CCE600035D1A0001ADE80000F4190001811C00047D8200012ABC0003B6B20001664E00028FDA00081D050001FA730000D57C000261120001C66E0001F4AA00013D800002D80200025AB0001214D700057EA900043426000101530002E35C0001F3AF00008FDF0007EE4A00016BA20000F734000127B30000DAE300018C4D00014F1000028E7F00031EC4000B70EF00062E3E0000F80B000121160001FA940003C3FE0001F14A000390F6000E9C2200086D740008CB2400035DA30002879300011AE2000141E20001911F00025B4600022CE40001C8660003664E000149A300046DD200069946000154C40000F2080001976800022B710001BB7500029A760003E3480002D2C10002CEF0000907230002978300023DD000016145000DD23700025B500003652E00022F7E00033D1F0003FDC900021118000293A30001E18E000126150000E7100002EFAF00022BFD000137680001FC410006BEA80011C8D4000245280002052B0001369B0004EEAC0004371E000B574F000872650002601F0000C04B000A7A4B000198AB000213C90005911C00045299000469B1000264BD00027CEC00018F7700015B9A0003C68A000418D2000194AD000730C40011C2110011EDF0000141E400084B3A0006D3A700010F6A0001CCFF0000F281000229CE0012016C0001B6AE0001DA3C0005FB7D000134350001B6E60001F8720001AEFF000312A00002682D000B408D0003B29A0000FE0E0004055D000633BE000885AA00011D750002165D0001B6010006A6560002BBAE0002FBEB0001AFDB00023B6B0000C0D0000129560000C0BC000190410008F2180001823B000102CD0005090A00012FBB0002A61B00027EEF000272C400016BFC000138550001951500013FC50005E3E30002337100084CBE000168D200051AE3000212D50002D4B100037C0A0000EF1B0002B712000294F4000254D90000EA470004BDAE0002222D0001BE8600049E5D000165310003B2C1000221310004872900023354000125220001F238000364FA00037948000151F60001B77A00040AC2000FFB2F0001686900082B1D00019D4F00016FDA0006C6090005DDA00001053D0001EA030000DC810008ADE30001FB920001D25500010FA300013E350002CC040002479C000391450011BE6A00034D45000210270003C4540001CCE20011CBDA0001824700010550000186CE000114930001AF3A00044E330002BC6300016192000152D70003B2840001927E000100690001ED80000326F50003AD3F0001A8070004ED0600012DC10003012C000A2DAC0000E5E400016E350001743900011B230002D192000136F60002BDA20001F7FC00023D720001224E00010A230001D649000B428800029D2B001162DC0009602F0001EFA20002EF0900019EC50001DEB30002A15F00027A9E0001BB7400012A010001A08F0001025100015B6A0003099200013CE500016A0A00030BD7000199C30001AF310002D5A800018DA800074B97000104B8000175F90000D405000942B300016B1500023518000EF833000353390004777D00098421000350F80003276F0000D6120001459E0011B442000136E300012ECC00042B38001166870000EC6E0001A04500023964000134840001926C0009314A00014AA5000318CF0002EBCF00017A8A00037E1600019EBB001187FB00015AF500013C6900011F3E0003179500016F9C000205680003041B00032EC9000218C0000336730000E4D60002115F0005CE0F00014DA800046E33000166EF00015B550000A6650001A72E0002257D0000E5AE0005F87A0001277D0002D6C800048560000B21B9000299BD00017EED00124FF60002596D0005513E0001C8660003983E000420180001BE5A00014C430001780C00012B9A0002765A000A496A0000FE2D00016F460001BE5F00022E2D0000F89200097E9800016EDA000346FB000A6417000247900011B20E000190FC0008BDD70001EA160011C82800028BEE000654280001C6FC000238CC00033AD40002D674000303450001113A00031A9F0003664A000B8375000F9278000234B1000156090001E4ED0004684F000248620003289500014BD5001154AC00030ECE0002A3B20002C938000221B6000430C500031EC500026AA100028668000365650001851700018F00000153CA00051AB20003A6F60002837600012AF700015FA2000396E00001A206000BA1780000E25B0001DC580002CC4300118EE40002289B0002F05100026FC80001B26C00015EA30003BEBB00053409001187800000C30A00011D1B000834C400034D3A0001E1520001767A0002BEFE00116DE5000176B40004074D00038B780002700D0001F7420006B84F0001CDED00031F530002C0380001F8EB0001127C000105F00000FAA1000271D60005D8B900019265000229540002E619000268D1000359FE000771AC00027526000B22A60001096F000121EF0000EFED0005C39300026ABD00028877000470810001CB28000A7F3E000AAAE3000AB0A70001045D000250B800013BFD0003AB620001BD87000208DD0001F95500046B830000EF750000EFB700086C3B0000D98600085AC7001173F70001D7FC000241AC000463D10011D30400051C47000A633D00030B620002BE760001D36F0000C13C00048B83000A02B80001C93300019E670004A9F200014E72000983030003E1C500025AA3000AA1D80001F5D50001DC6B0003842C0001DB4000015BCE000140D00003AC220002CB4B00017F6300017854000ACA8800014AEC000183480002FD8C000158B30001DFF3000191600001F2E00000DC72000C08E5000173BB00013B43000369000001F70700015811000692140000E5D10001F481000282B30000AC3B000312160000D2F9000166750001694A0004B93100115CA80000FE41000B2C500001E1DD00018394000174F300013CB70004CF220001942A00012427000340A4000291D800035771000104A20001329700078E030001D5DB0002416C000CB6AD0002CC7400018629000607CC0001C87C0001A3B50001CDE90001C14F001088C50001EC730001987E000208E4000168A3000232D70005947F00018D3B00029433000147FE0008694200010DE7000B35F9000163840001E79800022135000213B700013ECB000CB0580002208D001284230001DF120003C6E8000374920001E9E600013D530001458D000715540000EA1B000257B60001655500044EF700030E0800016F410002FD540000CFF70003F214000337370000C5900001C0AC0002E0D50002BCE30002362300024C5900012E840004469F00014727000138C00005AD6F00036F5B0004EAD2000306D50003497800017FED0000BE900001A76A000626F10000F31C0004E1540003DE04000150920000EED4000703DE000244B20001F0BB000248E70003C35400010F2600126E920002ECA00001B07D0004030F0001DB5500041B13000288AA0001A6EE0001E1610001EA9E00016E000005DDB2000210BA00013DA700016499000185390001EBB2,5120
58,0020001000,5,0000E34E00035DB300023C07000C303200021EE100013CB10001A942000284F30000EFF300037CE500038E780002FD690002B7B1000AAB770000EFDA0000C4B70000F27B0006CA1A000196A700031A4D00036585001495C10006DE300001384F0002C3890002959E00019FF200036DE100028669000434E8000100630003316100032DC7000313830000C82C000126D80002A77D0002766D0001A7F400020FDD00028D2A0001FD1B0001F73700016D9F0000B7AC0012E65900053F1F00039E5700030F36000A10590003F4650002471E00010C530011B9120001BE55000265320002E448000E3AD20005004C0000AE7C0002FDA000034277000105AF0001FFEB00085162000737070000B00C0001934C000405270001AF2A0000FFE50001FBDD000A1790000320850001C9A90001635B00057B8D00016C6E00070938000131EC00013EFC00014360000360B3000515520001886D0002598E0000F2A800016FC50001465B00025E5A0006AEF2000148410003609B0000D059000154EA000299590001B3FA0000A0210000F9FC0001BA6600019481000120AD000209950002A7D00001611600039427000138BD00010B5900042E4F000121340006284700019D6300016DC300019B2B00033F130001BA670003F6390001C1A20006651B000197B50000EF680001641B000308BE00018095000931D400071EA90001BBB60001B32F00020E980001BEA9000145500000D79D0003D94100014BC500011FEC000599760002797500017E2C0000A0CD00012C2F0000F90300015E5A000272DD0001CF3300063DCA0013BFC30002D3DC00037EB9000A13D30003FB73000E201200042D470002FC140000DE700002BF2C0003538F0001192600020DCF0000FAC900111ED10000DDF10004043100020E000000CEDD00030D840001D2FA0006ADED00019A90000213410001D76600026F1C00011E4500014F16000555100003A30E0001E7950000DAEB0000B0270004ECC9000175790001225B00014FEF0000D9BA0001789B0001480C000359AC000185B40005B63700089E150013C340000367510001B25F000173A400141EBD00059BE900038CF7000748E70003073100033EE700040C58000155390000DB2200028EC300016AED0008AFAF0002205F0001613D00011BD4000188E100014AE7000240160003B11100011CAF00022E400001C66E000229CC0003FB620004A2970001662A000C697F0000A96D000248510001BBC30000EC520001A0EB000102660004BA6A00015F6D0003764700098297000802A000014FAE0003E8AF0003EC3800019D900001EC00000432A200145BD000029E0800014C7100045A4000022C0700016C9D000353B600058AA4000355AE0004CF8500018D7300012A910013D37800020D5F000178AA00024C6F00014419000260FD0000E075000154C700128A780001E1700003191F000730250001D34A0000F7BF00056F630002BD2D00011A89000251E900022759000162D00001112700045D0A000482830001EAAE00013B78000106D800013F800002E1C7000234A500010BDD0000FE73000589A80001418C0000AE580000CB80000146AC00133169000141A80003829C0000ED2900031F230000E453000868CF0000C46B000FA0630002A4B9000290E600014EBA0000DB58000147B600022F04000331C00003495D0001CC1E0003F17D0007C050000277EF0003E11F000BB9C40009A08100011C400001683F00011A2300029E990001373800011D3C000A23F9000113AC000147F100016113000546BB000317F40001893F0000AA0A0001A51700016F3C00056FA1000126E7000101FE00023DC900012E4B0008A4B5000F05850002CDDB000291B20005E88C000180AF0000FEF500139EDA0001F938000624480007D0D90004CAEB0000F81B0013D3880000D1920000EB3B0007BEEA000119A30002990D000359270001E70B0001C71000045D9C00014C00000AC32D000D124D0000E93B0010D9FC0004FAEA0000FBB10000EC5B0001C6FC0001DA6600033E760001B9240002115B0006C4FE0008FB020004A9E2000207510002492A000415F800038EE70001E561001157870001E72D00011E9B0013C5700000B4D500010111000494B20001343A000165580000F0970009B85A0002159A0004975B0001F5C000023E81000132D20001074C00018D430002AD6D000198F100011C010001CA1500028C8F00016990000166080002F31D00019EAA0012EFF10004650A0002392A0002EFDB0013A8CF00010C7700025105000129A60001147F0002BDF000016AE700015AC90001D4560005D7610001207C0006119F00015DDA00010CEE00042CBD000174430001AA6D0001E30C0001195D000111BD00020FC30007281800014E400000E8C60001AEE20001920B0002C92F0002C1440002132D0000F2950001323F0006E66300027D0800026551000248CD0000DF3D0002B583000140D7000A326B00028BF30003F47100018E0A00015521000208BF0001B3BB0000E71200030ED1000130CE0003182F0000C20400019810000230E1000200E30002774A00012C10000380940013E5760001D9EA0002A9A1000117F00002D19D000282AD0001D62A0006CA5A0002A20B0001C14B00019BC000023AF80001B76E0006EE160003ED910000F90A0001106F0002431C00040821000189620001AD340001DBCB0001D65800010FD10006721A00012AF10003F8050000E1E60001743E00034CD90001746C0007D5F400020D8C0007350E0001D1610000DF3900027C430005E4480001354C0002366A00021D060000E17500013DFB000267F500010AD80000B0BB0002C82C000163A10002B6D600016C530002CE3900018CF00001D10700013FA700033F4E00011C3F00010E3100028B2600012DF90001E05F00057ECE00055E7B0000AEE90004946800012E7D0000F038000110730000C3D30000DF200001E80300051295000226FB0001E9D00001BAE90001FF9F000303780000F5350004809800026341000269250001E3F20001D2160001C07D000675B1000277D000024126000246160005D5E500018FF5000299C6000220D900011E7D0002A54B000146610001BE1A00022AE700031D450013664D000102E400059A040001E3320000E3F70003D53D0000CE180006F1EE0001FC87000278BA000255E200018D2500013239000461D200056EDA0001943B00012A9900061107000154400002ECFB000198640007AD2A000426630003B8360001128D0002F7F9000379F700018FAF0002F360000147420001EA7C0003ADFB00010D91000217C40000F9C50000BEFD0000C3DD0001B07700012DEB0001004700010F8F00091EFC0001009F00032DE500017279000127B100029658000170840006C5DE00135FCB0007CB10000192580003E02D00033B030004EAC1000217D90000F94400038DA700082E8E0000ED090007A62C000149BF0004F5E90001E28500009FCD00026C430002788B0001B1C700022AC400027719000117850002241100074985000A5538000115460002015E000287ED000411C70000F4A9000177CA000340D60001729200010B230013CA660001027D000355AA00013935000164D7000195320002FF4800040E170000F93F000678830001019F0001D9BD0004005200019314000157210001D0220001152E0002CC7A000B5B25000391D80002089A00076BCC0001991E0007344D00025F1F0000DFEB000143370006AA270001DF6900019C1E0001439D0002EE960013D2DC00047F6E0002758F00037EDC0001A40F00090D98000323560000FF8F0001047C0000D08C00033FDD0003363D0001F82900058B3E0001DF110000CE310003E4E900032B3C0000F50E0001D5BF00011F030004EBF8000399F50001B88700017D490002B973000103AD00014E67000120A200022213000286840000CC1C00021076000180D7000126AF000175860003447F0001C55E00011B910003481900040C390001DD41000D0BA30001A12500028BE90001CACF00051A7D0000CA6C000124050001716A00017BC5000684C90005378B000835260001E3DA0000DDE50005524E00015EC2000500CA0002D37700014DF50000C4EC000129E70001B74200018A750006286C000245D90000F2E3001417C4000161D700024663000262160002002500061D1A000310D1000124370000CAE300047DA20000B045000923DF0001AE91000146EF0001D27D00013315000189B40002235F0001765D00036DB30007A05600015BCC00009FC90001E9FF000B2426000169C6000198E500035EC600140BC2000159CA0006CC5D0002870B00148C7B00078C480000DFA1000133D000048A2300016D23000615F50000D55A000253890005BBD6000146490000E337001408F400015BC40001FE5C0000D00C00124E5C000080010000D1B70006F8DF001428970000A251000305A90001AC7800065091000131F7000499AB0000F85200023E8C0001E230000436DA000377C10000A6280000E09400017E540001A43100134F3B00010A4A0000F0EC00018E210005A7550001F5AF00021AFD0003B9D500072A530000D0120001DF150001856A0003FC58000871F10003271B000380900002CE1C000129C700043D2D000293DE000177AB0002DB56000402A10000FC750000B07B00026FB40001BA6F00034D450001BDD10001855600012C230001EB21000216D50000FCF1000172670001200A0005DF2E00019F640003CBE70000FBC30002FC9500034FA0000396FB00014BB10003916C000632D20001F47B00010EE50012EF8A00019A990000B130000328530002213A000812F7000BECBD00014F57000193C30001141B00038C5A00021549000159A1000236640000ED8C0000B04B00058187000290EF00037003000278B9000AFAEA000182ED0002BA7F0001B734000122380010A9F200023910000131F00005D01500082F7B0004575900024AD400036E4E0003A4E6000AF149000377F5001477530002FF57000109290009123700029E83000A69930001FF9B0000CE1E000120890009F4700003E55000046B590001302F00026B080003A48B0001D67400014261000243EB0001A9F70005FA6400046FAF00033BC6000092A2000237170000FD330008E6C80007811100020AAA0000BFCC0001896700028015000197720001C82C0001D90D0000DC28000157A40003D7C8000342470003C13900019BCB0001612F0004974200023801000115480001F9AA000267FD000C40D60001B4AF000173FC00011125000154FD0000C0DE00024B8C0003392B0000CFBB00012953000470DF0001F5B900029AEF0001C2AD000122B700016C5B0000D8510001B52B00028F6D00040A840002CB8B000183F6000122D20000E0560001DFED000164C1000AF52700012BBE00014F3C00015F840000EB300002D1220000D1690001EB5F0000D334000230B80004A333000176C40001557D000521C100035C5900042A740002293A0001652A0002BE3F0000DFDE0001DE8E00016F730001007C0002B2E9000216370007878900046E330001AB9A0002246100042AC30002EDD800011BA300017BB20001B0B3000130830000E94B0003CE9B0000DD3E00028D6B0000B661000157B90003BF150000C1930000A5910001CBAB00014E830000CC2C0000C7E200065D7C00028160000143D4000106270002BFF300017B7200021F03000165DB00015008000385300008E463000666A90000F74B0002C0290001FC3E0002FFB90001564B0000F07F0001F7BE00025DEF00022DD00001B5FE000EA0890001F7FB0002EABD0001066600015E690001978F0001EBC70001474A00050B1B00016E330014757C0001A3C900024C8300024703000857D10002D3BF000236250005DCD70001DF6E00027F4500069E7F00008FFB000243E60000C6DC00025F530000D3EA000161DC0002BB2B00042C910000A005000120DC000323340004AF01000246C50002CF410007C6AB000DB5290000BFD10002841D0001BB37000DDA780002E89C00015CC8000264810002192B0001224300021CED000175E00001B8370005A86600010B81000090000001BCDD00022F400000EF2E00013728000114070002858700014B3F00059D6D0003C7990004794A000263210002167F000103EB000242F800035AAD00038207000205CF00027B860013C98B000360C700022A2600042F6400032FD7000570F600015A4A00062FA0001428270002F83700014B8F0001D20500096B840003FE450006CDF30000F4570003A7EB0001D4930001BBEE00023937000310610001340300021D29000771C1000250A4000205A10002FBA400018F9300016BDF0004898B000123750001054100134D090002EED60001023B0001DC33000F1F250000D09900014B1C000209FC0001ACAF00011BE1000144F30000E789000121DF0000C38F000474240000C87E0013E50B0001A201000118210001E3DA00017B760003036F0004C8630001DDC70002CB570005044D0001010A000115C00014987000018F3C0002C22F0000EFC30003382A00015E4E000378460000DD45000C5804000143A10000DEC70001F84200038FC5000104910003D9DA0005216B000113130003E6DC0001672D000122FA000120B600013D080001214B00011EC900027853000599AC0001BEB700023D88000AA0090001027D000075A900057939000113D70007AF520002D2300000B3490005CB8700015C4400041DD000010A780011C2360002851700014043000454CF00010AE30002414900013E5D0002A22B0000E427000152400001014D000192710011F80D00059E760000C033000446AB001454430002248F00016A1B000E3CF6000214620004447A0001B99800032C23000379C000012BA100013B05000134440001C5ED00013855000299A50001C4E30001E827000100C10001C06E0001819000013C5C00014F0D0002617D0001BF2E000D4E4400045A9B00041CF3000123FA0001BBC800034C5A00035F240006AC9900016971000670E0000080010000C07F0000BE9B000387FB000107D70002FFF200028DB10001581000014EDE0001F5A50001F32C0002C59B000263E80002A5B70007490B0001FCC60003717500074FED000190230001017700012B47000157110001EB3F0000D5490001A6E3,5120
59,0020001000,5,0000E9C7000AE97D000140F500032EA70001E0B600014D1100041BC9000254E10000FF2F000756330000EFE9000135190001615B001274B10002F2E70001F5C4000164330001F91D000100910000E50600031563000410860001583200035DC00002E6360012AF2C000140A500017DDF0001445900031E3E00017E3900047C2E00013BC90002E3010005249300009DCF0001D1630000F2C8000146AF000173150001B53D00026B900001ABBA00016A8E000174DB00015B5D000324B30001FDC70001611E000157460001C2EC0003DFF40000B6AE0001EAAC000163860003224D000284320000CFAA0004AB0800015EF80000DCC300025F98000125C400016F320000C7A200054C0B000192E70003E0B10001DF1A00019FC100019D8700042AF9000349710012CD57000135B40002422600019EC700061C430002043F0000C17D000213C10001840C0000FCFE0001BD4900022B3B000781460001F5990001F2F3000163D2000A81F800014F0B0002D0280001585600040C510002D8E90000D0D60002506200010C120000FA4D0002CAA70004586A0001522100022DFE000347EE0001468B00013D370001361D00037C7D0001CEAC00012DB90001244C0002B45C0001AB9A0000AF6A00028A83000166140001028300022177000101A80002A7150001C4190007668F00011B460002D01A00017A020000D00B0001F89C0002101200017938000F1C6B0003DAE0000381610004CE3D0001F6310005D17D0002C5D400020ED70002D5C700011028000419B10002634F00123E960003A82A0003EFCF00025B75000588BF000272ED00015BD5000180B7000E37260000E551000345F100012DCE0000CA1E0001A6730001E731000156650001C5190000EE79000252720001277B000DA96C0001D96B000305A900021AFA001321C1000234030000FBD1000761E9000217730000F79E0001A798000567390000E01000030E4E000BAF480002E6D600043FE40000E0610000E0010002F0D200031B52000362C50002403E000142110008D0A10001A7CE000489280001B189000AA4A80001312E0001C709000674990012E7F000069FF50001463D00024754000186CF0002242000032735000164C80002FD61000136590001CAC800013F250001620C0000BFEB00032E6F00024EE70001E0670000FDF80003F03B000253AD000212270001DDE7000149330002B7670001335C00042F910001C01B0001190C000153180001AE110004C330000136F600029B5C0004DF5900118969000212270002610F000111D4000EA23E00089FD3000388850001C088000367E60001B5180000B0310000C3FF0003EE6A000120F0000545CB0001D2990000CE41001279C40009B324000149A0001093E70002BEC50011AFD300034E1D0001006700030DE90004052700026A800000F8DD0008774B0012D8D700042A250000BFAD00024A49000103A600083144000219BE0002024900023E1D0001942F0001002F0001A6D50001901400023D450001C0640001483E000182DF000136BC0001CE6A000198810002ED080000FA92000335AF00019B8900010DFD00029EC100016DF20002130F00011E42000155E1000189D40001B1230012B4810000D0020000AEBA000179860006B1D80003236A00013F0C0003EF0F000128680002BD280005D1D300013251000266E600014D09000BAF9C00012B250001004B00066A0F00034D90000377D90002B5230001A6C20003942D0000C05D0000E09700021BE90001FCD100053FE60000D0C20000D499000DF601000157A00011B57D00011D0800014C200001D67D000256EC00012E3D0003E6AD0006606F000179F30000FBCE0002CBD9000389B3000124590003D3370005EAD90004C3E00012E8EE00012D11000B472B000497CD000D70870002AC880001D74A000636A80003756500010A25000A928F00015BD10001545300013BB30001914A00013A940002468700019E9A0001296D0000FE3700019BBB00020954000112E20001DBC00000F3E50000DCA800020A2A000353970002576C0001F06C0002EB420001C80F0012BEAB0002FD5B0001F8C10002C61600022E1C000187AE0002AB380001A0830001B3D100013B040000D28B00015E200001D8C30001A3CA000442250004E78B00017A93000445DA0000F08F0001C549000149560000FE480002825D000188C70002CF2300009FFF00034927000205230003055A00058B57000558FC0003F39A000720F3000357F5000100D300038FE50013249E000163F20000D14E0001C44D0008F1990012EFEB0003BC4700089DDE00020DED0002101E00024E1C000494C400024FD900015E980009A54E0001B1400001ACA80000F4F50002004A0006F1950001662300082448000474970001FDB80000F02500016A510000E1B70001C31B000291C700029B6500046A52000170580001BA680000E005000139450000EF5E000314BA0006D81F00018E9E0001650900048B35000178420000F6E4000234E100029313000364CB000AA61600063E25000C944000028425000379120000CEB70002206000014D650003341D00036CF1000338F400025EEE00016C490001EC720001E25400015F350003A42F0000FEF900023C980001FC9E0003DE3100011AE4000375F40004407D0002805A000234FC00015E5D000218140001D0870001ADCB0000EBE60002B00C00014A170000C7D4000872C70002B19200017C9B0000F7C90003F0860006B2680002BD33000102BF0001F60F0002AE0500013279000412F40001F7140000EBA40000D8CC0006BC10000185400002A7C40001F9570003078400024B01000234970001AA6C0002527100034ACE0002BE2D000145DE0000E35A000FD4A50001D723000801510003CB09000589D1000192A50003CB85000247AB00032D1D0000E18B0001B8B60001E694000139740000EF12000509650004511F000208C2000197810001175500025CB50003A2780002504800011623000238FD0004282E0001FAA30000A005000130190004F56C0000E1750001EB56000180C70005DD510002258D000276FE0000F116000484870001A61B00011EB70000F9EC000080410001102F00053A9B000523D10001F841000192FA0001F53F0003588F0001A4CD0001A0A60002DE1D000573F300015C830001D71300010FAE0000D02F00010023000131D900031538000106F60007DCEF0003CCA300039ADE0001FDDF0000D5B100025CE200031A6F0001DECF00022CF20001E65600015B7C00026CDF00118BEC0002052F0003A5A700021E50000226FC0003DF990001BA180002B1350001FBE20000AC740003C53900010C150001FE500003A34F000254AF0001A8FF0001C41B000149D40002A62D0000EC130003A9130001C80D00011ACD0003563400012EF60001E44D0000F04F000174650004DA87000233C000020A590001A8A9000D5B370001459700030E580006CF320003620D000290DD00018B420002162E0001477100017AAA0001BD350000CEDB0004C53B00020696000151B60000F0CD0000900F0002B8A10001A9ED000101AB00047663000181930000F4EC0006304D0000FE370000FFE000016A9B00025B1A0003D12A0002CCFF0001ECFD000168000000CFA70008A0FE0002D4B30002699300075B97000182050004FAB50001910F000BE4B500050E3A00032B3C00048054001306B2000144490002A1BD0000D71000011BF60002315C0000DE06000170480000F03B0001F9C20001307D0001F6E60005E3C30003A4A00002AEF300018832000142CA00015AE500010B290000F2290000FA0500025EB90003DBC6000197450007DF1F000154380001338C0001112D0012DF670003673B0003FADF0001F5D3000318AA000294250002CAF40001AC7C00011C25000324A500011B3900013223000405BD0001E98E00012AE000012A120000F19900010E560001402A00023CFD0002BDBE0003653A0001731B000216620000BDD60001947600020BC60001757500014AA50001EE810002D57A0004069D000236A40001C6DA00013CF80001921D0001F5CA0004730B000157CF00022F8400033EAD0001BEC00002486900014D610012E28D00058E790008E7C800013D650012EC1E000739CB0000F3BC0002E53700028FB300013E1500049515000447B00001A6A40001775B0003D0DF00024081000507FF00018E140009CC8800021CCB000161A20000F0940004DD5D0001648700037C7C0001D50F000288010001A35B0000FDDA00086AA000014A7F0000F33200021F890001ABC80001BB1F0001FCA50003F6F300010CB90007132F000377390000E41C0000EE800002DFE400016E0400023F1F0001EA4B000276240003B452000448C300015A39000176BE00015B2C000218A800011DD400028EBE0001100400016D6C0000B0C300044CE2000254F10000E0100001440E0004F396000405A30001C7D60004540B00027AD30001430000024FFF00012C25000187DB0001C1610010E6580000E6690003014800017D070002137B000170BA0000C9D5000137DC0001A38F000221B30000AD800001D32300021247000374D900010C7100035D3F0001FB5A0002A6B800102F7000011EDC0000DFBD00083DB7000190440000A003001354EB00024BE400016B40000272E40000FD920001724F00025BC60002142700100D420002B13C000289CD0000FEFE000951360004B5C6000429EE00061ABF0000F44100086E650002235D00024C7D0000EE3100012A6C000ADE9B000175D40001381300018C8700010EA40001E9CF000120A40001477C00016DAD0001A9F30001C4B5000100010001AE8C00022F0A00021B090000DCC3000119ED0003B1A50001E2AD000460E40001961F0002C403000121250001F95400035813000210510001984D00018C880001577B000222A8001292D5000180B60002730D00029EA00003CC0B0002647A000503CF0000FFDD0012CCB60001FBEC00038B7400014FD7000508E40001BE2D00018FDF0002D98200023AD6000110600002695A000656180003CF5A00090AA80001A7DF00014A6E0005EEC900065E7D0001A2F600018A390001CFD8000172CB00041F1800016181000696E30001540100017F690003CA7900026ACE00058B54000689620000B08B0001C2330002FA4100019F8300010D20000148140002881D00022C7A0000BF6F000BF5970000CEF5000622BE0001EA9A00012C4D0001FAE50004D657000157260001A6EF0001C81B0001EBC30003544B0003078E0004F473000200B50000800D0001F1B5000470670001D2070002B2710002D52500039AF30001CF130001CC0B000136770001D0E40000FF92000171250003A2EC000198070004756E000661BC0003783200034B130000E6A30001B1180002505B0000F9770002D8500000B49F00016AA100045B340001394C0000D13B0001FCB2000100890001ABA10000BB3500017CDD0000D4C40001264000011DC90003B1B800015EBC000120C300014C7000087CA500017DD5000308790001E44A001315500001256B000418200001CB1D000238CF0001F17E00010FB50002983C00021DE800028E3F0001ED8A000163E10001E4540000C1C40003F8B600086A63000545C30002726100016A8B0000DBA70001794E000149930001EBCE0001D34200011CB90002A08F00012EAF001125580000DF8D0000D71D0002D893000696600004C40E00015C2A0000D09F0000C01A00016F7300013DF00001BD350001288C000220D70001800F0000DF39000124E20002026900096B9100011D190001B5F700024AAF0001005400025A9A0002EF8400031F3C0000E82A000281C00001223F0000ECE10001B3490003020A0007B51E0001133F00025B6E000AF103000302F5000111B90003D1D3000292B9000818C00001FE2800020C890004352700013F640001A9F0000170730003FDEC00021CF70004956C0000E71E000111840002B9D00000C0280000F2A10002149500024963000A7F4A0000E7C00000C23E0004851E0001C96500012EB30001E8DB00084BF90004CC29000161430002E7010003ADAA0001AF230006A89D00022534000124B200033DED00011EB50009E7C30002A23500108ECD0003694D00024018000359640002CBFB0000B1C0000176B20004F6D20003055F0002E9690001750200016E1F000267B10002E62E0001F5450003205F000145450000D32E00018772000311C20012B09A000279CF00028CE30001E0CC0002519F0001D6E200016D1F000162A600013FE90001C47B0000FF7A00093601000286C3000172C7000190F500037E520001F7EF00010FAA0002BA2200010B380003F65D000321830000F87A0000C5A1000216D80002A8E700010277000145AD00045C660001651E0001410D000158420001079400013ADB00030FF800025C0200019DF800027DCB0001690B000232960001608C0002A48F0001CA050000CFAC0001C20D0001DBC9000333E00000CF1D0001ED13000351ED00045EFF00016C5A0004C94100020689000226D50003247800123AD600010CDC00027FFA0000B7D90004D94E000144A500012B1A0001C40A000132EC0000FFA90009453000084FFF000195F5000173930000E447000330DF0000E2A1000157900003BF88000611450001F3F1000827EC0001AD3F0001CE4D00029B9C0005D3A60003B7B90003013E0001B99D000149CE0001AEA30002AD010002255100020F2A0001DD6800011C1000022F3500025BBE0002C45700019F0C000C23E300044B4C00122F8A00021B0D00019BEB00031FBB00051E76000196B70008AEE70000991A00030D710006EEF5000343CE0000DF7C0002AAA20002EADA0002D23F0000AE4D000169120002F3110002ACB90000C50B00018E6D0002FE6300042E170008701F000570030001407A0001B874000171830002FCCB0003A48E000144B90000AF4500015F2900048C750003F4E70004EAFA0001CB9E00012B990012992200034E590000C0ED0005250100020F10000112500009F69F000332320002EE45000344910002182800014F0700018B1500018FFD0005B5DA00014A830001C4F50000FE0E000684940003DB51000115B40000FB1C0000C1F90001B79100016B460001879F0001ACF50003ACA0000479E9000153010002446B,5120
60,0020001000,5,00018B5F001249BF000720690003E01000015C93000351DE000179D700071E000001C4010000F1CA0008D13200013F610004B9760002FDE30009B878000147FF000613BE00014A2C00010249000387A800013B150001588D0002E9E300016150000191D9001218D1000115D3000D2F56000901E30001CEC800034B820002316A00016A1B00021A01000241560006183C00022814000679E5000189BF0002281A00010235000302700005AB7000131B4600010748000232540000C7BF0001E37D00026607000160970001AD490001607B0001F3D600013CB800011DCA00045B3D0004308700013339000182500003609F0001E59E0001FD2900010A6F000769790005A40A0002D343000457E1000281D9000426330000E03E000147F00000FB1A000A4FCD0002C12F0004425D0005B0E200010B220000F29D0001BD1B0001269300015CA300013BBE00012D8E0000EED900024F820003A5F70001B0A80007DC9C0001E2F6000568D20011C65F0001FC83000256B00003B6D70003E9BC00064DE600029C67000116C30003A59400031FFA00013F120001F8FB0000D0980000D3BA0001DAC00011F5CF0001788600013E8200013A3000036F46000151D10003366E000C3E390010E27500010C7C0004B0460001ABDB0010937E0000C3EB0004C1870002CB190000DF050000EFAE0001A764000127BC0010E3280007FEEB0005C431000121970001887D0000C22F0004EDD3000204500002CADA000322F90004B0EE00061020000228070004259B000256AD0002562E00027553000171DB00013D0B000218FD0001E5060001CE8F0002EBF20000F10300040F13000108A00002A4F200037E320002851100014B5900022EF90002DBFF000327DA0002447B000122290001BCF8000ECC5100017C830002014300017DCC0004B1050000C0160000D93E0002C06A001187A40003C0A0000451ED000231E10001D8290002E7A800074C2E000140BB000125AF00017788000142090000DA900001F527000440FE00014901000161330000C84A000507C7000274BF0006FE6E0001B8B400019AE20001DE9D0007E17000016EF10000DC6B0001766C000391CD00122906000126600001AC2B0001680700018117000437E10002ABF60000EC8F0001F19E00028D0F00021198000107CE0001348F00042D810007AB5B00010A31000252DE000159730000FECF000AFE3F0002396F000150BD00022EE10001A20600027A5E00057E060000F60A000203AE0001F33B000193B3000459A20001126A000E7677000247970002DD5A000116280011D12B0001F4A60008974E0001F91B00058F1D0003DEB2000175E6000163E1000394D80001C59D000257B00001C2930011EA7500084324000168CE000210AB0001EE0400016546000C178800020999000B0DC600026CD9000C973F00045D83000397460001A848000805380004028D001252C0000227850001E63700051A070012106200015EA800038DD00005D6820002046E0000FB850000B0540001BA81000190090004D6960005A3F6000167060002D1AA00016299000593390003D9A7000135FC0001DEF10001DFF0000191DC00030E6C00029778000148EA0001422500012C8E000129CD0011F4E70006EE4C000511FD000CD79B0001FFD400061E7E001080F100070C1D000D5B410000EFF900044DC0000208A1000122FE00060D6600027CA20001542C000168BB000935A00009AD7D0001C0830003D01D0002DCE90009719A0001C9DC00032E5700016FC20001DC6F0005E4020003D4DB0000BFE000013AC40002E2D70003BBEA000567AC0001D21800018EA9000242590001AE1C0002A12500010E61000149A90002D3750001A821000149A900017B6B000360CC000184730001E2E500052E570001A8E50003E98700026F2E0004A9680007BE4E00112CF000011ECC000101A20000DD7300011B39000290BE0002184500016A1C00016AB300050AB700062E830001038D000304B70001291C000160A80001AE010001379700019B4E000B18F7000283C90003FCFD0003EAE90011EE3D0000FCFE0000CFD200060279000AB2C10003441C000184E9000453D80003D720000156C300028443000256C00001490000030E390002FB3100018C900001F86800022EAB00020A9C0003B0E1000247370005EF9F00020CB40004EDF8000224330002122F0002E24D0000F0CE00023F9200024A290001540B0003873B000815670000CEDF0011EF2B00026CDC00078434000121D700124AF9000141EA00015B940000DF8B0001295E0001803A0004188C0002392C0002A8830003ACC900113A7D0000FBC500009001000166580001FB4900028DFA0001C0EF00018B7400012DF9000182030007DD4B00012B950006F7E70003A2C30010A28A00027AA20002D0710001F1E80000ADAE00016B0C000208B90003AB6C0003206F0001D6AB0002713E0002804E00014D9E0004342B0001A74B00013E790001480D00046A1E001008A00001EB1600017158000181C90002ED92000291190002FDA70001ADDA00038AE00008139100018201000519860002759B00030EE9000B10BC00027B3B000161CC0004380F0002665D0004FF3F0000FFFC0006E8F5000505040003A0DB0002E623000269BA0011CB43000246490001986B0002DB7F000901210001227F000424090001AE09000FB1FC00016BB00000BE1400042FD4000195A00000E10700013D270002722C0011C3300001AE3D0001D7CF0001D3D2000201C200014B94000134C30002388A000209070003AFA7000361D4000531210003312A00026EDA000142650002FA780000DE54000181090003D2DE0005740500018BE1000348470001162B0001025D000204850001C8660000FC4B00019BC600052B660002E15E0004733F00016FF100012C8F0000FACF000377FB00037B740001258C0000E1C40001DFA10002B66B00030A2400030ECD0002BEE9000251FD0001FF36000352E0000159860001D5990000D45E0000E8280001042E000797B90002E0BE00068A5D0001AE3300035FB400120F77000559870004A3D30001322500041ABD0007D36E0003625900022D25000137820002CC3600014EED00074F91000482F30004974200013D7800018BB80003E64B0001043400017286000538E3000101B3000224470001ECB30000DFD10001DCCE00015B550007967D0005A53D000224D000015CF700018B96000279EE0003BD7B0007C02B00073AD30001E5270002209A0001D5480002BE1600053960000808BF0000D07A000128ED00062A9D00070F320001498F0001FAB40000E6AB0011D84C00010807000179AD00018FF80004564F0001E0AB000306AA0000FEB3000E16B3000090050002017000013BA600024C94000109C100015AB60001C4AD0002B85F0000EE88000BD83C000B8D89000A1A890008E7C200043EF000011FC5000215F70005C9A700016F5100011FFF000219E000012E2900020D6C000111A4000304F5000167F70001127D0002A141000BD24C0002DD2E0000A27E0008708900082A550000E0170001A2AF000206C30003678B0006EF790001568F0001EB820011A5230002AC260001BF0F00012A82000BA20200013779000286E3000880FE0000C0BD0001405F000259CE00021A140000E4620002C3C10001C353000141310011D1BC0004FE8400025D990000E6B8000338AA000306DE0001DAF70002312000039D1E000128400001A1D100081505000346110002250A000275DD0002CEEB0004354B0001902F0001FC3800011E6F0001706100027F7A00021C770003FB1500120E38000142F7000997320004195C000111A700018D970002B3B800014A02000171880000FB31000620F50001605600020031000176380012877D0001FCB9000522430001C1680002598F0001D39D0002C2DE0001620A0002CD2B000243790004A1B60001EADC00028FC800035CAB0007F5630002A9970004174100053DE60010088B0006663A0002EA5F00025AF800046FC600024FBE00018F2F0001AE7C00024293000163C50002296D00025D7D00029BC500012094000344490005492F00108555000669970002AD710000C3B8000185BE0002A6AE0004B15F00034BE30010FEBC00029DEB00073D0C0001D066000411CE00027A7B00010D5C000202880006DCB900108F400002BBCF000A1FEA000291E10002A321000344E8000BFDC300040B77000179810004C80600022B490001385E000176E7000259210001024F000160630000E0A20001D95E000177BF000208A600035F1000021608000175F800048EA500017DDF0000F0A10004AA4000046C360006AFF6000321E10009EF540002336E00015638000821B200024D190001DD0C00023EDF0002ABB20003639D000157E400016E430002AC7E0000EB430003371900013BCE00012B920002E5CD00079526000111400004C0BC00015A660005FB7800019189000BFC570001BE6E0001BDB100010F480001678D00040D8D0002BF640006BE4600024FAB00019BA300016AAA0002239500015BD300047B3C0003A1F8000151F50001018100038EDE0011D8C400050AFE0002033D000472490012442B00081D910001BA36000201210002FD3B0003404A00011C310001EFFA0001175A0000B9B10004B6E400031E6C000180D9000586730001D1AF0000E6A9000ADFE60000CFDC00018EC80007F65B000C71D9000D80C30003B1F3000170600001AC91000163290001B4DF0000D0360001F5CF0002D9BD000129520001959400030F7D00012958000116730004FC80000FBA100002B31B000644B600010AAE00015A240010A2350011D2F50009EA130001B8740001D48200024E05000562440001E4040002F901000124730002F1AA00023C6F0001EC4F0003C5530002FF630001445B000115A4000480A8000558DE000216D80000EDDA0009052D0002F713000186970002377900071B530006EB6D00015C670000EB260001EAF60000D00D0001C2E900040D6C0000C3D1000884C600070DA500034B4A00020891000188D10003EAD100017ECE000467360004CAD00001C3510001008C0003CCE5000102C900018FD9000144200008164700031FE4000255650002C9F50001AB6500016AF00004BE45000806C50001E991000649BC0000E2F3000281F40001C9FD0001765E000FDC3C000175E50003734F0001DDE500028D180000D36D000195070001859D0001618C000199650001A73000051EB90011A82200017AF400020E0400012FFC00022A6500028FF400028A000001E43C000129F80001365300015A2100011D7D000220BF0001A0EE0000CBE000021D3700024D97000314C6000262910002B386000125B60004BE660001EBFC000100DD0002680B0001AAB800013BE60009782E0002C4690001782A000B1EEF00014BB00003D879000436440006D038000237E000012D4F0001A5DE0001FECA000165510000FE330001ACC50000F8520001135B0000E06E000267CF0001F24500021DF40011AED80001A5B10001BF7A00037E240005594A00017EEC000262C70011122900021905000A7610000186AC00018F6C0001467D000133F700015E6500023E110001BF4200010A09000235DB00024981001216FD0002DD140005A0E90002E2CB00022BDF0004BB030002022F00024C71000104C7000149C70006B92C0001A0F3000508EC000335070003B8BC0001FA05000198510008D8790001FD9A0001828200012657000151F8000230350001D2EB00041DBB0007A96D0003E909000244AF000339D20003ED84000C253D00015D9F000486200002784E0002BEB900042FA100019E6A00016ECE0001F4520001FCF200012AF500015E12000165D700026528000090FF0001B64A000207D30001F42F00011D3B00009EF90001ED8100026AC1001161930001201A0001555E0000D0B0000184AB0009A2FC0000CFD00000DA1B000302810001A7C00004B1C200020655001246380000E8F4000496BA00018859000369B700019F9500029F8B000182A80001031D0001EFE90000F04D000330DC0001255A0000F1FC00019BDC000761F00004E91D00026B48000456420002FD7E00023C5D0001FA9100024B5B00014B2900014AC90000EBD4000393810001600400012965000199E20002E8820006450B000234EE0001A3F80001A4F700020899000330E400010DC200036B66000323DD00037E9600014AEE0004B28F00035AAF00014B8A0001142000074DD80001663C00025C170002DCF40003E88B0001B38C0001421A0000F0680000BFD10002EDA5000226E10001469900019B2A0001BC6500037A3100010AD2000371F50002FA260003E6BA0006A0530003739400024725000334F2000217070001FE84000133F300032C130009CC370003108C000383E90001A2D600027A04000283F5000403330001EA1F000700D4000C5A590003F35900028DF10001F19700029D7B0002E9970001CFF90001D8B30003CBCE000121E7000098B80001BF0C00014EE10001B7B30000E1A5000107EE000221B80001A501000F71030000F175000352F40000FA5B0001A1080001012900044548000588110001DBB800025CAE0001B3D2000288F0000470F1000222A1000668CE0008BB15000141870000D7CA00029895000145B90001B87C0000CFB20001CAE8000858AC000206B500022E9D0007E2D100028A210000D4470002A9BE0001B0880002B1F00006510F0004BEF70001CBC2000169D100023CEF00078F74000134E60004373B0000FF2B00093AE800016A3900018E6F0002027000011BA20003CFF100083A7700019BCB0001081B00026BC700053C6B00018A4E000142150001548C000142190000907C0001BAE000026E0900015C650001B1DC0003F7A30001F4D40001230100119BF9000DE64D000576840001692B000C5051000356AF0002323000012902000289160004ECEC000149C60001AB71000E03DA0002950F0001766500011D4100013069000134240001216D0001498200036135000112EB0000FF01000310CF0002A02500017F9B0002B00A00017C740001107A0003F1080004AA22000617AF0000E28400038D33000565B90001BD4E00023C8D0001A4DB00010E2A0000EB96000404F700038BA000031E3300036AFE0003D83400049712000402FF,5120
61,0020001000,5,0001E6BE0002259200008D9D000260D600014F10000384D100010E720001B4B9000213FF0000E0190001D66B000FFF1C0001F4A0000766130001832200020A930001653B000120A90000E24A0000F59F000473B40003512300027B0A0003C53C0000A0C500021DE80001514D0002D1AC0000A0070003426D0002239B0000EE7B0001D3800002DA4A0001D38F0002DBA700013CBD0002756C00011B910000E13B000480DC00011DE50001212300058718000148B70000DC8C00018DBB0003A37C00013DA3000292E90000D34700019DF90000FFA70003E58C000172A90004584F0001578F00029C4B000187B3000661EE000208E20004694500016C2000017EA4000100E900011F0D0002173B000A143D0000EFC700018C23000172C600013A1D0001652900053D300000EA210001B7C400013EA50001702F0003F8F7000723A30000F8A10000A8930000B3EE00018A530012FCF50001211C00047911000155E0000162DE0002054D0002482C00014E890003DA74000225EA0001B3E100014F590001D4EF0001B2BD00041D890002E0B4000162470000D75F0000F33D00014EE90005E2EE0002CBBA0000AE8D0004DB6B00012601000333B80001CDBB0003A4F90006EF130005178100012B01000DEED80003B489000323E7000133110001B88D0000D03C00103B3400017E8B00029DCE00025E9D0002D5170001C9C1000149CD00047F450002A512000161B4000595970000C03F0001BE8200027BE30001B19C000D15CC0001D7CE0001A61100014E9700016BDB0004063700053D4D000183A900015E910001E4970002DE6500032C80000288FF0012EFF800014B38000613A50001905100027379000238EA0001126300070AD70001937D0001F6080002371A0001107F0000AECF00025A9400067A4A0001C7AF000125C40000FD2A000110B900020D470001FD85000301DF00093E9000080E2D0004438F000174BA0008454E0001AC4B0003893B0000E2C700018D2D0001CF2B0000FFA90002045A0004CCFF0001E87700010F770003C8CF00038F2200025F8D00043F1500033CE700028D3800007FF60000EE840000CBD90002687F00015E1E00011D7F00011F340001B885000753260001F726000231900001E27D0001E2210002517C00064ECD0001EB2A00024AE90003A7C000013D5000022557000175F9001356EC0001E6D50003B234000210290001524E00021E0C0002EC950000E8060004298B000103CA000D49ED000150F20003657C0004B1A6000214C40000EB45000D2B8100012CD30001FB60000137650002449900019D13000111AD00012DF40002BAD30004B0B10003CDB10001301F0001E40700015A5F00012D5B0001AC050002F2E90001E5D90002C4A00002D2A800017E3600010A9F00009EEE0001DEC90002A5A600010A970001F8890000F82F0000F7FC00019FB60004C5DE0000C5C30001A026000080000001087F0000F86D0001B04E0001E408000305B400011BBC00017FC200010B2B0002116A0001A8F000020E9E0001A7940000D48E0001E72600029A880000C88200021A2700012E120000E47400031CEB0002705D0001372F0011633B0000AEFC0000DFB600047DB60000E75600010696000309E10000DF7B000944B400059E33000260BC000408330002530700030F0B0001E3A900011589000110CC00009FFD0002ED93000110A9000146CD000100C60000F9D200012ACF0002636300017EDC00131B9300021A620002A72E000296C00000E529000129010001CB0D0001AB450000900100041FCC0002939400018A3E000411760003E9BD0001AD7500014F290002C3F1000142CF0001073E0001A78D0002B9680000FF9A0001F0B4000197C30000DF29000107C60003145F0003B4EC000406B300064AC3000568BF000389C900030CAA0005C5CD001080280002E88E000329F3000592AB0003735F0000E7C20006D3AD0000CC400004C91F0001EF4500011BF500039EE3000201EB0001B53000082B04000131A200132F8A00075D7A000235DD00067C590001A7B100016555000387E300029AF2000457140001010600013493000502100001B0100005F6330003E4EF0001E6C700025888000109490001607100029CDF00017E9400011F590002AA5300029E9E00052B090002F8610001F31700012CCD00073E0B0002A9CF0003BC4500014B7200023B4D0000A5870001A6A2000122CE0001B48F0001D547000528F60000F1030000C0890000EBEC0001569A0001062F0012332C0001FDE900028E7D0001E87400013F6A0002863600029A1300015B4A00029B1D000105B60001E53A000207980012FE2F000164650003570800015C5E0002BADE0001BC5B00021CD50001FC9E0000D7F100139F8900037D4A00050C890001696A0001828E0000C00D0001431A00015B710002C8B90002B70A000206D70000E7D40005077600033366000171B6000177BD00009FCD0000DB040001D41F00023944000216640001AC0D000122C600011DC00001F7E10002AA5D0001FCCE0002F280000151A800012E2F0000E0D700016621000198530001B8750008A20B00011DE70001CBFC0000E7D10003A01B0013564E000174480004955E0001B355000114540003A9D9000274410008742A000136E000035B700000CD3900011EF500054EE2001335580000C3E900046AA6000333E7000137730004077B0003D30300015B080001022E000141B50006653F001350D100037FA200024E570001459B0001CD5D0002D60B0002863D0007A5590003B4C30001A43B00012EDD000134FF0001E4A90002A4480002AFC9000202490013121B0003C4B10001316D000214310004D9B20001026F0001DA9500014C8C000456DB00014744000814AF000172540001E33E0000E165000A6B8D0000A67B00022AED00020936000398F40001586600022CFC0000C7DC000116420001DD970012F98C00055B2800011DD7000263CE0001A7490004A77A0000BDC30002B92800014FDA0001E8E5000180D900046CEB0001736B000321DD0001E60C0002587100113F170002F6C900019C87000274360003B5770002E2BF000255DD0000D2720003FD8600029CA30002D22C0005D380000AB139000568B50000CE6D00073A24000ABDF5000AD4CE00018D870003061F00100CC30001F97C00011C5E0001C8440002D2BA0001183C0001A8B10001BDCD0000C00B0005D9790004C44A0001EF720001AC920003BD9F00013BDC0001476200015E0E0001E97E0002330E0000AEC100024D67000140C10003CA8F0000EE4F0001835A0000DFF4001095D50006A200000136F800015A980001049D000169B3000236C3000162ED0004B178000107560001E9090000DACC0001430E000188B7001386A000072DEF00020EF5000685BE0008BF45000592F60000EE610000FBA70001549B000201E300011C5100048BE1000CA77C0002B62100013D390004ADAC0002A593000350D30001335900026F84000275C70004322700020C1B0001DBF30003C00F0005BF1F000301AF0000E1540002B87500019A83000361E700022C83000FC469000106CB0000A0AD0000B75600024D7A00013BA70004A84400044267000FCEF50001BF9C00022041000276840001203D000122590011164B00010A9A0001B5EB0002468A0001B9B90001DB4E00011EC6000105B100011E550001604D00015D05000296C90001A06F00051CE30003334E000232A200041AD8000142AF00014E1800047F0800013459000496CC0003626400014A3900014AFD00055DB60002AF41000780440002C4F40001994900017EBB00015D290002BD950001EB920000F1D30001CD310001BDA60000BF7C001010E40002AF4B0001A0C3000162E10012566B0000C71A0000DB500001E76D000B5EF400027AD90000F0B50003860F0001928C0001B54000027EE80002282A0001308B000315380003B6610001810300023A2F0000FC34000386FD0000F4D10001495600020D3600123C9B0001AD37000155660002BA18000270DE0001A0C300019A8F000150750000E9C20001F3670008D35F0001BDE70002BAFE000184870000DF470003E25F000262F10001A5A30003859E00041EA900026E8600013B1C00007000000262ED0001A54F000357E1000228040003159F00040F0100041D05001376C10002BB6C000696A10002119E0002EC2400011BDA00014DC70002295D0001380C0000F63C00031ECA00015DB900011DDB00030A7B0002E412000956300004807300037B6800018E120002FFA00000EF0E0007C74E00026B690001A87600048BAD0001C16700011F8B000131EF0013ACB0000205D10003E2790003EF87000289D20002DA5E00090B7A00016B2000012CC90001E7D80003DE33000146A00005F8D5000126470003A2350000D2EB0001459F0001594100015439000107BD0001BD790002516A00036AA9000420750001A5F70000C54D000A2AB700022DDE0001CB53000189F40004483B0001582D000225DD0004F9570002F2B10001B934000149000004F5DD0000C0110001259F0001A3410000E12E000A4128000826B300015EFD0001B1F30001002900025CCB00010F5B0000F74900019F7100015B3A0002400B00014AD20000CF5E000216810001103000013E690001CA9E0002C04900018BAC0001BFA50000F2800001652500069FED0000FCF800139C9800039124000153FB0001C22B0001DC9E0000DF17000309B10000F4A40000E14100008F37000646910002894A0003296700029F90000F94900003331D0002C9510001AD1C000167940000A1700001C5D60001311A0002A68C00052395000136270001714000023C9D0001426300017BDB00020FD4000205E60001553200035BB10005E03200011C1F0005C9D90001966F00022DA1000120600005F6CC0003749900023FA6000145990000EF4A000985010000A5150002B44700009FFD0000E1D70001036E000153960001F05A00030824000489430012276F0002BE5000012C6B0003074200014E820003BB810002366100070A010008DA1E00018FCC000192E50000C3360001E05100038B3B0002484F0002C5DE000224D70000DFAF000516C10003238F000122390002C3CE00019AD900015E41000204560000C1430000C033000288D60001191D0000DF730001C5AF0001D78D00038C810001FD290001E86D00024543000413900001C74B0002A9F00001E10100013DF60000843E0001839D00028BB60000B98600016BCB000109660001965600046BC700018E5B000F80790000D6C70002BDFB00031EAE00012AC10001F30C00008F8700014BB300032A450004378900034A8700016D920001623600015433000135380001E38400010E2E000297840005841B0001A62C0001322D0002DC9000028AE50001202E00045B210001344C00010B52000314300004F3740001ED110001765F00010EC70001CFD50002888900072C7600010B5D0000CE1F0000F3730000E17F0000F818000B4F7D0001381F0001DAC40002C5160001535C0003480C0009E279000712590006AF2F00046E8700058347000127960002CDCE0002D9270005D0510001B0E000030DBA00026C4B000288740000B9B300017D1D0003C3CF00038B010002925E0002357900034FB20000B126000143770000EB9C000256E00003715C00016CCC0002153B000281E20012661F000467DD00034D360001AAA50001055200017BFD00066BF50002481E00059955000151EB0002A68400011615000412CF00015E69000211CE000407C00011BC900002215600017AD100031A7C0008371E0002DCAF00015ABB0000F7D7000D42910004289900024375000371470002837100068F05000196E100010D5C00025D790000E0260001753D000206EF00017423000557750003B2EF00010DD80001DFD70001CF540005F715000E3539000188B30000FD180003E53300016CB900020531000251480001F22D000722A2000392C60000F4F700012DE90000D566001139CA0003AF07000806510002A6BF0001348600013716000297BC0001222C00100B00000DF55D0001944C0005EF89000345450003B56100016A8100019B220010DFE00002BDF9000C7BD20000F2360002326C0000CD2F00014AC500027F1B001231FC0000C43A0000E95B0000C2630001921C0001FC0800013B17000221A7000154CD0001375D0000EC2B000642110001D7FC0000AFF70002771800028525000145E50000D3620000CC110000BFD9000109630002D9190001DF870001D9A6000263B8000258970000A7AB0004453E000A2C9C000311650001197A000283860001FFAB0001118200025CEA0007822B001377E20003B2DC0003B1AD0001E1A900016C2F000481E20001463E000295980002423D0001980C0000F6BB00016E790012DBAF0000F5130003520D0000D0AF00131FE400026B14000126E50002710D00122C26000441F80007DEAD0001227F0007144B0000CCF50001622800027BFD0001C7E700012E1600023E5D000145270001002C0000FEDF0002AEB10001DE82000154F0000105D20002467B00067A4900136BD300025C7B0002F3830000FDF000017F2D0000DFC40003EB51000416DF000406EB0000925000021F05000249A90001500D000B1C1B000658760000E0730002216C000295A70007CA6A00016F5B000233510001716E0002357C0005CC5F0002B28B000631F000013A520006A3310004F6630001CC8700022A0D00011F8500021F9D000315C90001A52800011E4B000205D70000D0600003134C000627B80004093E00013C060004D23B0006B6C00000CDE300021EF30000B264000181D700013F720003BA16000171470001612F0000B4330001AB9E0008A46700017C93000222E80003F8EC000270470000A5D7000102C20001C6D50005EC3E0002B9470001B11B00040B1400023D39000D4FAA00015DCD0007E0EC00013B5E0002FC0400025CA10002EDFE000A76F70000CEAA00047DB00000B52F0000CABD0001109600032C6D0000FC910004B2230001827A0007F28C0002E0F30001851200011D610007D1410001BC2B000F074A0001BEB50006F09F0001B7520000E280000245D9000272E600019550000139CB000262880000CCEF000384D700012EA30000A1AB000346AE0004CD120001628F,5120
62,0020001000,5,0000C01F00011C030002429B0001C0BB0001BA820002E0000002E01100028BE1000739B2000289850000FF950002033B0004B87F0001375300024D6D00073E930001337A00135880000986650001DDA80001DA1F000234DB00029B46000B852D000124D50004CF05000103F1000A7156000A077F00025712000134D00001FFDC00014B3900020A8A0001A6C60006A2D500024DF70007ABA100017D810001A493000122BF0001B0AD000117890003C18F0000F6A00003697D000108E900014A9D000379A8000DA2860002026E0005B40B0001071D000481CC00023BB700016C45000211E3000292AD0002B1BF0003FE1D0001C28A0001A3D800012355000709840000F75F0001FBB30000E48600011FAD0007F71E0001961300040CDF0001CF02000114580005758E0003C8C3000262BC000132C50001218F0001E9B9000435FA000252C50001DCDC0001161F0008FF180007F2DC000275A60003581400020737000111230008E6B400035AAF0003B9410000E0230005F32A0002C5BC00031F7A0001AC640000F70100012E38000A567700014E0700139CF900021D2B00013E7400043EE900009E030001239700037E93000193DB0008DE0C000249230007D3EF0005E468000218470004D92C00013A98000302730003C159000211270001E48C0001BACC0002F6CE000296030005444C00025B43000114E10000D0B50000B17600012C410001F8FA00016E000002F9700006252E000169B0000552650002322A0001E2F10000DBEA000288820002269A0012F28D000125720000B4030003BDFA0009274B0000B52B0001C6850000E69D0002557D0000E3BB0003C452000558D30001B723000236E10000F7DB0001C1700002A2FD000DE22E0000DE1700019FFF00012BEB00034C2C00011B540006B27E0001A1C200018EF0000720E50008C18A00030F2F0001CB070001C8940000FD460001553A00031DB2000418EF0002A9F300009445000110320000C00A000221D600019DC1000790FB00023B1A0002CB4C0000EB5200017B1900011E4200026433000264710003207400029E1800018899000310D30001DE6D00027F8300014371000130FE000556420001177600011CD30004D5A80000E3F200055F4A00018B4D0001F719000226F8000383030001B412000266000001C049000154060000E5560008D3CD00015E910003F2F0000438290009239900014DE30002502C00044EA70002764F000268A90000EE8C0000D4650000D3D70003C55C0001DCBA00045CE3000206F50000D11B00036AB20000FA0B00018D4700021A1D000445E70004A34D0001176D00028E51000618E5000415F0000196040001426D000256620003158A0002E2DC00022D150005FC6B000122F1000164700000A9730000E0480001093000013983000367080001154A00036429000172610004E1A400043B3B0000DD9B00055785000E0281000131EF00064AE700017D80001020470001196B0000EA140000F04E000359CB0002758A0001F7850001CABE0001877F0000C02E0001C85A0001F27F0001CA98000128C3000D0BF600016A90000195D30001035E000154250000B43E0001859500012B5100015DAD000122C90002A0AF0001336200022D4D0002758D000331B10000FB0D000246B8000140720004BE600000C56A000752F6000250DE001182A6000249180000E28700014C28000260EB0004CA1C0004307F0001E6E80003DC5800020B7000019FB30001A1520000BFD9000193460001109B0005834700032A9D00016E850003463400024E4A00015D1D0001C7430001C70400012DE500016D68000769470001242300011A0900092EE400019165000350510000FCC400013174000159C400038C5D00013C7F000280C500017AA400009FF10004625B000202700001BA1C0004BB0D00020CCD000284DF000564C90000EF2500096FC10002E86E00016C2600027583000BA55C00029F5E00082018000193FD0001A8D40000ECE60000E708000189180004241F0000E33F00014EB8000247CB0002960700021D0B00097FDF00047BF1000154C700017C890003CF44000B8B05000C397D00137D290002A591000141BE000159750012328A0001AD6C0002EA790003740E000E131B0002AA1600014CC40003EA010001012500018C2200098A7D00016D39000A7F560003CD4B000175B200024C3100016024000FE501000564200003AC260005E9C500019EE30007B429000183800000E1090001401800030D250000D8120002488E0001233C00011A0D00047A590001819B0002E6460001B1BD000951ED0011C6A800022278000476850000B248000102B300018C5500017BFC000207230001225B0001306F000267CB000287A9000329440001498E0005E67B0002A421000136BF0000D0B20001487F00012A4B000360380003DCA100026926000441F90002C58800042CB0000157500006C52D00024FED0002484C000354510001B5A20003CE350001CE4B000164D100018E860004FDB70001031200011A490007946B00039949000509620001942200078E3A0006157C0001042E000129530001565E00022DD90001A7DF00019E330001AC5F0000C7EB0000BE6B0006668300012E3F0001781E0001C0A30005529F000886C80001AC000003CBD10003EB12000391F600037B6A00041E16000190970003E3A5000122B200041E1C0003B9CF000100DA00037BB00002632F00035CCE00036D010000AFE3000193B20000EC6400021EE5000171EF0001A24B0002834A0000B043000455AC00015B8100079FA300018774000508020002DC660007E1C70001473800014E870001F4EB0001213A00016236000185CA00016A6C00019B300000E55A000424950003A1AA0001F2710000FAC200019EB0000161F700028DB6000113C80001E85600015514000A0A680000BFF700021F0700014AE40001F1AF0002388C00025E5F000128B00001962D0000F0870004E79000013D4900014C700003F97A0003D54F000189E10003D3170001B4E3000317DA0001EDE00000CDA90000B457000141C6001374730001E0C80001DB8C0002B20600032E2B0005356F00010B6A001304C300016206000646EC0008975B00022B370002653D0001A29900013F2F0012C9F6000517310002183D000172A900094D83000149EF0005C3240004A5A90001C3040000E65D000B0AA80000D51E000425F30002B75F0000F03400011CF30000EE4C00090745000112E90004D40D00018EA3000450BB0001672F00018D140007EB950001E3B50003096300014CA50001F1D80002B72D000211CA000102210002482D00083D930001A931000354BC0005378D0002A86000031BE30002E10100013A65000182F0000343C70001BCC6000260FA000121E600052F4D0001415E0001C20E0002597B0001201000019AA80003289B000346B50002CC7C0002988F0001BF16000492850000EA190000CE6F000536D000013F5C00046BFD0001146800020FA90006C5990001591900044801001332F10000BFFB0001635B0000BBDF0003D35A00027F4C00016A0100030AC70009FDC300021C210005931D00018E4C0001F262000150440000DD2C0012A81B000169060001683700011B2900011D960012CA5100023D190001652800023B6000011B7000011EC10005236E000251B00001D386001371570009FA5600013E4400022E0F0000F0840009C04A0002EFE9000376AD0000D2E60005938F0001A035000560E20001D6FD00029DBC00045A91000282D100019BDD00014EDB0007DAB90002ADF00000DB470002E71500015788001344A30001EF9E0003C46F0001C4C200036F3F0004A34A000230520001692E0001802B00097D8E0002272F0001824D000122D30003CEDF000D37A9000332090001B71B0003061600025AFD0001B2B7000336D1000154B8000182020001A2E1000F098B0001269A000131C600068CBB000B679300037DEC00058CE90002E1E500032E63000133AB0001D9180000AFF0000211A100029030000441FB000127F2000121440001DAFF0002FA3F0001D1FE0003457B0001481F000192350002FE040001FD950001A8EB0001021000027F9B0001D410000458690003DA02000310D20001690500029FA70000E4C000026DB9001119D300071B1E0003A412000181DC0001A29F0002C9C000013794000179A100022BFF0008FCA20000F1DB00026E800003150B000273970003BD6F0001BE2F00027A070004CAFD0011874C000135830001CB9F0000EEF50006B3390012B272000258CF0001AB4500024D81000447DE0000FD0800014F1600018FDB00017B35000457EF00026B5100011CB200030E130001FB8C00012FF500028342000194B5000251F500024CC200044B6400016C10000198150000E0FA000443530003054B0002428A000216580001216100011D6C001354990001FAD30002E1C0000190BB00015ACE000287880006F0B0000207C400047ED300016495000096980000CAF1000242320001F58F00010E69000146FA0001CF850003591A0001BE170001FFDC00013DF3000593D00001F8E00001AC6200057A7B0001045B0001C95F0000EE79000155EB00017CBA00034B470001C4E1000257CB0001E6CA0001660D00077AFA00054589000224C40000AF8A000593240001E8C1000867A5000195340002A4DE0001671F00045EEF0000F1400002125F0002906300066D92000321FC0001533A0001234100043BA90001C7A600094C570012F5F90000FC5500011297000101400002B7740001A95600019E9F0000A52F00131D34000129D2000104590001B2130001ACC1000194EF0004996C0000EA670003BA7F0001398700017E9200013C1A0002EC2700016C5600012CD5000165770002BC590001BB8C00013D1600008D4D000113FE00013E7A00013DBD00022254001331E6000147EE0003671F00015C3B000347E00001025D000161CD0000CFEF0001005C00039F6A0004465F0010DB8B000AC89A000183FF000146E200017E870002B38800016F8E0002E041000355A90013886900046BD000015C8C0008BEAC00031A440002906A0003CE4100022774000FC9900000EF0B000AD2E50000EE57000A2AE50004EB410001F88F0001DDFC0007BA18000106910003A8BD00082FDA000100D5000149410008BBAD000221B50002AFE500038DCF0002CB280004B30B0000CB8D0001FD1700031B7300067DB300017D040000F93E0001538E0003A60B00012FB40001AC640001D8160002AF660001A7CC000189750000D2720003718200014B8B000622430005E7750000B90A00023F370002520700016E760000E71B00019989000186240001816D00013FD20004B319000290ED00037DBA0001BAF10001451B0001D1F30001DC2B00011B7B0001622D00013357000187F00001F748000108D2000225BD00023812000FE8DF00082C9D00008007000B81520001480F0013273F000119310001A7960002748E00023F9E000109970003F58500014E870001AECC000305E80001347F00023EA60001919F000596EC000366480002B42E0001AEC500025FEA0005AF2B0002940000020B0A00090E4E00013BC00001989B0012828D00013F1A0008B7410001C8570005363A0000B4D70004537A0001F6B500084D75000AC0200000EC57000177D70001863400028B3800021FE200010C9B000111B30002886F000227F20003D4C900033F820001A42F0001B3320001ACC7000144230001834C0000AF6500015BEA0013104E000342F10001EF60000325E100032D7F00017941000258EE000ECDAA0003A01F0000CD2B000485D30003EE320006C725000366A20000FAEC000211DD0002D880000192D200045E56000159BE00016B110002093400091ACD0001220B0001A89D00089573000191EF000126E500135C29000820CB0002F8290000C1040001F43A00020F2A00017D1800027D4A0001BC110001571D00034823000C1CA40004077D000120E70001CC4F00031FCC000258DD00015D21000144D300011A59000B5E0C0000E6DD0000F859000739C10000F15A0000C3630001A8C70003DBAE00037EE5000240570008DC570002EF4F0000CC570003C1F300044D0600008F2A0009D487000140D30000E8240001A4EE00044346000296CF000134AB0001BAA1000281C6001373EA000C15B300011DD90006D1400006723C0009FF9D000164AE0000F8BD00013C6E00019647000390F700032BFA00018B89000107190002B6020001A3730000CF660006506F000130E30002433D00061141000195E70001A1C60000EF730007E3FB0002644B0000CFDB0001848B00016BD60000E1910001046E0001D3F90008D6C5000243BC0009287F0012F17C0005910900018F89000112C10003F5FA0004550300048F36000395AC0004C2A70002AE9F0007D17500013AAF0001ACAF000172790002457C0002087D00013C4F0004A22100019BEC00021BD9001165210000EC4D00012A240002083900026B8D00010DBF0002FDC5000591650001AB7C00016E9D00055271000285770003012E0005877400012D81000248D20001D7420000F1C80001B53D0000E9E10006B15300010730000190C900036580000211EB000235600008B6A8000133D6000264C4000355BD00099E7B0001AFC10002E81C000247F90006EA5500034034000126050001A79B000164E60000D508000220BE00023B5A0004141E000170EF0001573C0000F3040001B3620005C20100022FD600046648000240C70000D7100007B94C0001613300010DFD0012858400034F8C0004F32B0001D4630008042200090AF7000334CC0001649D0000F1E300028B330003DD72000175070002C79E0013381E0001A0B60006A1C400017972000366D40004B04500011C310001E6180002EB2B0001799C00025C1D0002F23D000E478F0001DC230001C3FB00018BC700040D8E0001D99D00013EB70000BF900001972E00012663000759680002415300017943000527F6000316C8000469810001E3BC000702BC000268B800033202000191F7000289C40001A1AC00014F1B000B2C9E000185D70001618E0007A2DC000154B90000CCF70002E0F70000EA0E00024BF500013ED400012C980001795F000A58FB0002908D0002FE390000D77F00019A8D000183960003F9C1,5120
63,0020001000,5,0007DB8C0011AC3C00047C4F000360580002A1EF000146770009A8F40005B68C00011A2700032F890001477D0006591300016B2200011DCA0002693D000116A800010B66000286C70003CFD50002DF550005F73E0001323C00025F12000158500002293F0001C32000018AF9000253330001759C000E85E90002F41400016A1C0000DE57000205EA00025DFB0010498A000107240006FDD00002AD3100042A980008005D00017A0000014ABE00014BE70008E44B0004FF6F000179160004029D00013F4E0002F2310000E0320000ADC6000213D30006BCAF0004F3CA000241A60003FA08000206BE000162840001FF44000244C30011EEBD00082C2E000994700000C919000286EE000A5EDB0008B647000141CD00023CE4000260F00001FE3B000169DE00046B4C000138EF000306880001EC5D0001E50100021AC90001F70100011A950004D28C0006F08900013C840002F5A80001B93F00014A660003DA3900019E74000257240005FCDA0003D6DD0005CB480000E6B800012A36000E47CB00011E7200018C4700014400000128A00001CE4F0002102F00020F4B00022A6500016261000E94DC000100C50001B38000025624000170680007DFE2000205520003AC4B0002FAE70000DECB00013558000100890000FE9D000364CD0005C2810000F99E0002684600015FD20004592C00051F0E00042AC80006F09C0002FB6500019EAC000604BD000457B300059E5F00020B80000165060000D9510001305C0005DAD800036E0A00019F380001680200019534000477DF0007385A0001E9BB00016BDC0002AAFA0000EBFE0002ACD80001123A00019B19000252FF0002A9E0000121E30000E60C00022A0A0002B41E00024A490002918800010FC500053992000183FF0001B8B80001393900041151000136E30001F0C500011A1600011CEF0001E4C30011AF4C00049BBD00012C4D000219D60005965E00017A49000696CB00018EAD0003AA030000ED1E0006C3010000D2B40001483F000444C7000116EF000284730001097A0001768500012F730000F475001028F70000FB050003439E000196FC000AFFEF0001D1DA0001E1050007DF210001F96C0001B2BD00029DFD00018559001197D600017F090000CA930001F9090001BC86000181A6000971F8000277AB0003D3CB00119BCE000199320010149400010F890002309E000154AC0004CDD90003938500032EC50004F03B000132AA0002FE0F000B762200030D78000177D50003C584000221F50005761500021D9B0003EADC000129320001142D000109440001004B0002D8DC000B731300038B560002079900049F260001E78D00027CAE0001E4AC00052597001283FA0001696C00020F8F00028D7D000285E7000607CD00031AA90001F468000224D10001B0060001CF8A000192600009E2780002FB4400012A3D0003317C0000C866000275610001A2160001F1FA0003B5C100013EC40001C1130001E7D90004BA3A00015BF200082E9D0000F0240009CA7300019F230011AA7D00013F8B0001877A0001A50F00118EFD0005FFBC0003130C0000FEEF000393DB0004759400011F6B0001F9AF0004B83B0000D8460004798F0004898F00022A5F00019CE900075C890006898500029DD10007C7220000CCB30002267A0001999B000176AF0001803B0001BB4700120E7C000431830000BF6B0001AC6D0001C14500024BD60004CC780002415F00025AC8000343AC00082F0A00012CD500023872000202F8000761F50001917400012E610000EA4400036E2200013AAB0001E0B1000223F2000208AC0004CA150003BE120003984F000152FB00008F600011BDFB0006545A0001178C000291E200045B7800022A4B00020E1C0002B6660001CEA10000F9D60002195B000964370004F9950003F64B000112700001C4D20001FC670000CF02000295CB00018E010002A63B0001BA170002EB0F00053BF2000428730002A7E00000C6860001BE800002FB6E0001798B00030FB50002150F0004F66F0000CC100002120F0001A714000F043000018A020001916A00013B830002A0E80000FFC200021B23000144B20001B44E0001324D0002E8A4000291EA00012A830003A41000016A4B00017FFD00026A0D000289A10012C4AC0002AE67000248F70001716E0002C0D70001337200016750000283830012B3D10008B3EF0001752A00020CF10001370B0004DC11000131380001696000010FEE000126510004CED8000187B8000120D20009C06A000269E90007FDCA000514320002AC560004FDFD0000FF190000F84C0001545300034F35000236A2000277BC000AB9AF000190440001C5A1000251920001204B001167AC000323F400011D45000191560000B2A60004B3CF0002E5B80002865E001216170001481D00033D840001B8F20002613B0000DFB20002365E00012D6E00019FCE0002E2F80000DF7D00017B420003203800024221000204550004637A000143D80001F9EE00020617000126F700016C8D00021D6400042BD800086D6100042C56000284C800025E400001E21F00011E860004C03E0000ECB40001275B000469FD0002D3EA0001F2CF000372AD000247DD0003E4F7000411BC000375330002902D0009CFBF0002F442000969FD0002733C0008D1760000B92B00016F1F0003788C0003D412000195D60001626D00035FD10001C76300010E0300011CC80004D068000186710000F9F50004C18300013E53000102DF00027E2F000552C600016EDE000BD32400028AC80001D19B0001B96E0008BCB200015F420001EE0C0001D4750000F2830006CF720001C67C00021549000292D60000F4FA000229010001BC7D0003B460000120040005F59F000136CA0002C2720011AE870002FFD800018F38000AE49B000356FF0004F6E50000CFDB00037E740009D23500014A7F0001888C0000DB9D00031A3F00016AB40002D7CD000182B0000183BD000168380006F5CC0001000D0003558000018B8A00035FE900023BDD0001F145000198B600027873000137E30002F4F600031EBF00105D500000AFC4000348AF0007EE6F0001692F0006E29C00016A840001026E000299A7000216850001E05B00026B9D0001C3D50003A3280001D4C20003231200020EF20001391C0002DC7F00012800000287E1000187530001004B000B463D00029F790001A56600033351000266630003905A000390F90002DAC30010505B000CD35C0000D48E00125FB50001FE8600102BE40002259B0006091F0001374A001179D70003334F000669190001ED010007F74400015CD7000B126000058D7B000F8CB2000224100001607D0000E432000120190000D1060001F2A10002AE7600011204000492A30003506B000356C4000211930002189800013EE300025B8B0001FE1D000091810001A5C1000111B70001258E00010F1800049F0C000463380011921A000106310004F9530007A4B60001906C00014D0F0001B80C000333A3000146D6000343F90001A5F00003A89C0006EF100000FE34000176DE0001C55D000E4CE8000138FB0002BEB100062C320003F454000331410008C2A60008C95D001169C9000699CB0000B098000407100007EB5E0001184D00025B16000188D100021DC70002E9E2000695C5000147F70011AD94000290D50001B2D20000F74A0001142300012807000431C9000149E4000207A70001C57700104AA1000A32CB0011194200032C420006E6B20000F1810001ABFB00012248000292620007E7930011B0220003823300037D09000394A00010C5230001618400026A7700019165000169E500068D06000167A00001A5E100031DD4000238CE000546DD00040796000254540004EFDC0006EBDA00017E3A0000FF5600027B47000385F70003933C0000D93300032CB000016C940000C588000C535100016E1300060A050001213E0005261A0004185100086E660006274B0011DC53000242FD0001BDA400011E62000C5E7C00014D750001AB92000B2B61000184630001A4E8000167030000C02D0011ABE70000DDC80000FFF70003905D000169E50004BBE50007F1A3000137E80000AF7700051EA6000250580001346F00026E8E00014B9F000391BD0000EBA20011A401000484F8000119570003430800013EB40001711A000FB63A000233250002F81E0000F1280002FB34000AA07900013B2300012D0A00031BB700021A16000165C50005811C00013EB20003DB960006CC4600035C7A000102E300072ADF0006895D00021CA60001DD8B000194920003A5ED0007F4C20000F8CC00026B32000267270000C1D5000303BD000672780011ED27000450B20001474B000211210011F9F60011EE7400010354000413690004ED1D00011649000220120001DF9C00014351000487CE00013D01000210CB00012182000438A1000501A400021C32000CC308000224270001F6A70002DFA1000203580001397E0002C8380002CCEC0002BCCF00013187000142530000F4F40001854400011EB100039DA40003EE9B0011D2E50006859600042D3200026C9B0007DE6C0005A0D6000F72E9000115EA000159060003202D0003C16800061C5F00067C1D0006B5EB000211F7000A15D90000E7FF00032FF700017BD500051CA70000D0F900019AF50001E7A70000FCF6000162E20000EF4400012ABE0001A87200014217000148DF00013D6C00011F3A001099070000F2C40000E0F3000200AF0001BF7200019FE20001DA0A0002A5C900027063000241680001280D0005506E0002AFFF000398070001B0170001BD5000023132000243D90001229D0001B78400016FC100021BD60012580100013D8B000165BB000427C600015D6700017E6B00025421000102930001F1D5000224B600013FF80003445D000377E0000281340002D7860001FFD60001335100020D4D00025C180001D90F0001E7BD0001670E000128B7000504BC00030B6A00020BC10000F5CB0002310B0001DF480006A6320003544F000179F00001E6FC00033221000F22BC0001F4C10001EDC600015C3800012E13000409FF00015F27000398E4000321570001878D0003C5530004A412000FA2A60001231700024B290002EDC800098E5D0008CD3F0002978A000146AC0002DE21000128200002BB0000016A750001159B000109B800025C2400023E3B000145FC00019023000151C100014BC00009517A000157F700014EFB0003149200021E19000129CB0001ADD000013C1600113EA90001806D00054F8D000231CB000232D50007FACC00027311000209330002BF5C00010A20000341FB0000BF9900070462000426960003456E0001AB10000360110000A3930001B73E0004F8EC000179F40001810D0001626C000107A60001B8AD00019BA100062B500001009A0001DD5A0002FE520003F9850003B55C0011AAA1000158CF0002065B00010F6B00018C250000CFA100012A130001EE5B0003E1DB00033CDD0001E0C70001706C00019CAF00012B4D000C7DD20004B37F0001F0960002127E00015E120002E1520002963C000756B70008642900013E940010C1290006ED08000215CD000334AE0007B03600031CB3000919BC000139E30002931C0003E7ED00026B290002CAE80004E0DE00025F8F0009543E0001A9850002C7ED0003F170000A0BF80000DCF300021F6900022BE200010857000211BF000FF9B80000C353000375120000E668000178F20001589C00062FF60001C74700039F6400045E87000145C00000DB5F0011AD350002BE680000EFDA000195FC00032C970001BF250002D86E0001DFEF0002F0B700012DDD00022E9F0001E25B00032FCB0004D555000282BF000234480003B1480004552C0002266100019C530011B89F000362150001EE8D000121640001237A000192F8000592D70003056D00015EFA0000F2FC00015B7E000187060002771B0001A5600001496F000192AF000112C60000B1A9000144F40007414E000BABCF0003BC500001001000013E22000316720002F4710004BD8A0005BF1D0002D7A60002DF5100011BDC00012FD400104AAC0008CBBB0006E6E7000109270001F14C00014AF8000A1064000178290002DA84000AA4B5000209EF00019E400005B91C0001043B00016EB8000118310001D24C00025EF300015301000328BB000230270002A6B100044187000193DF00013368000969CA00025C740001850300012B4A000302D40001A6040001C0930001F85E0002790700014BCB0003BBDF00013E5E00060B8F00032F80000138BB000177B00011A2840003A6B00003BAB700014E280002163C0001DA270001DD210000F3D200015A070000F76B0004ED0D00043BF6000137BA0006268E000193DA00119DA30002519500042DAB00021E73000326C8000363F50002D716000ABA28000B1E070000CE9C000101D60003244600011CE30005C5DB0001F5DB00021F19000157250001262A000CEC0F000218BD000243230003275F0005DCCD0001865600012A8F00083363000506550002C310000415E70002867A0008D0F20002A959000575B80006278D000AB45C00048B9B0000F4B4000203580001DA5A000186070001B0E70001B44500045B260001A1A900020C1700038565000DE5EF00010ADF00039D9500010D2400025BD0000221A4000164950001F5130005526D0001199A0001774100075685000190860002679B0001CEAB00011E3200010BB00000F3A40000DF4900015E93000614B600018252000249CE000148A90001C7EE000141D50001D24000011C30000285FA0002B8650001A31E000406A800015F8E000187BC00116CD90004412800016930000232F6000782EE00010E900003D5630000B46D001186F80002296F00032F52000177A70009A68500022834000222DD0001EDFF000217870000C0A4000C023C00092C0B00016C890006DF3E00049C9A000114820003F029000129D400028F250000E09D0002EF51000136750001F1DC000323810001291C0001E8F30005FF2900012E59000A5FD40004B9E60000F6B70005D44F000186F70001A46D0001B9FC000147E300018924000C632A0001543600019D0300022DA30005E6CE00024AC90002A3AC00019C2E000447D600010BC8000936ED0002B89D00061B8E0001370A0003B64A000226A7000112A700012CC8,5120
64,0020001000,5,0001914E0001AA2A0001A2F90003475B0001B5310000CD930001ADD700022DFD0001FEB70001C8ED0001216D000160A20007F1950008537B000123260002294D00024BB400017AE10003D4FB0003C79E000113AA0001D41000011DC80003084C000171B00001B3CE0003B5870003CBA1000252C60003405B0000F11400064F5800089B8F00060D0B00029F8D000238910003F72F000151920001972900030C1500027F3B00027F97000559270001B2850007967B0003DFD6000118AF000119F50001FFF0000250B30003665D0002509C000179CB000246A000052AD90002F2A60001CFD30002984D000167A6000409A70003270100039EA60001A6E70003CF0000018619000193140003687F000317FD0000EF320002DC000000C1F70002C923000131E9000242660001636000025B70000925380001BC5A00026711000203CA000231420002414F000239C00001A43E00020DC000018613000135780003E23C000169E2000199620002886E000128E900016A300001F41B0000FF2800026077000205570001A3FE00028D9B0001489F0000F0AB00036F040003C10A0001D94B00017FE300047A1000018C57000143FA0001D4850001F6380001499A00014B3100024712000160980003E334000CBAA70001C7510001AEB90002A46C000131B700014CAA0002A09000043FB50001A5CE0010BD140000C158000179A20000DF4400022FF5000256EE0001BC2200013CA900087BA20003091F0001CD3F00069B4A0004473C0000EBD50001E2E0000276C50001A0340004D9C40003410700018AB1000195330001F1EB000144440001BF8200016E450000D2010002A2AC000254EE00021355000E342A00012E5A0009B45F00027DE40002E92F00019A040002827D0001506C0001594F000258190004DCC70001730A00037B5F0006C0AA0004709C0000D0A70002B631000164340002426700060C4E000CDFB000013804000239AB000556F10001788E00023A530000FAD70006A8430003B0E70007FDB2000199600002545C00017E640001112C0001E6D500011AF70000EC6C00020CC300028C40000638630011A9DD0000A1780004181800012693000B86DB00032B1E0000A003000178D60009FA4400024FCD0003679C000764ED00020CFE0000FC49000CA6E7000177B9000137850001702700028DBF0000FA050004F1F40003E6B80004070C0001C2D00001AC100008E1110001C37A00019A8A0001DFF300020DC50011A3680007AF8B0001583E000200A9000F499600017EFF0009A6950000E17800059E02000370DB0001903B0002E1E800059B6A0002709C0007A242000194F50001DF4900010AE50001F258000674880001C18300013CC6000250B100018E750001C38C0002BCDF000377D60002A797000148ED00016A750001E5B0000209BA0002AA2300014FD3000295C20002A5310000FB4B000304E9000CA86C0002C57D00016F2F0000A000000115C30001DF0E00019CD5000AB50500052836000168C50003DD0000013C1F00015DB20000919D0002167A000B0B280011098800064B46000238B0000144050010C2530000FA29000251610001CCCC00034F400001B23200016B8A0004CFA90004C29900041A1200047FE90000BA250001EA950002A6120005E0930005F9A9000B571200081D2F0001326D00044D790001767B0000BFCF00016BB50000E7610002EB450000FBE3000F293F000157610003A8550004BBF700016D70000166990001AA520004A2890001F583000162B80001E42D0000BECB000137B20001AB7400013B750003634F0008526A0002F0000002D92D000157430003D6390000FDFD00012B3D0000B0BE00020E11000641F300017E5C0006E8410002EC6C0002CBE300015AD700023A1100014D690004B4C700081561000210A80002C61B0003883800015681000244050003143E0001DA4A00028B810001E4B00001327B000314140003197B000120310001F0DD000261AD0002A56F00012B65000AB67B0001664700011C85000177BF0004EC2C00011BF500041BB100020B350000E673000234E80004FF26000244980000E2330000BFA90002939F00020468000293D400016C870001729B000169DE00024B0400029BA700029731000240CD00033B820001923B00119F79000235050004D53F0000E01F000251760003F6550005D7A80002299700039C790001068500027696000201DA000212A300093AA10001CBB80002D3490011DF5A000125D0000275F40001722B0002C31D00011E940000C2A50002C8A80001AA5C0006CD300001E82A0001A0D70001A2D700013A520001665D0001654400043F7B00015D77000260F900035DAE0005ADB00001994D00014030000339E2000D76D90000F9490000E7B400025EB00003208B00010CCD0007F517000203EF0000B2250001D5FE00115BF000025F9C00074E2F00027C0600015BAA0002248E000147CD0000B514000259260000DB1D00033E2C0001C29A0001F36E00010423000188BC0001DD6B0001D18D00013EA300025FCA000470B7000177E9000181C70002FD080003F68600121E390002424D0000EF270000E0090007F5BE00027FD40011B7A70001E5390001A3D5000230C30002E26200024D68000238C30000C2230002775500019DCB00027E100001DADD0001F57A0001659F000119880000F0DB00012DA10001211F0002221600028C4A0003E1580002FB640000F6830005641700017CD60000EAFB000124F10000FD050001107F0003FAA500029B73000295850001CB740005C61D0001952B000AD29B0003A0A90003E5D4000A836D0001229E001118DB00013D870001AC380003CA58000363680001C2E200019B73000229D2000211990000EB2F00024F6A00014E2E0001A5AF00017CD500050CC5000147C5000138E100010ADB000298F9000362D90009EAE30000F4AF0001BF3D000378CB000F79D60003016A00071FB800036CCE0004D05B00019E7B0006CCB30006E6C20000FB010001B736000387BF0002761C000234BE0001212A00040BA700010406000251FA000258660005291E000308440001DAE800015A00000173C300019B73000195900002B5F100046A6D000118D800015BAA0004666800042CAA000BA4B70000C47D00043E3700017D0400019C660003A4C20003AEEC0000A02C0003EABF0004403900013875000135A5000140100005E3FC0001B45B0000DF1C0002BAAB001175620009FAFB000C7DE30001473F000106A40000CD730001BBC20001772900013AFF000118E3000435F000019DD20000D30F000122F70000DFE10001E30E0004D81400041901000403BD0003D663000114F40004E743000D88220002CC6B000131010005E8F500018B730000F8B100049F030000F8BC0002645600025905000546D3000471AB0000EB96000133920001EDB10000E5A500013223000146E800083770000163ED0000C1E30002434F000D0E0A0007E7A40003FF5800024EEC0003A6F50001C0130001A34D0002EC9B000141E30001BFA00001371A0002124A000FCC8700018E560000E33C0001F03A00024FE700009F3E0001816A00013A660004E1470001C36A0009931400068BDF000177CD000158E20000E02700033467000192F800018E4F00015DCA0001DD85000326A30001A58E000184ED0001110C00014AC80002F4AC000228EB0001B87800031B710001C06B00024A4F0001771F000240460001800E0000D75800011BB30002E34A00017684000D4DD100016EA0000325D00001C485000487C00000B049000194650000ED250001A00500022B33000C5AC70003312B0001388C0002EA670001B237000868FA0003C08200061A41000EFAC80000B7700000EAE20008A04E0003F7640001E1820000FD1A00017B0800017E200001F17A0000F1FE00114D4F000A63420004A7390001EEFD000978B60011C4DD0001899B000173AC0000C541000A484700014D590005F93C000157CB001194F2000227490000AD2600022EB90004E9A800025C300002BAF80003D6D3000135920001EFC800013FE000022ABA0002990600024A2300057B9B0000ECEF000174A8000203D70002A6930002A9CE0001F4A000014968000230C10001937B00020C9700037A62000C601C000181F7000359340001C0F8000166FE00010C9A00021D8E000302970001CE54000181FC000231A5000238BF000901580001BEAF0000F2240001904F0001758D0000EFA800017A0B0001D89300015CD10000CC55000144D90002DAEF0002F3080001A2130002463E000340520001BF740000F2B10002F87B000124180000D4580001E00B000102B10001402600025CF60001CE7D000B1EC30001CBC10001B94000012280000A83E600020510000308F800013E910011535D0006CB9F0011C12E0002BA7F00035E8B0003850100065970000918310002B4220001E2130007A2550004B61800017FDB00013206000228BF00022C1E00012DA900066D7C000125760001536D0002323800016DF0000144860005FA60000114470000E8CD0001C28300018AA2000232DA000544FE0001AFC8000126200000FDA60001A0310008F35B0006E9EE00120EB60001763B00013733000405410001C57B00016C1E0001A2BD000248C200014F440001BF2E000139D600023089000158A70009A9FC0001925C0001C850000201550005FC9600026B890002060900020E950000CE23000350970001D3560003E52F00071DC9000220AB0006465C0001978300025FDD0002020C0009F86D00031C2E0003834C00018FCB00020509000B52D90001607E0001367D0002ADE40011E7B300035AF50006233500024EB70005627100015FAF0001FDE8000105A00001AE2E0001AE1A0009003A0004313A0002583B000471C60001B3C200015CA300046F5B000418A4000296B20008F584000128D300015B4200012A91000A5C830006B50D00011FF9000C9E27000441D50002F61C0001F6310011E0C8000333C70012581300026AC90003ACB1000274D900013C2B0002C2AA00059F3B00016EBD00041808000387AD0001E8340003BE5700013A1D000161750000CB1C00011B8B00121FDC000F298E000157F50001DA190002D7D50001A9CC00024E9A0001237C0002803A000233470000EC6F000250AA000133A4000293710005377D000375890002D84600022EFF0003C6CB0003945300013ADB00018D4100037C2B000161610001550D00023F31000A1AEE000627EE0011CD9500015B400001662000053B6100012CC40000CFFA0000AD2C00021BDD0011BD8D00011A670000D34100045E1300047E960001C4A700026E33000A0E650001CC5500086F44000191C9000160730002835B0004CE9600020FB700030FF7000348370004F9250001418800013EF30002A48F0002CC28000151B800045C5400032F4A0001CB0B00013A8800016AC00004325B000319C40002CCF5000210E9000244E50011CA8E00061AC50000F58600012E04000172530001F0EF00016FC60011EDD60000E8360000DFA000036FFA000198E10001096D0003D05500032E750002457C00010CD20001A8370001EFFC001129110001001C000312620003600A00099C580000D7640004391200094A36000342EA0004AC5B000ED4A70002EDB800015A5100016D070000FF6D00083CC600021EA600043E3800027FA70000FFBE00024E7200016D6D0002C0EA00021EC10005D8650001823F000160B300041493000130C20004F2DF0000F5810002F9E400014B750001217F0001F86200021E050011BA820001763B001242670001DFAF00031ECA00021B0E000257090004421800030DD80001012C0000A00000021E0D0004D4310000C00F000132B90000C0390011CB43000267B800014D8A0004763B0003660E00028EF00001E09C0001602500121CBB000118600001111B0000BF73000156080002F9B100014E3A0000F3A10004376B00025AE000098B69000767E90002D0F4000198D200023DDE000205B90002BCD30000B0B200049982000285A90002BC2D00023BED000673E3000368160000FAFE00010BAB0003C445000499D30001373500024F590002AB730003E2FF0004693D00021C7A0000F9250002033A0001F38D0002F24C00011E580001BCD80002D64B000A03CD0001ABF500010E4A0003ECB500014A110002AD1C0002F1D900042555000211BD0001E3950000B0060001390900025C98000383830001ABC80001AE5B0002E55000013CBB0004522E00037030000277EE000299630002E34E0011C03F0002F3F10003297C000178990001EE750004452F00027F28000101830001296500018150000248D3000393370000F1A600025F6E00049716000100C400025C0D0001DCFC00074B62000386DA00053AFF0000D6250002EC160011096400042CB60002603A0001F048000211510001D1BE0003164C00038F5900013DE0000300FB0000CC5D0002F99A000142060002C2A90004B041000507DE0004D0860002DFDF0001AEC80001D50B0006B33D0004E0E500031BDF000BA6A600016CDD000203D700017C800002768F000176350006FC0000010DAE00070EBF00034B3F000336290002F0F7000D6E6F000363680006884D00024FD00000F861000256A400016B55000292B70001D5F30001A55C0012174000018DE90002AA18000090790001119E00010F0C0003F0B4000168D70005A7B700016D9100013E11000404EA0000EA540001F2B70003130100031F8D0001708900020FE6000A3F6B0002C8A00011BE550007CAED0002EA850001EC8B00012AE3000111CE00044BAC000220980001F6EE0001F7B20001F4C00004770C00030320000135550001943D0001DEAF0001C0E400021EF10002826F000126310010FE5C000132610002FBA0000268E70004A2EB000134F30003D6E30000F2D60001102D0000E0D8000509C50001A0F60002160400018F9A000113090000FF5000020A0D000292180000F467000348B30011BFA200012E0B0000C02B00011DCC00073F2C000294800004CDEC0002800E000166880001C4C3000400E200026FB60001A8F800014DCE00034C6400014D2C00025FC2000161AB000749C100016BA900014FC1000237AB000B469D00014EFD000231F20001417100075DE90005E3E9000396E9000122E500018A60,5120
65,0020001000,5,00017756000185940001062400011D59000186960002C0150003C0C10003E8750006D85700010DB200010B1400061DB70000F6E00001EF8700017558000331730002BC30000779010008493D0002629C00027CE700038B9A00037F300002F73C0003239A00129B960001511C000240390003241300036C550001750400014B990001654E0002C2AA00018EFD0002B79C00018B4C00031EFB0002B1B0000138AB00010FD30001610900014B4C0002944D00017D0B0001273F0003F2C30001DA17000285BB0001BE830001C9450001D3DF000185F5000220C7000146F900013F77000368620012A55D00014D960004099B00016C2700021EA50001A02A0001FDC200025D590012A9460002135B0001DA2500017AF10002F6FD000141FC000163620001367D00012CA900022B81000146200002CA3F0001B05F000122E60004016D0002484F00013FF9000169BC000386AF00023C0B00021E8A0001037C000188480004D601000196B80002CF0000011444000412FD0003C5AF0001C941000171DF0002D362000323AB000137FF000195A900081B060007A8FF0005DE9200018C4A0001BF9A00049DAD0003D4DD00014A5B000258CA000177A300022B1800080A03000364D70004E4DB0000A04F0002AC540001AE230000F8FF00049F560001AC6100016EB200123FBE0008CB8E0001F88E0000B06400012204000229DE000147A1000142D200011BEA0000E0B600011A8C0005C77E0002D112000425CC000F76320001D85B000136A70003FCE10000F71C00028C6A0002035A0001E3F80003B42F0006362200129D880001BF010012D9B10004237B0003AE320002A623000194F900014C560012874B0003E5DD0003D9D000012C460000D5FF0003C9FA00019A840002EDCB000F74950002953B00041FC60002AD6B00124CB6000579B40003FE22000110790001B6C60000E0B30002A49F0005BE24000230E80002D09200016D1B0001F8EB000482650000F02300019E35000393850002672A0000E6140002BCB800028AD60001E387000139110001EAF80000B6C1000103390001848D000E42AC0003BCA70012A1AA000804EF0001353700017087000E1C360001FDD300017A500001D078000229230000EFFF0003C3080003AC28000332C10001DD8D0001832700082CA50001AF73000616AA0002BA410000F8600005A8570002539700022021000223C700017EA200010C55000118F400088ED9000356410000F9BE000779CA00016601000207A50001841C00045D740002D4C00000F7D900069DF60003F44D00017CC100012EAE0001287200018A8F0001DF530001364B00020B57000166E300032C760000E78600019927000264CA000234B20012B5B900028A4200093F990002F83A00124FAE000198F500022A9E0001C93F0002DAFD0000E04F00019736000155E700021DE30000E4A30001B0CC0001BEB900124D1900016EF70001ABA50001585B0003F4A70001E87300023402000102E10001F782000287FD0001A9DF0001481D00018B42000173D40002C9FB000333DF00053AE40000B01000038F200002B7FD00029D010000FB0000027E5100032CA00001DBB10004BF0B0001FDF10001CAC6000341C500017ED30008A64D0008C2290002693E000177480004687000028FE0000113F100016A5F0005DAA5000184A40004144200040D010002AD350003554F000191E500055A610003791E0004CF73000509710001501F000242070000DB0B00025EE9000172DF000384C30002481200027A0800015B970001BD0800017F6700024E26000090000001F4FD0001920B00036B5F0000F5270001236B000177480000CA6D0000DFEF0001CBE700058A5F0012746E000092F50003159D0002295C00017D390002525D0001BC910000A00700024C030002E7E90003781A0001C8F50001F113000273810002A9C9000147960002C7CB000151840000CD55000267750005486C00016CAF000139BE00018C11000D15FF0000F2BE00011EC30000ECF60008CA2D00032D06000BFF3D000143F00001F4C90002BBF500015DD50000F5520002EFE50001787A0002CBBC00053D4A0001E0220004C3D500016283000226990002A0C7000267FA000156EF0000FE95000FAB1500061B0B000361EF0002E6BF0012915B0001CA410004C7EE00016EC9000C7F1F00014BA20000E6100006C355000953F70001E19700088BCB0001D39F00010D840002EC7D00045807000158D800035A350000A8910001D2F0000126D90011218300020B2F00022EA50001132D00014D3C00017F89000557E5000192DF0001BAC40000FC460002F5D100012F720000CFA8000219F60001168B000467AD0002717D0001275E0000A01F00022D3D00016BDB000199DC000287DE0000C4190001423200019C4400041FAB00013F1B000135B5000323AE0001F3830001520F0008226000016F61000814F80001215F00015AF5000143B700009F230001B6FC0002E2A50000B0490001AE450001A545000C214F000227130002523A0002279100015390000132DE0008BFF20001588800126A800002421F0001117A000628690000EF9400075BD500031C970002C125000184900002C2650002E3150001857F000E9FA10000ED7F0003A6000002104B0001E36D0004FBF7000123AB00012E0F00027D36000139DF0002524C0001FE0F000460810001540800009FE80002EF2A0002FF7E0000AF920003CDF3000455960002C87800040B1200014B530001E52F0001B16A0005869100015892000218730001B85D0001124D0000F1430000F11A0000D02E00015F620001BF7B0001291E000EBC8D0005389D00017397000165F900023B28000328BD000451E30000C3E2000411C000024BA1000EFFAD0000FF010001BDE30002582E0002F8A7000909910001E1330001E38D00012B27000260F50001CC980001C1F600010898000299B90001A930000154E60000E9F500016BDF0008C127000244220002F123000197B7000220FA00033157000102080001C47C000118AE0001565F0009B2650001B03700013BDD0002B7530001B2AA000352070002F0F20001394B0004C1850000D2AE000105DD00043EED000569350001C1A700026EB8000436130002FB5D000132A20002AE5F00016D8B000266260007EA020001DB6E000110AE0002698500018EF3000142630000D683000219450001639B00020AE700027B27000249A0000801AD0003769D0001BBB30004DB430002BB600000D4B80003A2E4000124030001A3FF00010BEB00072BB7000129CD00017D870000F7AB00030BF7000551C70003040800022BAF0001AE420005F8E2000690FE0001599D000190AB00014984000187BB000155070002923A000188EF00037E1600021DD0000142F20002D7C100068CEE0001E13A00011775000345060003C53500014DC100025ED3000359E3000736B6000388590002D8150003C43C0001FAAF0001B307000169BB000930970001296C0002EA6D00020714000100A90004BA740012E98A000248E5000130BC00084513001285350003161A000B5F80000144240004EEB7000307CF0002F1640001BF32000270620001A3C70002D7540001E02F00044B170000FE5D000298E10003B05100024A4C00015C510002B9690002B37D0002624C000626D00002F85B00032FB10007F4C90000BF280002F11F00013603000156CE000512410002754B0001FA850001810C0001EDE400009004000198B500010F5C0001A526000765670002C4BB0001AEAE0001115700017F17000130EA00030B7900011C350001E33A00013C120000C14300016AC7000119AD0001C769000ADA140002C6C8000718680001EBA20000CDDB0004A95F000141CB000746EA000293630000FB64000443080001337A0012638D0001748C0001AE9E0007F11F000297920001E51100093CB9000137B9000467E5000224020005703100046792000177EB000267C70002E4E100013FDB00125CA500039D120002110F0004A68D0003E050000157700004ABB2000631D5000336D80001B4F5000180690003193A000A8F4C0001609D000633EB000112650002C3D1000387900003219A00019F140012E60A00080337000BA61D0006D9EE0001D3EB0001B3E70000F0950002D60C0003C2CF0002A333000100970001270F0002F10700055CE90002E162000272E10002AF360000EAAC0002248000015D1D0001F293000090000002E8FE0000CFA30004F25100022C2C000224340003013D0000E6F1000542D300017DBF0000E2D400037B010003B2A60000D48600032EB7000165A40001A67C0005830300019A120001AAB500023FA700045CE10001D72E0001BC890001C9EC00037C8F00041294000EB2F70001069600020455000821350001501F0000A8FB0000E1CC0000EAF90000C9030005CA810000C7EA0002FCCC0003887D0002295F000951C70001935A0012E0A0000209E50000E20000032EF4001283360001622C0003B56A0003F5D40002B586000188C30002824D00024AE500118E670000FAEE00017B0F000689780002C4B90001006900010F080000F4BF0000FD7D00017AA700093220000171ED00064DF7000134C30003520C0001B1A000017D29000169B000025E7A0001B88C0012456300021A2F001285780001843100018B850006C7F40001E29C0001083F0001610F0009DFE10001721F0001584200016B010001E1DC0004D3490000FBCE0001717500010B770002DF9E0000FFEB0002C52500027CEB0010152F0000B01400017C1900024A650001F57100021B170001BEB70003017E0000D0040001279A000ED1C50002ED1C0002C4A900042E89001065790000EB270002C682000249290002EB1C0000E6A30001E5E3000768BD0012745D000119A100011E8B000317E00002FD110002DA6D00127E1E00017CDC0002F7890001FD170005AE75000246EA00023C6800014DDB0002ABEE0002666E0000F4F8000614B90001F2B000017BB40001238B00014CF60001D9F0000245B3000147910001127D000196890001627F00017219000271A900030D95000227B00001E25100018B780003892E0002AF580012C84B000271B7000323C800056F860001A9F00000F6850000A7550001885A0001B6DA00044AEA000150390001265C0012B9520003B3570004C3E00001E0A00002A1D3000361CA0001BF800000F15D00011F2B0000E4340001B7ED0001191C0001EB0C0001DF91000541A00005359D00129DAB0001343F000226F5000265980006DB8600013E7C000231DE0001386100024AB50008592800022E5900012A0D000317620000A000000F67C8000132470001659C00033B1600055D810000C00D001251700005BC4C0001905E0000CF1800028DED00035D0600020D770001372D00129AB40001271B0002CA100003377B001283E40002802F0001B9B300024C780002EFB2000112C20002AD3A0000BF67000105B1000193760001E57C0001B8A10003C01B0002001E00013B280007D29200028645000288A10000AF6C0004D0FF00031E7000010FA300016ADC000529900011C1B50002C7BE00014745000160F40005179F00010F99000196530000C9070001CB01000252DD0005FADD0005EF5300011E41000096EF00077B410006EA390001732D0002339A0001B0BF0000D03800014EC10000BF490002963A00010C6800011FC500016BD4000216F3000412670002042F000122DF0002936A0000AFEA0001A3C0000240970011ED590000D03A000264070001905E00025FFF0001E89900076FC30000F07E000625BE00020A5700036FAF00016715000525250002B9DC0000E059000333A1001244F1000269D50006E0B10002074F00012667000168990001989400016AC30008E8260007875F000451BC0003C46B000B359400060DE60001C5E500011A6B00014A140003FEE6000AF81D00017411000246530002292A000286B20001E41B0000DAB600052FB60002F9A6000161F00001D3B400010DF40001901B0004C08700013CAD0002FB2B0001D2060001689300059549000760EB00023393000616290000B00100012D8600039CBA0001D9CD0001E0F70002C870000212950001A5110001B84F00014ACC000531A70002CB410001FF0E00054E8A0012367500078D4C001029C7000213A90001B01C0006685C00022D25000133BE000576FA00020CC70001C2C900053EFA0003BEE40001C76F000241E90003B11C00011D67000342510001BB1F00055D6F0001322800048E0200022E5100032779000488850001205C0001EAC400027CC60001E06A000123D9000104940000EEB2000166DC00018B63000164EC0001452F0000DBB60000E1040002BEC700033E060012484100023FB000027FF10006949C0001981C000109B300011B7B0002C3B80000DD0100012146000646E90002482E000117D50002EBA400072B610005BF09000122650001B82B000217B30000DD140001D306000115C6000114E3000844DC000C52920000D06E000342D60004318C0002ADE70000EB990008D91D0001F8D80001C8CB0001DF27000400E10007597400024F8F0000FB0A00016F7F0003E4B3000328290003F4E800032DA10006253F0002FD10000145B900024D0000019A73000A25D6000192DA00019BCF0005F386000203580003110E00026A8C0006234D0000E8A90003456A0003B2420004C10C000150D7000417AF0001789B000386DA0001EC020001F7230001E52A000566CD0001332A0000F1A300010FC9000238FC0012790E0000C0B100033E7D000122190001A91700010FE00012DB5F0001E1AC0001CFB90000BEC900017ABD000102630001DEE4000090050003CF970001868B00012563000345AB00030BB80003D3910001A9990001B5410005CA46000982800001EDC5000127A60003033500042F490003C9BB000218DD000206DF000773030001B373000102A60001B859000140840005C5280007686B0001CE2F0001A87C0003138B0001E6670001A39D000208B0000343D4000778250002B3AD0001F57F0001E1AB0001FAD00004413900014CB600031B2600018DAB00016FFA0001DE740003CFD90002D2E30000D620000355010001A82E00013D86000144F9000BDF030001044C000184D70000EE830001A1E0000410F500031AA7000555C0,5120
66,0020001000,5,0002630F000BD8E000011CA20000E0600000F0D200020E96000268D4000608D80000E6530012A24F0000B01800020E95000305E9000453D700018797000647CC0001298C0001700A00011B8E0004D9C300020AA500144F530001CAD00003855B000246590002667B0002E0D90001E7450001F9B20000DE2E00014C8A0001DE2A000202F30001557500010E8F0001E5C80007E2A30001D5C90001D14700012AC70000BD28001368C800009F300003B66D000434D40002990B00018E9E00025C2500014A090013B04D00017C6700039CB000056C990013EA1A000198E90001A6EF00019A7E00013FFA0000D99C00019CDA0006FF5B00012ADD00010D3D0003494A00019B980001D2AC000245E40000F571000716AF0001E3C8000337C300028E8D0001D07900059432000368D100022B2C00017A33000183A20002591C0008A27300013A49000475220001C3950001FCFC000125850004BA450000B4D100032349000101580000E2460002C100000235DD00015F550001218100018C6B0002B55E000103950003046F0001C4FC0004C82B00019A450000FECC0000B77000141F750000C1360001E09400013BA7000161BC0003BC08000153ED0001DBDB00023A8D000098A6000449B10001DC450004CF630003E4360002BB6000014F510001AB910001C0EA001391F50001617600034BE300016AE90001547F00020BBD0002C6C70001CD0600014FAC0013AB69000215E60003A093000226A80002C6E3000190E70000B4540001DD110000D2C30001DA64000169E0000278890013D38F000187870003AA6B00022FEF0001AB990002DF240002020F000247D30000F3850002797300016A7F0005F99C000863760002A965000184010000C1E400027A110001403F00031CFB00008C1C00013C2D000110FB00025F2E0001C7C40003A45F00023D9F0001728600023C1700011FC7000199260002AAFD0002696D0003246E0001982700010C080002F1AF0001AEDF0001677200019253000196C0000246C2000179E20002083A0003423F0005302E000137930000DE61000271000005E2C900014AF4000179110002A6F70001218C0000C5F9000896860003F0810004BEDF0001F27D000176AE000279F60003AAA000047469000238330002DB7B00010A9300023753000677E800033AC40001EEC500034E570003D7270004BB7B000124FA00029EDF0002251100016F9700014E0300009003000232A50006326E0002D12E0003A79B00034BEF001048500001D19D0000EE1D000139930002408A0001939D0008821500070BDE00017B5F00074A1C00015337000229DF0002EC1A000854190001EE5100018567000E949D0002EAAC00010CEC0002605D000918B50001F6920000CF370003018000022E6E00017F33000129EC000188460002BFC70000F5CD0003889A00045AAB00011DB2000545DB00028DC000018BA400015F760006D26F00012D2E00021A0B000548DA0001498700032B75000216ED0001FD810002369B0000F9220001EC810002B6B70006F0910002488E0001ED360002906B0003D10C0013C48D00017BAB001231D500137B8C00017D390000C02800011E29000142E10001A338000611D80013A7D90003115A0000EEC700010E24000239460000DF1A00026DFF0003FFCA0001C2370000D8020001079C0001B8EC0009DC2B0001A4C8000213840000E52B00029B2800028CB10001DB070001BE290010B85B0001148A000134FB00010B0C0002A5930004ACD20001234C001174AF0001BFA6000443F20001DB880004324B00133D2B000147D3000194490000E2760001638100014CC00009AC40000237840000A79D0000969F000108BE0004137200028F540001A9DC0001179900029B8D0001891900050B0000040D530004F70500043685000243E300083EB1000169D8000264CB00011D170000DD05000147AA0001FC1100039EAC0002485D00019AC8000191830001781E0003149D0001C03E0013BC8D00019B170001D47F000197450000CEC3000135FF0002C1BA0000F6EB000101B90000BDAD00014EA90001472A000165650001E9CF0009485D000293F700012FDA000191AE0002447100089EEA000226830002BB3C0001287D000615E20005165D0002A61B0000E26500016FD100139F3C0000D52900029E690008DE7600012D5F00045CDC0003F5D10002334D000A5AE500025F770004372600030A0C0002260B000140C60008D04D0006FD700001652700022AC30000902500010B43000242A600010CCB000121450002F22D0002425900043FA90002410E0004A2E70001750D0000F2A10001F1EA000285AF0001871B000257910002451B0003AEFF0002A861000153780001DB5D00047FCA000247B30000E62600013B150001BBA400015F9D000464CD00029F8F0001C7FC000141C1000244300010150900012D9A0001894800012DD900023D210001ABA30002EBBE0002C3600001530E00032D8000009E8E00014F8F000295BA00087AF50007468F0003A9020001B634000271290002E9CE0000F57B0001B77D0001005F000171AF00010F6A000100100001AD430002D3FF00022C8B0001BEFB00014B80000135A4000121C0000223BF0005BDAA0011DCB5000116230000F31700033B790000DAD30000FDF4000478500000E22E000495BC000496AF00016919000101950002EDEC000664D2000184740002289F0004825A00014B4B00016D1C00007A15000113D10002675F00025D770001B285000206D0000128D2000B25380003774B0002266F00037895000126300000AB090012F47F0001CE490003DF88000882710001BF9300078F0D000146250001F61300033D02000178680000D29700049B0300014F160000F24500026356000154C8000244840003E59B000164090001401300026974000A326700046CA9001127440013EC5300031B810002B30D0004CD5800025BFA0000A54300010F860004E50A0001AAC800015F43000206E3000255170003D69D000197310002258C0003F9840001A0350000FDA800020B990001B87D000EF7F30000BD730000D1990001515D0002031A0000F123000218AE0000DDF40001CD74000196D80004F794000175CC0001EE7D0002DC190002A7800003ABAD000130DB0007B062000325930006286F000234110001B39D0002987D0004B6C400035D7600036A2200015DE5000100AF0002DD84000179E300075AA900014D2E0003F35B00028453000399580001DCE70001B97100014C3F000206DB00011FC6000DA2A90002AB720002EE300001D9E200034A6D0002256800022875000485350001000A000215BD00077DC7000337C800049B290007084F0001EE05000187B40002966100056F8E0002A20F0000BFFB0013DF1A0001B9C0000184E50003877B00014A090002742400012B190001472D00027526000223490001E15C00024CBE0002AE38000151CB0001508C0000EC3E00019E7A000398A400019D6C0007544C0003744F000222BF000B4B43000138810001F78300042F2300058774000186ED0000CB1B0001F47F00071B590001FE7200016E970000F1160010B2270000D15700011BC90002875E00024D200003989B0002922F0001BB97000162850002014B000382F70001B8440007985B0001BAFF000D1188000093C200020B100001144B00130C2B0001AA3900039E3D000160BA00057ADE0001FFB90003F878000184C50000AF9C0000EFD000011D5D0011CC3900012A430000E3F300029A0700014E2C0000B00D0007A9EA0007CEEB0006BAF1000218B1000103AE000B13B7000186A000091F3100016E1B00011F290001248F00116AE80003630100013F650004D62B000149FA0004FFF4000125800002D4E60003D189000235D10002B99B000510B90002F0280001811B00038F280001FD3F000337190000F8A60002C8D500093A2100030A2900061C3F0002081E000233430003686F00032D760002A28F0007FBDD00019EF30001E46D000232210008517D0002625C000155550002ED6D0001F78500010CD10001090C0002FF740000F71E0002020200028E7000018EB30000CC3700011F0300010F2B0007C661000160AE0007340700061F810002917900058CCF00038C6E00018CE70002DE31000199FE00010BE40000A5ED0001D3D200018F5F00015EDB000206320000F7900003D98E0000FC9600013967000239CF00011CED000126970004AB740008C04500026AB3000235DB0000EB340002979F0000EBBF0001BD44000117660005053D0000DFEB00041086000254D9000149D30002C13F00010D1700011E28000205F000035E2F00022B210001B138000730E90002ECCA0000F54500063C2000011117000662470002154700015FBF0001939B0003892A00015DE400012BBA0001ED030000C44A0001F4200002DF270001D8B20000A03B000112990000BF9600021670000204A90013E25C000126580000FCFB0001280D00029C7400129AEE00073BD200040BE000031BCD0001646E00013A4C00042270001374BE00021E840001EC250004002B0002245A0001C2AA0002282100021C0A0002455C0000E5150001670200010F0A00033FB7000123320005921D00011EFA0005799A000584740001BE3900025BCA0001B00B0008934A000183B50000FCAD00029B3F0000B6580001D8C000010FD3000E9FDE0001E4DA00036BBC00010FCC00037351000237D9000190F10004508D0003E9F80000900300013E2300018531000333EA00047AA4000263660005039E0003EBD7000207AB000229D20002461D00020A530001B11B000225170001929A00011FB10001EBDF0000B0850002E4D700011E830000B0080001BAC4000117F9000B95470000FBD60001E57E000128AF00134CA1000132D2000240A0000501DF000337DE00036A520002FAB50001289C0001634A000133BA000198B600069F5E00042D71000124480001F2A4000105BE00024E9500017DEC0001C28D00034A3400060E440001796D000432750003472A00012BAB000101730002895B0001860900019BC1000598F2000139C10000E035000270B500016338000263E4000164AE0009A033000216FB0001672B0001E4B60002CAB70001E35D000320A90000A8E30003C65700043CE9000327240001502E00111CD500025A230001B9F90001737D001271DF000117E00002209D0001D7AA0001D667000150CE0001C178000133A90013F6C8000398A90001A86700011A4E000124340001CD3D000127C90003CFCD000C83D7000219BC0001F5450001E0C9000186600001963F000699C90000C7E9000234880007B5890001C01900060D5B00011ACA00011311000475230000D44D0004131B0005EDBA0001DEA7000236C6000201110001EF930004B69B000224E900052A610005052400019A2B0001C4890004C94F0001FE5000026A2B00037549000B1E0D0005C170000173E900013ECB0000EAF40001CD3A00010FA30000BC0A0001CDF7000230A30005A039000185D7000441500000B09500013F5E000153B300052B050000B013000126E00002FD36000170E00001762C0001819F000194910013E2DA0001F6B6000D8EC00001DEEB0001A99A0003C9E90002DAB100012A3E0007F2A000007FE7000271B900015B3600020CDF0000D15900018D910000C34F000439140011A9910008A28800025B90001040EF00018B2A0001706200014A53000169FA0006D25F0003787C0002DAF20001EA610002676D00042BFA0001AF1B0002228D000122940001FBD700021B7600045C030001427E0001731C000111F2000157570000F2F70011AD150001925E0001BC1500021F61000864CC00044A96000129FA00047BAA0002C48C0001C00200031043000608950000CC790001C71F00047C6100029CC9000121110001433900011C950000FA8B0002A480000305F30001622D0001D4B4000190230002FA31000154FB0002741700024813000259D400023B2D00010A1C0003F7B20001C8510006E4C800014B2800084F7B00024404000180D20005788A0001E6D20002579E0001EE320001727200033D100003C3B70001F736000274C80000ECF50001F3390004AC750006561100020C590001A73D0005239000068A5C0004C61900015C330001A6E00002C251000D3EAF0007371F00018FB900017CC30001AF20000E263F0011D8920001BA290008FB740007CC3F0002251D0002B0B10004C0DC0006C16B000C8FFF00019A6C0008210A0002C4240002380B0001D1D20001882D00022ACE00015B8F0001730600017735000123BD00015EB3000384110000C3250007502B0002EFC00001B3610002E0D3000A90970008699600019DF0000AAA350000D36E00015CBA000119940001C2FF0001251000014B0D0001093E000339CF0000C17B00065342000113FD0002B1BD00072CC40001B4FC0003129400038BDF000143E700051D8B000141250002CC130007F8ED0007151F0000EEA20003CC99000212630002D9BD0001DD7300014EB9000111C800022FDB00065D31000146FB000317B70001B0BE0003C09000010F5B000127EB000B7EBE00017FCC000278D7000166D60013888F0000A490000179010002BEFA000253650000D39400020DAB000174290005239D000235F6000205D10006C2D500012E0B000144DD0001393E00018A3500014FD10001CF8C0002E6E00001D8AF0013E7850000BAA6000BF934000234360001252B0001412C000189D50003839D0001B80C000232EF0000AAED00010158000242370006E1C30006261B000524F8000142310001A17F00013C7E000358DF000121250004017900032D6F0000B2220000B89E00067B4800013BFD0001F3C40002B6110001394E0000F20B0000E86500045E4300048AF6000179DF00011369000112B9000107A9000376A300049256000115940000AA3200025F4300041A8500018A100001D6CC00017E4A000BC97300027E630001DB6100021CA60002CF6E0001ECB700027A310003F49500063A01000352EB0002FC31000564C100031E83000223AE00017F1200011BCB0005635C0001CD080003CE29000184B9000304390002376A000259B70002202F0001EDD10000AEA80000AD200013D0630006A14800039C4D00034262000226E30000DF650001F5C80002824C0001C8D7,5120
67,0020001000,5,000684840011713C000192730010E6A6000275B30001B4CD000117880003CE2700018E6A0000F26D00018AD200017AA1000162B60001574D0004787B00088D960004F01A0000D5140001535F00010CBD000169EB000165BD00012FAC00111C570005FF28000B8A8800009E1C0011B6F50001F10000022F480000EE210009B1CB000856D80002032B0001FD410001352B00027F58000295110001A1F80002195C0003819A00026B6A00011B26000592AC0002DAFE0000E27F0004CA0B0002459F00014CA40001786300014925000146FE0003EE58000149890000C5530000DE970000DB270002A6D30000DC9200030BDA0001792500110E9C00016D4100011F700001A21700014187000172D30002E051000290C200029BDE00022A080001A3740002648F0003D8110005A0BF000F6F730001C039000152360003E7CD0003697E00019D2F000165760000B0270012474500023C03000392290003DECD0002671A0002A0EC00022D1200024F740001864B00037AA80010003000087FC20002782A0003551100021FCA00018258000B3E5C000115E20003FD180000F32D0001DF220001537300016FF0000255C10002841E0000FC9300013BCB000570520004A18C0002081000024CD400012F500001437B0004CE020011780C000122EC000177640003BC4F00110B1D0001196F000187CC000160D60001B51D00017E380000F055000203F4000128B500013DFF000A5AD600016F3800012EA10000FED5000C8CDD00021408000354760003B21E0001CB3E0001019B0000FE7800012E2A0001816F0006D3420004614A000230BB0000CF0800031F170008165F00031EFE0001B00F000117A30003F981000B04840001032600037B640000AFDB0000D4D2000156400000B19A00112E9500025EC10001C44A0002E8770001AD90000244E00001895C000213C3000C90EE00030D8D00020CE200029FEE00021AE70002AE1F00105305000342D90011619E0002FC450007417100018D94000609110001C6BD0005169F0000C0190011020E00031EAB0000DF730000E1E100030B2E000A48C50002D0EA00047FD600015852000182F200032F570000FDFC000289F300012A0D000284810003CB050011072C000B7F5100015626000197540001CC4800021DA6000120A700037A59000391BE0000B1A700023FE50010D77B0000D1620006A87F000B678000011B810011229E000153A300057075000194760002504C0002FD200001A6D8000163000011386B00012FDC0001F466000753DC0002D9370001D1D50007482C00019D2C0001F74F0001ABD300024CC300023617000269A50000F8C10002A5D8000162130000DA0B0004D9DE000267B900012D1C001171B30006F60C00011663000C732C000ACAD60001B353001202EC000973E70000CF380001320D000245D10001D8790001260B0002149E00025F6700015F6A00037E200004CD12000FBF8C00028EB20001CBD100020B410000D9180003AEBB0001351000011ED5000142BF0001FE74001131B00001197200021CED000371A80002DCD7000211CF0001AC460003159700114D74000A36D000020EEB0000A070000F0EAE00024AD90001A2FE0003B8AB000343F100063D860004CF760001F661000242C50001EC8D00041C74000366C20001809B0000CEDB00019DCA000837A40010811D00022E92001240380002E86C00027BBB000107ED000183FD00023F980000E83000016461000167E400015C08000295C70010C7530004FB5500015BBA00103E850000BFEC00117051000A4EEE00113852000127AD0002648700026BE70002C72400024C5900016FFF00030D130001D3250004DBED0005ACCC0001184C0011474F0002C8500001BE750002026400038F7800015E1200011F08000B8FF0000108F40000F137000153390002887E0001CCF9000170D90006CD26000199620001B4AC0001E360000321640001EF630011407F000324C5000295D70003DEF20001212D000A72370001A5990001BC870001BD2600115A070002A095000224A8000124A30001375500122F8900032A89000132F00002E3010000970B0002C9BF0003A73F00011BC70001A4C90003984600116FFE0002621900025AF1000268550001406C0001BA580012234D0001ECA8000239D10000DB7B000396B90002081200026BE9000278CB00051C0300090B810002CE9E0003C0C0000184CE0001981D0001A6820002ED540001210D0000D6C100020EDE0002014F00038D4B00099B4B001150DA0001A2FB0001B603000248A6000372190001A771000149CE0000F34B0010EB040001127E0001AC04000155EF00115C4F00013E610001660E0001C25600115989000215D0000126280002B23A00113B5900110B7D0003928700019CE100024719000AD4F60000E0230001E909001119AA000185C6000263FB00091390000276AA00073D3B000296B1000352470002AA8D000274A0000513AF0001356700012AE9000290CE00027E030004089B00017D200002408E0001C4240001090B0001E95D000149FA0000FEDD00014059000A31B90000D0310010EA2100013C140003F0B30001161A0001B65F00018A8400026B0500100C460005CF3300012FB00003060E00038E6800121B75000206330002B7CA000134FA0001484B00029DCD0001CA5D000ACC5400023D780001026C00112AED00021B2500060707000175AE0002421F0000F1D50008BAB500015D14001137CD0005A18A00011CD7000165270001EE6100038CD1000CB0DC000241D30002468900026E9F0001919D0002D3F1000255FF0005595500120E840001FEAA001117B100087239000215CF0001C7B400020281000C29E30001696300021E04001118320001AF59000188B70002546600033FD2000199140001D31300081B0500013A0B0002659B0003348B00014B530009D39500011632000545F20000FC5900010CDD0000E0130002F5BA000153910002D6870000D04F000FFEFF00077CE30000B207000543390005D8C90002067000029B8B00047CB80001D6320001D547001125F7000285E0000344B0000387EF0001BEEA0001004B00017C3B0003904800022AB70001A19D0001000D0001EA5A00010DBF0003509C0002FA0F0001E41F00026F690004F115000426DA0002463D00026AA80004134900017F07000250E90010F7FE000144820001E30D00010AFA0001841B00019F5E0001DC5D00025D3200039E8E00015B03000200D30002BDBF0004245000010641000677EE00025024001113FB000549070000E4A50002310400019F3000011066000C274000025A8300015BA000032E9A00021D34000140C8001150400002112D000114430000FFC500019A5F0004EA13000DA2B200016797000EE05C0000B29E0005D3EE0001C7E700056ECA0002413300013B90000364350004BAF100015B3A00050BBE0002F78000111705000142F3000629060003E5CD0001D03F000399560003ACB50001A360000232970001C22D000369700002875000116E680003536500024376000248090001C24C00019A4500025ECF0000C009000690F50008B3380000E14E0001C87A00010F9C0005964000118AA000012A820001B36D00016AEF00020FDF0000DDE400017D41000230C3000183660002AEBB0001C4CA0001096E0001DD700001103300113A0200115184000F9AAC000311DC000121BD00027AD80003FAF40000BDA700028C7A000134EC0000EFF0000354640011BB4F000121BE0007056A00077BD300039D9A0001F5290001C13C00018292000353C3000265810001507B000439A5000279A20001CD0B0001431100086F84000173410000C9850001FBF50001BBC9001025FC0004A0BA00010F970005557A00012F840001FE6700016B68000320B7000105EA0005A8C30002E4B100010AEF0001512D0002AAB0000BA1570001BD010000A79F0000F35400013B750008AF07000235A60002726C00011E5C0000CAF700015E46000335A6000248290007E5B30002E33200021F4400094F0A0002E57A0005FEB10001872D0011A233000190530002D6140004CD21000383B10000EE17000092FF00013CCA00035C43000205C6000317AF0004CD130001773C0000E48E00114D7E000210D3000969C500046C990001020700029A3B00064113000805110001EE6800025C8D00043D830002FCF7000126540000CE3E0001ECE90003CBC30009E9F3000241AD000551ED0003FD3B0003960E000184860001DF480001D3170000F5E300065D180010DED700010C730000CFF4000C38020001D02A00016F4A00025A4700054969000260D30007B9F20001815F0001F195000366B30000CD70000271D1000121830002E519000ADCDB000D029100029A7D0003212F0003842F0000E11A0000FC2E00039DB50003CC380001423400034AD7000552E70001F8F10001C6BC0002F15D000317010001E154000965AF0001402F0004ADA20001908300025ED30002A0AB00013D2B00016A750011A52200017ADF0001D53C0002E1280002F0F900016D8100023B0C00032A7600029CC40001826A0002DA170002D7E20001A962000312FD0000DF630001C7CF0001D81D0004AEF2000165A000011D4100112B8C0000F6970003B78500027362000294B800022B79000100A6000196400001AB24000250A60003C25A0002D2160010F30F00011EFE000B5A1A0001B6760001E5630002901A000292650004CCD50006B0FC00114EED00018B7D00039454000B0F8A000271BD0011E69500078EF80001A8FC0004D78E0011B5A80004A51100025A1F000298820002C1B1000193520011617E0002993A0002F8F2000181760003497D0000D7E50008887C0004E09E00011CBE0000FFE8000128E70001833A0003FDED000155C40001D66500023B410002A99B000159C20002EEA100013CF90011321B000992D50001277A0001BFD40001333300027C19000256920001627100050FC1000140890003011E0002EC830011604000025E8F0001968200045375000656370004059B00032F070003769A00041C060000D1AA0011C99F00036A2600038C540000EFAB00050A5700031BD10002DF080002B1C60002CCB70001BA15000E0F2500014307000EB99500020643000131290001CB08000BCF100005447F0000CE6E000384B20003133B0003EEA800118831000245D800028933000251000011454B00035DA0000A3DFD000112F80002064E0000CDA40000F5AB0001621600111499000156430001863E000185650001DEF700012E3300014F460001165F000156CA000778CF00036D2000021E4E00072A110001AAA30005DE6700014312000220BF0002CBFE0003EF890001789F00015A690003ED83000DFB4700009F80000095780001556D00018AEB0001D0AB000242530000F4CB00021ADC00021F4F00017AAB0001502C0001B1860001C32F0004F7DF0000A00D0001E3630008359700033C0F0000E10F00020F2400037479000255AB00033B7F0002FABF0001A7AA00021F530000EF660001F3BA0001DB06000104850000F0250011FABC000217060003933700080C35000C6A7A0001335A00026E8600016CFB00019F39000278220001F2D60002CFA60003A0B20003AD2E0001DE63000522740002A7EF00012095000C8F830002A749000150DD0001436F0001E306000173A500057BA5000226F2000D3E0100060F9C0001531800012C160001A0B90002BDFC0001DE7500054BFF0002C5120003F19D000257BB001070DB0001042B000424C70001455100016DE70002488100017F0E00014D8E000173DC000B8D7D00022BAB0002430600024B15000115D10001B4530001AEDC000245C7000452240001AC19000184140002A6CB000F9ED300013D2100015011000154160001C1090002483D00015D13000259FB000DE9250000C36200023F6F00013D2A0001628D000A5CB2000223D400014273000BF0A30004A65D0003E5EA0001F061000133200001A62400012974000114D10001673C00025929000214630002C5F70000DFDB00011A1D000110840000EC220002F271000178EA0008338E0005772100041C440001C17C0004C85D0001914D00042F730001A23500039BE30001FEC70002D1A80002191300036CD40003B663001140F0000619BB00025087000ACD6C000146DE0001A09B0004158000018B8D00013CAA0002EC010002B8510004030F0001B41200021825000976B7000151A1001129BB00013EF1001140BD0001054F000114510002D09A0011A28B000180BD0011443100053B92000D9AE50002FD470001A2A100033BA500052C650001043C00053134000172CB00018A73000345040010F0F30001EC12000261780002B01B001148C0000123AB001195490005C92C0004988400030D580009C1B600013208000D3E160002185200047CCD000AF9C3000B56B20003D1030002A9DA00021E2700021A410002652F000404E100029B5A00026648000160960001E1FC0002FC800001439D000113E300045E5200026E9F0002F90A0001FAD900010EE40001626400111E8C0003C45500103D0D0001829E0001150400012E870011F4C50001821E0003260C0003389000034E3F0001D82C0005A7A60006E541001216BC0001C83C000205450000BD890006B832000308290003F64500027EBB00033B690000F4EA000117030000B0D500065FBE0001BB790002767A0001B8920001EF0900031C630010DFCD0001AA9F000D30810002899A00013A770003322A000148A800059C4A00113DCD000135D200124C430004030F0001EBFE0001FB8600024DCC0000CE1100026D590000ED960000EF1900019F720010A3540001054900019684000326F10001DF9B000589440001B1520002647F000311A200017BF900120AB60001FB90000106BB00077A1F00030388000144050001E5A30001562B0001364D000135A0000F4B000001B1F80001B702000191A90001EEC70003D96B000270760001D7DA000237E100015D860001B7C40000DEC100041C390003BE8000048A070002044300026C830002A09C000451DD00055FC60001C0660010BF000001D8670001DB660000B0BC0001BB0600028EC80004F61C0002A3B6000176BA00021E8B00044D8200115AC70003C917000167CB0002A70A000A58B50003024300032616,5120
68,0020001000,5,00020E3E000D97E50000FAFF00069C76000186A90005FFBD00060B140003088A0002EFF000119AA20001B35800013D440002754A000273100002A0290004A0050000B0030003AFFA0000E04000129199000857E40005C02C00022EEB0001C84C00094AF70003414600032C0A0001D5A4000AAF3F00077494000142A00003235E0001EA33000125F700024BEE00022F6900011F790006D25E00016C16000324C10001445D0005CC570001DD7E000132420001D303000115530000DF1F0002DA7B0004F5E600021C7B000873F700032686000966E400020F42000186D90000B8840001267F000136E300026559000C990F0001DDE2000302490001957F0001567B00012BBB00016A310003A39D0001048D0004050C000852150001DB940000DFD5000110FD0001CE7B0000DDE700012A7F0001FA720002355F00018194000CF91B0001CC7D0001FC00000497470001D8C100088B610003B8060005959B00019B880008EF3C0002A0540001D9760003732F00016D820000F92A0001E8D10006CE240000BB950005ECCA0001EFEC0002216B00050707000184030001BAD000082841000224F000012F3A0001E4F8000BAF49000118570002C2200008E686000165730005131100016B080004F47C000E234E0001C1450001CE9D0001290B000293D00009A2240005D43300026C1400045F4F0001128200076F5C00024A240001F1E80001B9A9000671250005F527000435DF0002BCA1000325C000012AD000019B2700073AAB0011A6EA0001458A0001F9D0000146CE001119870002375E0003FA880001ACDD00014B0100022A5400011CF6000224E50001011500117E2F0001204B0001D1D60000F4F800013821000201DD00029D9F000185C9000144A5000553C10003DD8F00038684000937A500048B7C0001510800121FCB0001D988000600380001367F00012CEF000418DB0001A60400019A57000187B0000200AA0005F77C0000F8B5000209AC00019E5C00014CFE000328D6000507B800027289000357160000EA44000EAA460001CC4300017A8C0002C3080001BEB1000152950006CA960001BADF00025146000132F50002E88000041AE50002761C000114B60009F54400016DD2000189A3000111B1000DB4550003460F0000FC0F000131370002D29B00010FEB00013BCE0001489600026CC400014F31000155F00000F7E30001396B0001487700028F65000168850001CC170000EBCB0002B19E000412A700025B3C0002B14400029A4200047B2C00023D8200027FF4000215E20000C2D900011D89000154FE0001C9F10000FF1100038232000360B8000168FB000210CF0001B7DD0001C3410004B4110001CEE30002323E00078FFE0002A8430002D59F00027E1A0006490D0000D91B0001B0490004C12900016463000A94630001016A000234C200092C010011A2C90001919A000211270000FF310011C35A000232C200044B0C0002CCC80000EF5800025EF7000132B2000223C10001C6F50002A48600014294000455F5000133100004890600012E9F0005FF530006C3C30004F88C0001C4930001EB090002794B000169620002CE4F0001589B0001150500040D780003175C00018FAA000140700000F671000538E3000101E20001D5EE0000FFF40001B2F70000ED7500024644000A2B81000149990003256900118B3A00019A2D0001C4EE00062CC70001403A000162B80003688B000208470001200D00039F310000F2B50000E53B000159940001EC5A000425E80000F1B90001ECEE0000B1990004390700021A36000220250008875D000312090003429F000262E70001702A00023309000B6E550001ED860000CE720001078300010B0E00045D67000136E200043A68000264DE00018A2600033B3C0001F3EB00041D130001EB06000201B200015AFF0002D1050002001B00014092000165B90000DD9C0001830700010CDE00017528000215090001FE6B0002952A0005453F00012BAC0011EC0B0003FC230000D92100025DB80002A274000175D700019CD0000A2BA90001B4D2000207F90001D3890000E55A0002A688000156230002BEC70001A73E0002B5420000BD6A0008C2ED0002260D0000FE620001256700103367000167AF000406DF0000AFDE0000E427000190160002DD5100012D0C00022E72000216890001A623000E4E2E0001A1F20000C00B000236B80001E08F000183FE00041E8F0001A87100018F0D00026D9F0003001600073B61000171C60004A7CB0002F1B300053D2F00049E380002C75D0000FCA500027D900003291200028283000108B800019AC100028325000158EB0000F0A70005E9F70000C06D0000EC28000225D5000206280001691F0003B230000211130002D8DC0003E1F40002080C000277BA000E0E4A0001DF86000D5284000202210000E95A000392F40003BDCB000380D90000BCD300094D6E00014880000148C3001177180001C7BC00016F1600029BA6000E0E2200021DD400025F630001790F001187880001844F000264B000022FC200018E1F0004051900017A710003E97900019E9700054D0E0003BBA9000147E70001625E0006D16500016217000153FA000DC8D00001F5760003393500031CAB000503A50000E4D9000260090000E02C000173390000ABE20002F786000107DA000228C8000265B2000844A4000197110000FF8D0002784800033F5C000259F90002408E00021F0B00030D510000D25700012D25000247790001684B00034C7A0004963300012CB70000E11300015D8B0003A21900017DE90002C7E100014A08000288C20000E21200010AC60001108C0008B3860004CE590002F411000943840001210C00065ED10003A04600037DED00116C4C0001E39D00059FA00001BAA80002622A0003047B00075A9C00026DE40002EA2E0000F19800029AE90007C9F50011D68D00020FBD0003DAAC00012ECC000151F500042F4C0002AF3E000437910001B1D70000AD950000BEFE00027C1B0010E4AE00023B58000248AF0001A1A30005EBC10001CBE4000119850000EE4800054240000582BD000822E20001E80E000FDC160005991100012EED0001B4DE0003FAF60001239C000B67B60001228A0004234A0001E29E0008A46900015AE700011AB5000187C4000695590001CA470001C05D0004700B0002E81D000802170001B2D40001D19C000214560003C9370004C40A0001C0B40003AD390002A8CE000105CA0001103F00015B90000289FD00029D76000193BD00010C8C000403FF000C8B410002624E0003906600016626000177AA000480C90004C9C50002D43F0001275F0001856E00015BD60001806B00028B160008314E0001680C0002B2E100026F1200019DED0007C84300019DC60001802B0000DE6600011468000531CE00020F10000988BF0001E103000507A60001C2B000013E2800032299000228D5000C348D0009276C000423120001B117000110DF0000E29A000255290000D67100118A7A0002579100052A6000022EA60003338000037F5500017832000109090002ECED00011D130004C77300020DF60001E95B0001FC280001A7C10000FFFA0011A222000194F60001F0F6000299B9000F24DD0008403F0002E8EA000212D000021AA60002168900044F940003466900023DF900034568000248B30002D6890002C6F700014ABC0007800C0002E24600035516000835CF00020CF900014CFF001057A9000330410001C7A20002447E000389E20001396800019F6F00017A350000DCBD00010CF2000130980002A49A000C0DAA00014D2800029D790001F08900045D50000139B10002A03600010DCE0008A81D0001C4BE00033C640002235F00116AC000011C1200047BD60001413300032749000275490002B97F00036A2700107FB30003321300065E1D0007E4AD000B35D70000CF7D0001F8F70000F4D90000A0050001C077000206C50001521B0001F48D0004B1210003B86F00012DB000023EDC00056B5F0001BD320000F9330001B58F0003B0130002B5B70001203B0001AAD300027A0F000257F3000176E10001AEAA000293690001CA1B0007F6850003A9330000FF4A000261DA000213D20002019E0001978200029AEA00041E4F000138840000DE3A00050A9C000208740011B9620001790100033CBC0001B18C00035C920001280000036EC10000F7DE0004000A0001DF030002BC5000016B2F000319660001B2780003247E000104A6000191FC0002953A0000FE1D000398160011C36200022F920002577300050CFF0008748E0004E1D2000270C20001DE07000325D40001A24B0001E97300060C0400067F3100013529000154A50008EB2500015CDE00010E9D000266CB00022E170000BF250001C8D200013B670001D75900010CB0000142060002AB55000792600000CE810001D0FF000241C70004B25500017BDF000169EF000540980002AD63000F6C4E000255F20002A3370009EA420004E2460004CF910001B9850000B52F0001B1BE00015F9F0001DFAA000355250001F98B0001D8C30003708D000196AE0001C53C0000C4E6000118350006838900023A480002E9860001FAD40003137500059A9E0001836D00102134000424BD00013AA70000DF3C00040BBD0001A3780002F2050001CE960002CFB4000179A70011706B00032B810001A4FF0001D46000095D8000021FEF0002CC9F00039B9A0002D2D80002607600031E830006D850000338610007C5A00002D50500011AEF0002400C00074F0C0002E23900026AFE0000F3E400017E740001683000014CAF00105ACB00078BFA00124EEC0003AB53000270BB0004B227000171460003349D001054870000DFD4000AED9A000231CF0005D2AE000253930010A686000674C00001177800042CE800025B0E0002A37800100D530001961C0009728B000161510002B6490001834800032399000AEF040002A38A000133060001626B000382440002CBB900012EC600058C2F000186C200054D6A0001D88A000243E300022D84000FE5E60005476F00011D690001BEB90000C3CB000287A50001A7C10006478F0010A15C0001EE3D0003A0CD000121B500021A330001AEC4000866DE000556340003099100017CEF0005CF370001B8DF00034D1600020FB30000E1790000C084000244570003118800010E940001DFB3000166450001FC29000278AF00014016000120B300051550000210660001B5970003D27800013815000216FC00023B8E0000A00200024F9F0000EF5600027B3A0006E97F00026F1300029EFE000451320001F8DB0002A46A00013D0000019826000C426C00028E6B000A3B5100024FC900019C2B0001F253000400BC0000C4300000F4FC000128CF000224E70000ED4300119B7D00014443000C80F40001ADF5000FAE0F000114170002768F00017E41000140940005A345000A9B04000342EE0001A58F00023F94000F3BB1000140360005DA9500013FAB00026BF2000917640000EFB60002F1D800012A1A0002D5A60001414D0002F7170001157500033FE10011F65B0001AB6100036C5C0008EE2100013BEF00010473000605E3000357E80002CBB8000169350006E16E0001306F000146430001A87F0000FADC00024C330000EE0E0002D1800009464500085C470011AC1D0003004D000365B2000270A3000262760002BC600009CC9C00019A7D0002115000019A280001E411000342A200037E820003BCE70002F12F00044D94000297D100011F8C00011E030001A67E00033B060001904400058B7C000492840002CAF30003C23E00035C730003621C0000F104000327D30002685D0005D0BA0011737D000957180001AF7E0001AD910002224400010EFF000231630001AE82000DE6CD000138FF00029D82000130860003B8490007B9BF0002968A0005FFCE000254DB00016E940003A4EB0004C1FF0011E73100033D16000584BD0001556C000299A900095F370007AA6100030C6600017BA000035B5A000401530006825500015DE7000070000011EA540001E7110000DF710002AEE10001D1B30008F04100029ACD0002FE7B0009F4F20000FBC7000325370002F1C2000CE7460002038A000214C700018B66000225D4000151AF0001B25D0002695600037D39000144D400025C6000058F5900024279000162B300068CD0000278E60002E804000268150011705E0001A77E0000D565000220770011DAF20008ACAF00016854000225FC0001AD810000F78400011AE200020A680001CCFA000194EB000295EE000415400005BA51000188950000F72F0005DAAD00016C3D000274610001D52C00032C220001038C00014AB6000862E40001ABEA00020E200001800C0001477C0003D78400019CF300036A4000016EC2000195DC0001CA8C0001C070000165C60000DF15000166110001DFF80002DBB300013E810011EBF70002065800021ECE0002E473001170D900020B80000120680001D68B00038C170005E8E6000283540001CC3C0001F9FA0002A2130000E7F1000231730001C20A0001CB4C00059573000195900003762500015CC7000166770001EA5A0000F4C80001A7C300022B2000019EC30008F273000373CC000F9A4D00031BD00001A5EE000144CD0005473F0001971900039B370000DB6900012CCD00024EDE0001542A000AF4FA00014A190001F42B0002D0300002B76500121284000180A80005263B000344470002185D000AEAF5000592200001B8E90001AF630000AE8F0001389A000095E300035B060001372900118B5800026F7300015D3F00027B350000F4330001AB0F00010D8200051F2700119687000265700007109B000168C900030876000090DF00022D0C000290570002839B0000E10C0005AED200015C480004605A000153CA0001E3690002B68E000D32460000F0A20001136A00046D7300069A4000036900000247F700019C64000DFC7200031B2B0001430E0001035C00013445000298A6000271300000F16B000387A2000309410001E87000017DC60001DF8C0003AC4C0001F09500029EAC0002127F00021BBE0001DF250001399200064E2C0001C6E3001274620002163400020B9B0001667B000113A300024CEF00013F8E0003D2FB0001A6AB0009D6D300013F13000297BF0002313700019246000101A00005B2A10000D031,5120
69,0020001000,5,0000E2A50011982C00016F6F00018BBD00044B3000020CBF0001C5100002A20B00014969000130400001ACB0000201CE0009BB140002899F00009DE70001323E0000BA32000104BB0001493700012611000519B7000204BB00016E0800023DCA000106410001BCF300022D020001FBA0000710160001738E0001C3680003D4950006E7AD0004937200012A0000011CCD00047A37000186AB0002681900022F9A0001FAAE00125DBD0005846000023F9B0001BC070003006E00017F9C0000C06A00010BC50012AB9D000212A00001BEC600084AED0003D13F00034C6B00027BC10000B367000176CB0006EA670006B55900034E500003B551000112860000F5070002DFBC00124ED200014BC10001114D0001C0970001ED170000E11B0001DCB800011F32000299570003F9520000EE58000198160010984C00015254000AB15300051E7000012CFE0002CB810002BBE8000196A90012BE76000947FB0000B0170005E972000118DD000174720008BA800001E11E0001583B00018453000160C2000263470003F4C70002FA8C000256F70002E2E10001EB880002AECE0001DFFC0001A57A000259E8000341100001EFBE000215E300106D9F00013F4600022C29000B0D220001FD4700015689000108000005D9F10001313D0001F24000042B360001B3310002FE4F0003CB420002723900012BF800065BFF000207F40012895F0002C745000192080002461500064141000172DE00031E7D0001420E0001660B00010B82000274C2000538B500135A870003792B0002382000012B1B000D0E4B000149E200021516000949180002A8D500013563000EF0DF0001CCE60001FF1700021F4F0001A4C4000F37490005938400024903000277FB00023B9F000242700002A359000314C5000127800001A33D0003639400013C400000DFC500121DC7000133340011ACCF00081A630002435C000153DE00031D87000191E4000187F0000110720001EEDC000256390003171B0008324B00061CFA0001737C0001421D00011DBD00120B0E0002524A0002797C00018AA70000B18A00041A620002711B000695A0000172B4000253640002196100034DE50012E14A0004702B00023E4A00023A780002FEE50001F10200038F240000E3FD00013A1400064F8000014741000153760004D6C60001A6B60001CC7B0000D7230002D3600000A05B0002B69D0000EB08000377E70002B7D9000430D30001003D0002530E000174FE0001DD1E0001146700011EB1000147B9000123B00001E25B000AA971000201B700025666000311B000022BC3000198E30011912E0001C77A00050545000985430002AF150009390D0002577F00014E37000207080003DC0C0009954C0000E7F20001C2F600012FB400015977000140A9000FEFA500059DB70001383A00011B320001728D0003C4F6000303F0000479B5000367830001C362000211F8000149D80004DBF0000388FF000119060000BD9B00010EF500011A0C0001C25F0008189A0000CEDC000126CC0001389D00039A470001742800021890000397CA0000BFFB0000E8630003AEF800011D9E0001558000031FD200019FE200011FD500020EB00008C10900058BD100014D830001E1450002056E00012D290012019F0001258000013CC10001732000012FDE0001860E00015BA6000132830001D69A0002B03C0001A8DF0002E1B900036D99000321E30002E1A10002CE3300015F3F0001A9910001838D0003675000026D170000BA3900013171000176330006EFDA0000B0D40012EAC80000B01B001260D400014FC60000F3F4000144CB00043B010006C7B80002AAAC00015390000AA0290000BF1700019FD000020D30000193750000ECDD0001D29C00076563001248A70001049D0008BA250001F9940005358B0001DF8600080358000109E1000159C3000598F2000369690005A5B70001417900011D7B0011FFDD00019323001253B60011D8290003DCB50001F19B000218C000026C12000534BD000393DA000124150000BC6B00090D6F000145F50012ABE50004A7790000EF6D000797F10001AD61000116EC000340450006F82B00012B9B0000D1840001975900015486000319E30001A311000238020001E0CB0007516A0001D2C50000FF0000071AD4000B32AE0001037700050BAF000435150003BE5500013A5C00097AE700022490000F441E0000DD610001A0F500086BDD0012AB1100019BF5000100970001AE1100127C630003430D00014C940000D42600030B2C000256A70000AF4000037D3D00011827000670C0000100E500012D840002C7FB000200FC0006DEEF00026CEF0001A6A900032A830000F1460006E7E3000B19AE00010E7F000307600001889600011EE700016C6100012243000221570004E3B50001319C0002B228000244D90002194100072C4500079A01000749E200108DE40002B54B00019EB60001558B0003A2AD000153A50000ED300002614D000EB1890002D984000139540000E3AB00030BD10000F1950003942900013C5800039D700003117200018076000109CB0012552B00036D000000D15F00018F76000519E000070D2500013C9D0001875E0001CCEF0001D3970001813B0003D8F40005FFC5000126E100042A680002539000024CF5000235F800017FED0007441F0001B6FA0005D9B50003F5200001EA880012623E0004813200018D630000DE020006E14900095D120001B99B0002ADCC000214ED00013FCA00024F54000351180003A8400001331D0000B0430005547D00123D6C000196B2000195C30001A29A000160C00000BEB6000CE2A800016A780003C2B30003B64B0001524B0001F1E700014A400001CD570002CD0B000160660001694C00016E7F000BBB0F0002B7580000FB4300033EE70004FF7F00020766000176A00001D6EC0002C1D00001A83E00046B9B0001427D000247810001162D0007343D0003A29E000130FF0008B9B5000479AB0004A5D60007F1670003026300012B8100028C580001B2C5000137B3000490DF000135A1000494150001A5260001A11D00031710000191970001B4A90001B9300002A3A7000155C500010D8300034E2C0001BADE00043CC20001EA390001E309000388C10001190100053C8F0001DAC0000795E9000189E80001438B00014FE90000E16F000345260001433400122F860000E2E50001B1DB000181C70000FEC70000E7440000F9F60001D0E6001236E400014ABF0001C5C300028ADB0001458F00017CA100033FF600015A0D00011BC10001142B0001947B0003B0B4000100630001E4F5000244020001723B000136210002650E0001A44100011C2500019C94000263D300013C0500014FF300122505000217670001E8450001CE040001069700075595000208C600033FED0001CA8D0005D9A90004EE2E000199CF00016DFE00022F81000112BD00078A74001150490004D9BA0000EDD40002A2390001FAA900017F850000D00C000295D90001C87700012CF50001AAEB000142E40002BE080000A00D00011B4B0000F0920003C837000241290001E3AB000240470003F0E700049127000325C400011077000345190000FB37000188DD000117930001EDFA000440CB0002CF5300018AF60000F05F00022FB30002BE250005F64D0001ABB80002343F00017554000187520002F25D0002F20E0001503F00064F3F0002DE1D00022A730002D2E3000241C5000090D700016B390002CFF40004D7C400011B3C0001327A00029C3E0005286300014CAD00026B4F00022A030001DA2E000AE1DD0000C6BF0002AA5A0001A2340002C6620002B72B00045F7C0002A83D0002DEBE0000F0290002E96300084F83000297C7000110660000DE04000261E000016550000514710001C33C0001119400122DC9000558D50001F60300069EAD0002E59500010EA900018EB50002006C0001D30B00022AB5000232E100018ED40002664A00020A0100026ACF000328A9000223E50004462F0005C0EC0000EA2F00127660000557C20001EA8C0004388200013178000267500003369800013826000323450001479700029AB20001170900041D620007552C0006A5CF0001AC630003F9770000ECF500012737000181AE0005E9470003419500023B3500015EBE0003D6DE0001CDC900019338000991ED00125A010001ACE000072EDA0001CFED001267EF000675000001E7F900021173000EBD9F000317310004B8050002DEAB0002818E000110780005BBF90004F02C0001D89500016E0A000158D50001909D0002573400015ED6000181BD0001841800124DCC0003CCD2000113B70001BE740001F8E6000148DD0001ADDC0001FE6600020E330001F4EA00132A3600029738000359940002B225000B5D3100045278000330FB0002653500095CA10000BFCC00013D7D00013C7F0001B82D0002C9D200025B6B000437140000CE5F0007A195000254840000F16D000303660000E65500028DD70003366D00017A630004580B000480580002008D0001B8420001960D0001BF1E000767150001DB2D0001174C0002B10D0000DF84000F39310001DB0C0001D9970002EFF00001AF4F00027E5C0001E3FF0003FE86000488D00005A2270003869A000175030001B1C30000E9B900030A790001FA2200011ADC0003920800011D160006B72900017ADB0002EA090002E7D4000259B300029B35000103040001AB220001087C00028A4B000247F60001B5240006D6C30003646800052266000404FE00019871000133670002B8940003FF3F0001123900034EEB00017CAF001270C60002080D000131080006BCA90004780F0000E2700006C55300016C870002A1ED0000E11F0002E1920000CCFB00037ABC0001584500022E860001BA60000254B30003C10000010E330002AEBE00016700000269D60001B0C200022B410002181A0003020B00015A4F0001D03D0001E77F0001828D000219E600011E6E0001281F0001A7CE0005A086000BA7D40001AF340000FD5300031D4D0007FD8300013F0600021B9D0003DA410006B75A0002534F0002BA9E000172830006F8630000B69B000115DE000D64160000E7630002A01A0000F550000151AF00017F3C000F43830003BAA80002DBA7000176A30004A8E70001616A000C7AB9000367AB0001872A0001A2A500019BAA00014F65000F23BB00019C740003A3540000E9E70006654B0001EE730001AC400001272700015F0700073EE90001D99E000147370000F75B000916F60001DEF400074E94000304F70001373D000337A800016233000204CF00069B4900043AF90000B93B0003C10100011755000409240001005300034593000163E200024D9D00040C5C000A54720002C224000A6F380003D8ED000CBAE90001A4AD000127BD0002E71E00013AD50001CA220001E65B00008DE3000196360001B8490000AB75000164FA0000CF3800041177000562B00001E7500002713D0001B9620002745F0001AB4F00029C0E00023311000535310000AFC60001C67D0003A5EB0000F0DB00012C0D00021D5F0001665D00091BBC000174DC00011AE30001CBB700034C330005530A000C7CCC0000F70E000222130002AA640009B7B600023C75000342150001E876000225160003FD8D0003C7CF0000FA5D0000E12A000208C4000151E80002338A0003933D000260230001CCE40000F18300126C360001B5100005D48D0001112A000171AA00016F60000F48DF0000F18E00127146000176750006DD6D00017E95000F89D9000130F6000F2AF500088405000659B700013BED0001047B0001DDDB000221060000C8E3000218630006780600129AFD0000D31300023B1B00029A3000023BF70001E76800073B0600014E0D000136850001B0330002EF6F0000B25B000F06A90005F82B0002708E0001050700050B870000F03F00012C29000131FA0000C7550003C0E50007984D00015E98000EA9EC000104C4000157B400015C680000B00D0001052C00042F7F00014F7D00018B870001623A00029167000203A9000191C90004002500037A160001DEA0000135C7000180A90001367C000212F80012D36C0001BC9F00021E2D00020CDF00014CEB00014C910001C7E300011D1A000F0DBC0001DA2000027F22000322C9000137CA00016A0D0001C2760003FC530001F615000497F100042184000517F00002EBB3000163C700071A87000286190001DF3B0000C62800019D0B0002EAB300028E840003408700020C090001DD0B0001210600076E56000556A50000F24700126ECD0005D47F00053C6D000171990002DEB50001C3C3000506B1000240660002F28F0009286400015E68000963090002B56F0001EFFB0001B7FF0004942E000252A90000E67D0000AF440000E3E20001F1C00001FCC40004005600017E170000F5C70001C4E100013380000328F100012D310002C3F600075C9C0002C56B00013FFD000103EE0002A6CC0002A02A0002E50C000240FA0002A1A30003BE950000BFFD000169620001645700022BAF00126ABE000227BD00126D9000019BB30012358E0004262F000528E40002F87B0001C27C000449D20002600B00019AFD0005CA470002F7FA000243DE0004EBB700068A3200014E000001637F0001F2A60012424200029F2E00019C7500012FCD00018FFA0007F1010001197D0002351F00126F4D0002465A00079E4D0006F45500022C110004858E00029E74000183EA0000F9470002B3D50002DE5B000164450001F9BD0002727C0002BB02000189490000BF4C0000FFCB00013F6500037AD10000CC810004C34D0001324400009FFF00022F2C0002E518000266960001071100111ADE00011EA100016E0B0001B6190000EC5100016B5900012DF0000739B90003638800024C0C0003E1B70001911D0002E16B000562C100053D0C000538920003FB490001F7CD00013BD900053720000290130000C11F0008575500053AC30004BB070001C60900019E2300025C3A0008BAC4000178E3000120670000EA5E0001C266000175FC000452BD0001C76B0001417B0000F03E00023D5600032FAD0001318D0003DBC80001E3A100012E8400055C10000285FE000139E20004ECF100123AF80003FEF100013F690002104F0000C0EF00020135000101CB000131450003BFB500029DC20001B084,5120
70,0020001000,5,0001FC460001A6C3000141BE0002D50B00018B4B000279C70001841B000195550001257E0000E7AB0000B02E0001251D00055CBF0001162D0000DEAB00017E9300022470000151AC0000EF7A0002A16300053A0F000268C30000D4D5000122B3000AC7D70000DC83000419E1000100440001734700017F3400010EEF0001A3BC00066CDC0003EDAF0002C44B00022032000132950000E0280001403C0012C56D00011C7E000221AA0001BF4E000C1D3C00047C7300127D850002002C000242450004BB120002A70400017B4300019611000354520013EFE000012E3F000555F50001961E0002130100010BA8000162EE00011541000162220002F2410001C0E1000154F50001144E0000EEA8000521230005B57F000297940000FC3B0008E8500000C2440001DA1500016E9400017A3A000107E60001E306000270A300032897000510970000BBE00000E970000365AF0001271900048F950002EFF7000CCF150000AB470001C2070008BAA40000F02D000246D100017EBF0013D5DD00012D3C00044EA30004FE71000419A4000209CB000374EE0002ECFB000140750013282A0003D1F600008E4A000126C70002E21600014F450001B9580001EEE7000117FB0001F2A60001FB610001264B0003F9030001498F0013AD9D0000BFF900029E5100029722000326330000E5BF00013AB700016EFB0002CEA000011385000346CF0001337000024191000150040000EB7F0001CB1200140FCA0003CC96000144BF0000B0210010BAAB00014D960001C5520001EB870003F6A100012E530002900000081CCD0000FF3A0000A1CA00031E8600014AD90001743300012E8E000215B6000355AF0002A0820003A93D000110360002377B0013D4ED0001D0120001AE0C0001EEA50000E38C00033C5900010E1A000323B50001966B0001CCFD0001C16100017609000175B300022B870005256F0001F2C7000228D6000209C500013C3E0001B5880001D64C000167050004DDDE0000BB550003D0510000FB91000AFEAE0000F1430000CD990002603B0002AC2A00054445000195650006CDCA000354760000A08B000185F500029A650005EAA90001669A0000E28300047B8F0001C40E0006B1AD00034F7100058EDC00032B9F00030F5F000189A200014A1E0000F6E40000BEB60002444D0001AED60002A2850001FEBB00142419000142FF0000F4DC0000A05D0000F9B100020AA7000171F8000296180002FE490006C7B000033989000108AE0003451B0000EF38000B44CC0002B7010001771A000211D60006F3DF0001A69000024BD80000CB7A0003B8DC00024249001421F8000632CD00013D360001611C000E58610001D440000101290000EDAF0000EEB20001AA940001F96B0000D8C40002E1060008618E000306BE0001C75C000233A8000102950001EE2B00032B7F0013694C0001716A00012FA10004FD2D0003DFE6000120BB0000F7C90001BD030000CFB800022EB00007E65E000145C500019E600006A073000150F900018D980001263B00025C7300010ACC0001357500032BB70002BF170001DFB000022C1B00020EB30001386D0001C361000183BB0000F82100013B1300073DC50000EB5100022E45000140CC0001DE9B0001D568000267FF00010E7C00016D0A0001E85A00024DA000029E40000117260001237B00017F990001008B0000B060000BEE370000E6D10002865D000238C00001FD240001B8DF00010E4D00019D060001403E0001DAB3000114F10001BB20000242AA00038DC40003152B0001FF40000255E80000E9CD0003FC0A0004F85400017D680001D57700031791000152B50000DAD60001F87B00013F520000D04A00028C9B0013EDFC0001CBEF0001C6570001E7410000C16700013D3D00025EB90007216F0001E677000473EF0002F2770002E051000FE8E00001637A0002DA310000963B0001A3360001ACFB0000FCAD0000FB3C0004040F0001DB77000228CE000269DA0001F76F0000D08500013F450002CE160000DC2E0001B67900026AC8000200F50013E79C0003A6CD0001DD33000302EF0001F6370000A9C30002FA8F00019352000202370000FABB0007328200023AE0000170DC0001036500057F430000F1E80009D11300017A18000357D300028D49000290CA0004467F000146140009552B000177A80001B77A000814650001B76F0013B769000171460004D3AB0003B6970007D0E40006A182000461E100032E5200033F660007423800024F8A00034B9600020DAD000111740002A03B000138090001A4B5000220D0000167270002597B0001410D0000E1AA00013F670000BE860003E38F00021D88000198190002E84900015B6B00027C0E0001893A0000E01B0006FA540001CBE60002F65C0001C8E90004EBF6000154900001876500017D4F0005F6B100020FD500043FC300029FB50002AD2F000178E100023E230003A00D000115D40004FB9F0004D0BC000195E20013B6E700015F51000335070000DBF70000EF59000085430005F0D90003426800011942000635960003B1F200013EB10000E8960000ECDE0001B22B0000DEC1000186F600018339000218E500066DF4000287EF00032D410003A6DC000196C70001C3AD0002BEB70009C1400001B3000000EF6500019E9D00015F8B00080E68000170BF00014CD50002A9FD000273F200017D8900036E050001B7930001ACF500140F1000012838000734CB0001DF5800012E3900014FF100018B7B000408EF001252FD0000E1CC0002F6FD00018531000CFF5E000260FC0005915300025E160001CEEE0008D07200024FBB0001382900015EE10003A1350001D0CB00026F9C00031D590001621100032D7000025A8B000207990001B7B00004057800016B480002412A0002CB7B0001A0770001565700023B2F0003A0020000AE97000143930005C00B0001C97800034B8F0000FD65000347F9000290350001EF8C000176B9000339D20001DAD5000231DF0000E290000D44CC000356A80001A8A50001C8B90001C424000134D70002D85900033C0700027505000161B000048D230000F2040004D31500019BE30001FC020001047500012CEC0002EEC9000238330008453F00051E920003371F00013D130000FF9A0010226D00089B1C00012FA000054B3F0001FB5E0002262600014CDF0003CB1E000179EC0002B741000305FD00047507000123B30002EB5C00022E4B0001C7AA000731AB00014CE90002CC75000769E90001C83B0002A8E200019C190003B3120001C83C0000B54C0001F4D10001B15400032D570006670400012C8400017F1B00137B5E0002CD30000190D800081B140011E8BD0001D1290002F1330002498D0002BD73000205E2000158CD0003066B000176C0000191120001096F0001A7580001D39E0000C00200030F8D0000BF2F000DD40200063B0000048B850000EF9C0002335C00025C360006CB3C000330650003C9120001647D00009F9F000315550002339E000105D6000110650006551100060A840006B6610000E5A40000E4880001AD1400015E120001577A0004D20D00016BBE0000CD5C0001B3D60001461E0001BF8E000125A0000148880000D4F30001AB900002906A00020515000551E5000160710001731E0003015C0002A8DC00037270000182A00000E1AC00034F42001393C800009650000187E5000209770003792500025F95000282C300039FA300018D170005866F0008251C000140BB00034160000506FF0004060100056A840001C0BE00045F46000A0B290000B87F00140C7C000289070006E34000011B720008FBDF0000C013000A671E000284AB000356B2000181D60003E13C0002CE030001FBC80002229100019AD70001B9370001FC820001CE8A000216760000EE93000203CA00055DDC0001B71B000190DF0001796400014DC6000720E800087B7700135B55000289520008D37200082EAD00011F070000DF09000C3C2800012E5100027CAD00012AAB000144850001DC330007BE20000380760001C2F3000090030002130900013BE30000AFCA000311100006B2110002BDE70012CB71000178D8000577950001561100019E140003B67F0001ACBF00065BED00012E390001A7AD0000F332000244BF0001460700028D290001EDE3000154A500035079000329010000D2450000D0710002EE2F0003980800140384000155F70000A7DD00023A750002347600041C3D0004D1410002BB010001341F00016B090002B85600081212000423A30000C014000E68BA0000B02D0001AEA50004E7270001D2DA0002D02C0001F91D00063B5200011F9C00025D8D00015CD300046F6300011C890001CBCD0001B6CB0000D01F0002820F0000D1960001255500021DC90001786A00015E4D0000A7F900010A96000222D800038BFD001441AE00010BF50001E04600013E7D0000CB9A000697CD000211280001523900030FE50000A045000C791300015756000183D7000202E2000CAC24000278F300048C1100016CCF0001B4040002A87E000E4A910001A08C00026F870001B55600014C460001B38900048BB10000F4B30013B1120004959C0001114D00020F380000F2A400039DE70002C35C000239E20003BE790003C1200001E30E0001E249000458380001D34D0000E8BF0000B191000156C200017A650006FE2F00021B770002565100034A5E000465870000E4200001ED6500041F4D000C81130000C081000129F30002F507000CD37700016C4700011F650000C45A0004646F00079798000194B100023FA800055F0F0005375800014ABE00011F3B00019067000370FC00049097000579220002CE1F00037D14000369F50000C1EF0007C7CB0001062B001392510001BB890001AAA6000529CA0001967D00023A4F00058DDD00017E8F00032F35000678030001560300085257000163000001D24600014C280007AC2600016C6100047548000390600002B5C500015A500000AC1D000410630000D75F0001C8F7000190F200011DBE000155120002125E0000F8BE000A16A2000103A7000285FD0013F48700025B58000666BF0003DFDB0001FCDB00017542000230A800138F9D0002AC9100038E7D000091B8000210A0000318650001A4A40001F9CC000119A900063BEB0002E3E80000B11B0002FF1000018128000192D000032CE60003A83300033093000245E000015B0F00038D6B0006C102000113DA0001876100025ED0000285E50004B7EF0000FE9B00016D2F0000D6C900010A010006103900020257000179A0000241400000E16D0010EF540000B0B000023D550000DF9C0001A7DD000935C70001562A0003C7600001077F0001E19E000207D80000B6500002A08A0002C45B00013AF80000C00900014C980000EE62000427B80002C8FE0004090300041FB700026B7D0002CAA40005D0F70001B01E000123F00000FA4A0002B4510005A6440001298D0002191600018B550002411D000ACC060000BFD9000894D10000ECB70009DBC90001B5F0000253CD000285070005C7400004A9D9001431850001B7A400029B5E0000EBDA0002230100028EBA0001513400019D6D00141ADF0002CAEE0002A77D000157D60001F352000151F400023CD600015BC60014167600019313000537530007770900016C240001914F0000F2BD0002F83500039C4A0001174E0002082100017FC30001F68100066B860000E8BA00010CB00002154900015D2D0001300C000222F50013F9430000BFCA0001DD59000281A2000C6416000661D5000134F70000D2030000B0B80001382E0003E7180000A00D0001B10700015081000EACBF000162CC000276CC0000B74B00011B540000AF2E000159690004E07A0001E9900000C0590010B6A90007167A00011CFA0007F02A0002374D00025D6D0000FC73000163AB000582E30000DE16000165510002E40700029122000171EB0003978D00041E1000015613000151C7000143CE00024099000214390000C7ED0004451B0000E3700013B99D0005D9AD00011F8B000F0D6A00017A470002EBB50003479B0000BBA300014CA200029A410001519B0001C04400079E0C000689240007656D0001204D0003504D000F4B7D000071E10002BEA90003B05900027FDE0001078800059AE80001A5E70002C22E000132F6000558B7000286610002BD1D000292F20002E94B0000A25B0002C3530007393500014EC70002271E0004F58300042B910001FC7A0002515E00016E080002369D000677A00002B8CF000190D3000146560004DEDE00011A7D00010DE9000186680001DAC30000F0E30001FD59000188E00009DF280001217F000486AA00026D550000F6A00014206F0001EB1000014DDB00015D840005C8B90000D11A00019BBE0000CE6A0001FC620000FB4F0001EC160002BAE90001294B000121C1000230450001EDBD00013BBF00033FCE00015CD6000103450000F29900011E93000157FF0002554F0013F0110000F3870000E04A00025DD500020B48000134FB0002056A0002A124000279C3000D160E0003BC7D0002EC480003AC790000E2D7000199D40001AC86000135650002AA80000236F90005549D0001C42D000136C4000192E80001A9BF00013D5F0000B39F0003676200024F7D0001DF1A000182DD0001727F0002B123000171630008F1C2000383420000E91D0001675200013DFF000263500000E9A30002290D0001A43700026443000658EF0001159D00014EC60001638500012E300001997700069C8F0000E1B5000151310003BD920004230C0004A63F0002ED1900019BF300035E6F0004570E0000E6790001160B0001BADB0003C5C10000FC1A0002938500014A74000AC8AD000154580013BB140000C3480000BF510002A433000148D50000C18B000435EB00039AD00001957A0003BF460004C3D100014AA500140B1F00009F4E00025AB70001D9B5000189FD0004D37C000125CA0003B8AB00015E310004960C000331F600019B2500029CC30000F3F3000285CB00036311000313CC0001EA9F0001A0D400014ECF00025D9600010319000206530000B4590000AFFC0003CCB8000657D500025C0800033E7000012EAF00013D230002F1900002561500047A6B000247E60009409B0002776B0002D42000030EA30008DDBA0001358D000519550002A897,5120
71,0020001000,5,0001EAA70002040100023DB7000398EA0001281E0005274D0000EFAA0002505800010BBB000AAA600001763F0001C4A30006041D0001CD8B0001F9F0000B42530002F5CE0003398700014485000150D300049A4E000191130002DFC8000718AD0001C1EA0000E6010002555B0003BDE7000109B90011763B00012E7F000639D00001CC010001886C00026D1B000350C5000223AE00025DBD0002CBF70003FEC70004CC88000E80790000F3730002B7C20000C0CA0001E8F000023E880002EAD7000155DA0004216B00072B1000081C3C0001446700021D6B0003EBC800010F9800011E3500111E87000798D80002C8550001BD6F000164010000FDE90000C4BD0000F5890011083400021CF1000229D90006910E0000C00F0000B4C4000127490001B338000371280003342B000FD8210002995F0003BF470002DAB4000191B9000A02DA00029CF5000190DD0007C2F500028FC4000239510001CAC900015F6D00011C5D000329A500029F73000176BD00029C28000357690004AE13000417B00002620500021D3C00110AFA00010D85000311F6000DF6A80001B54E00027CBB00010DBF000227830002D35900024FAB00019B4F0000E21E00011CFA00027CC4000529CE0006401C0002F9F500016A480000C7100000D307000194B90001C67A0001604C0000E19B0000AA4F000126030003E0D70000DBE9000293410001DD7C0003D08300020C94000118E90004B3BC00017FEF0001D66E0001798F0003AEF50001F716000213C30007426400011B8700014A14000CF5E10000EFB4000353C70008238F0001A78C0004799500021A82000351AB00116B3000017B6E0003231100047E360001ACF500058EE700016013000951C5000A3855000D795B000114BA000AFF630001AC3C000436770001D3870001E7730001FD8600023D74000229AA0005B51D00059F40000390450001D7500001F27F0000CF9E00020FE6000222FE00022B6F0005430F000166EF0001929A00059E3F0004227D000158850001ACD1000511820008D97B0000FAA40001D827000178FE000101DE00051922000E476900027A09000211EB0003712D00010B0F0004588B00024E0800019D12000169C400022BBB0001233E0009169500057D1E00018C3200052CE10000D3EF000151E000010EF9000285BF00035F2800025FA40003CC330007AD1B000425B60008150A0001F24F000176860000DC260008E64D000192CA0001DAD50000CE1D000161B000077B1E0007EABE000194FA0010956B00024C500002230C0001490C000E4FED0001831F000219B2000533BE0001D52A00010C0F0000FE9B0000E4A0000164D00000F25E0010C9B7000A7AEC000490BE0008F17E000284590002B1FA0001B55300012FED0002659800042EA1000120070001018D0003D7090001448C0002577A0001DC8F00028EDE0008282F00019E770001F707000108BB0001B8F10001BD4D000163BB0002CFBD0002D99D000177090004E75F0001811400013C2F0003125F000429910001706000022473000953070001D1670000CCDB0001CABC0001A60D000109E10000FA2F00032FC000011E800000BCA100021C03000132990005C9EA0005FA500005D8D5000133120001F47C000310D0000163F700019C8F0002200200015B2C0000DC680002EAB50001A46900010F4100013B920001D8330000AE1E0000CD9B0010C0E00001E5DB000590DF0001466500036EC50001986A0005EE3300018E7D0001E6D300019C3200017295000155480002B0E400014F330002DA150001E2550002D55A000374A70001BAD200013EFE00034314000184CC000691D6000117C40011060B000453870002232A00030117000208B50005A7880002835900019C4F000189DB0000D4590002030D00015EA300099CD10001B029000178E0000AB60600036B47000202C500053680000A3A7400066CB40003F80200028E7E0003D4B300052D09000149CF000162030006559E000227CA00069C5B00028D04000125D500013B580001E821000217640000F1900003193700011A450001D23A00018B460000A4970002FBA00003A7E60006BCCC00012D9000011A5F000107D20003A8090002A8CF0001E1C600012EBC00019D9A000D46CF0000E37200025CF6000252A8000341D700012ACB0002DCF40001C3F2001150180001F9A700024DF300027E8900041297000C3312000210E2000490EA00039E4B000194EC00011B0A0001603900017EA600014EFE0002E4DC00013946000532EF0001FD640004C6330001ECE00010F826000192E6000C2702000363A3000170B80001700C00030E9B0001087D00013DDC0002383D0005BDCC0002F8FC000B0D6B000AF27E00019B330001F82B0001806800016203000338B8000514ED00113024000184870003A4250001644D00016B3C00020C5F0004D7200001B5040000EEB3000B32A300011AE80000DFC800076E490007B3B400109AA7000246AA00021A0E000225850001E5A30000DC9D000245F80009762400023C2C000647D80000F99D000687F6000194170007DF340002388A0001916600020F1200017D70000215B600034BD400038464000245710010F2DA00022C6200017D3C000168FA000863A10000C019000BD120000AA997000185D80001B78700043336000277DF0001A137000118C10001057C00082A7C000157E30003BC0300036CCF0002690F0010ADED00016D380000F6BB0001DDB3000FBBB300058D56000496A60002788B0004627C0001092A000291490004E20D000154360002682B0000FA2500091A03000204FD0001F632000568970002D7E60003A454000373FF00044206000108CF0001D34A000985750002A88E0003CEC70001321300010CB00000B4DE00092F5F0010BDD40005A58E0001885A0002762B0002E8EE00023DC40001DB6300017FC6000F5469000377F50001ECF900018721000B9FBD0001EA49000221A0001084A10005AB430001912C0004F3CD0000ED46000143C4000BC2280001499A00015DD8000340140002E7420001790200017AA1000091F40002BD1700040A370001B3A70000E00C0000C294000239C400016E4E000220D80002481100036EB10001BF2600014AF900098EC500059D5B000132610001AFEA0001504400013F8700081B36000AE4140001FF9D000A790E0000DBD9001107F4000179130001892D0000DCB50001CEB30001D2CB00068AA600025589000293FD00022E9600040E5F0002C6D0000B520B0000E05A0002BAC20007915D0003646E0000A48500061305000275910004383E0002C5DE00028B8F0001B80200024D0E0001CF4A0002B26E0001F08E00016B3A000350BD0011D45F00018A570001D4BE0001A79E0009EECD000102210002155500018D350001FA0D000755B000051FA10004CA8D0011B5770001CF1C000130B300015D26000148F4000306F70008AABE0001796F0008111700030C2E001121F300023DCD0000B06B00018C93000212D30000F2C100010AB10001627D00062CEC000AE1CF0002909A000136320001540200015AB70004637A0002127E0001BDA70001444D0001A7E700033212000A14F80004EB5E0002C80600018813000229C70002F79D00047A4200028AB30002C14B00017A150002FCB8000155C50001CA5D000355880001826C000C2D35000241D400016DCE0000FBB6000186650002D25800013BB8000135E0000202AD0010CD8600031E7D000158450003FFF200015FE7000127F7000161DA0001DEAD000510270002696600014F65000542AB000177780000E89F0003F98000101DD70010DB110000CF7F000423320001CF070000FC8E000153F80003783E00040C7E0003118E000A5B9D0001FBC40003AFB100011AF10001C42D00027C3400017C4A00032CE5000157D000016D8600018B2E00034F20000133680003E39E00016D81000303D7000113190001161800014857000291DD000211B70000AFF90000FD770001B4820001B3380005DE73000131590003B29900010D2B0001FBD600033ED20001126F0001C769000616E5000187E100012AA900019B930001BECE000C5599000292790000C0F900013E990008E5FD00046631000210110001DB68000256070001E6150009BD71000E9C450002EDD40001A481000271FE0001C18F000258CD00023ECA0001E21900016956000AE3B40002F3310000EBBA00019E2F000837410003474800030C170006EB6C0002591F0000ED3F000157A10002ECEE00099C53001019D40001DD8700017915000128D4001039830003BC8900014A5900022FE20001B2CB000BC18B0004DF710000AEC60001F21A0000EE390000B0A300012BC400112EBB000279D600023E2D0001769E0008AE28000131E500020B9E0006B54B0001F74F00064AF70001C4C0000217C000032F0E0001B9C10003B17B0002314F000F532D000102C4000298340002B61700057A0E0001E5C30001517B000112250003652900013DDF0002ABB20000DF210005E9330007F90C0001EE1100019AEB0001FE9D0000D9720004A1B20001BC8B00013D1D00021D7700105223000910570001F4960007C6620002667E000318190000FFDD000254180005375B0001E4D200113E0D000138630003ABCB0009275F00119D740001FEDC00023AA00001EAF30006AC9C0000BDE300021ECE00025F810001834200014ABF000452B400045B740001EFC800014D410002A35D00039F9200009315000128590000FC5700026CE300027E8B000115F60005C54C000451C80002FFE70000DBF600121A45000238F80000E02300015382000428C5000233050001C3EC000365460002AE4E0001C7E300061703000129A60002BFF10002FB1300018CCF0001F95300040F3100021FAA0003DBBC0002AD7800014D35000396E80001B6D50003C35200023CDD0002357B0011310C00065426000521980001B9E8001191DE00026950000277E200040B0F0010A8F40007B25C0007AA450002C57600015F9600078A720002397F000258720002719F00022E610001456B00015E030003F2D90002EBCB00023A21000130500003556E00018E770001C60100022B590003D165000A0EBB0004312C00027513000298770000F6CD00014C28000AD480000390920001D61C0001DD6D00015DC3000147CF000308C8000615B50005580D0001205000014E22000258230001ECC00000ED8B000332CE00011DDC0002159000016E2A0001B9EA000130960003C2CA000104A2000252AA00013B4900019D5200046E040000BCCF0007D3D500011BB40001555A0001849E0001C681000172A60000F1B400012E1D0002A73F00019AA70010E3F4000109BE00019EDC00011269000242390000FDEA0001C84E000161D4000D12D300021E930000CFC80001D16C000B4496000183280000D01A00093619000126340001D6490000F0F50005B71600029C0B0002A4C5000B0389000197C5000257BE0000A9AF0002DDD800017D050001D2B00000B5580003EA110000DF2A0001F79700057D4B0001ABC200044C440002B6280001C49400014C18000196A80004BDE800016CCC000156D10000EDF60001964A0006AE9D0001F0680006A69D000160C700014D850004521D00015EA60001A9410004929E0002307500027E7100109DC1000292C600033D800000E11F000449050002AC8F0005D8C3000559FB00019BBD0003118B000130900001DE4500105AB7000246400001675E0001DFF800110C3D000A12790001E25F00016A4200014AC30001F79500061A880005CEE600031EAD0004698D00013EE10000A07B000166F10001652C0001F4170004B96A0001547900011A340002969B000429CD0004A14300013BF6000B28B00002530C0000EF240001AEA5000113C40001C4B70001905800081D75000119580004A1E40005711B0001FF7D0001B65D0002D2680001D7C600044A4A00021EFB00021E6000030849000281810002BF79000185A100015EC200032D50000D8EC30004B3F20010C5BC0001B355000548840001CC520001366F0001D5B80006DEDC000127FB00038BDE0001071D0000FFE500029F630003602E0003ACBE0002307300025CFB000398720002E2FD00013DCC0001934F0001096200076CF10002292E0001D6E40001B5700001530D000255330008E11200017F56000819500002C8610003541B000369260001E5720002B79C0000C01600021F370005E26D00011C900002A2C90010D65E000296FF000210A9000162C0000A5607000112B50004A78F000A9BAF000394780008E859000269B90002D16000048A640003D6AF0006F4370001BDEB00025BC0000A04C00005230A0007699600089D92000192C00008EAD400066EEC0001862000046C4200052AA6000555B3000172D300061AE90001328B000319140003859100044F5A0008048500029EE60006ACCD0001C3420006453F00027F49001083110008DE0B0001DE1B000106F2000141DA00016B44000429590001F46C0000E12F0000AA9C00049AB300088D4F0000F084000158AC0001D9930003415700040380000232CB000391DE0004ABA0000E55DE0001880C0000D02000015B020003B84500019EA90001446000013352000102EE0002856C000A630A0001A03C000CB7010002133600058D200003AAA500044EBA0000DD0C000198F300031482000284D90000F0CA0003722200013DA8000269DE000393770000F70E00016D12000173100000DDF80006616D000132DC00019D590001DE870002878F000B13E80010C92F0000EBD3000338BA0001969300115A530001AD9F000D4CF9000390E300023C1700030651000273E900013F17000198970003582C000E944A0009F1240003EB210000F11500018B680001EB2E0002E9490002F4F80002FD0E0001994A0003B935000439CF000582E8000124B600037441000105D90011B4CD00025FF80010B7120001C5900005759B000511620002DD050003726300013BEA0001207B0010B0BD0007D65200022A31000142DD0010AED40006EBF10002CA110001CA580010BAC400037FCB0000F0530001201600019F720000D63300017557000137B600017B410000E9450001500C0001304C00115E68000B5B5F0002548D0001755D000352C30001AE71000F1019000132EE0001109B00009F740002C423,5120
72,0020001000,5,00018AE1000301470002591B0002DF81000174B30001E83D0004AE630001834100044A5D0001D0BC00036DB700013AA400010F5700037ACF000395D700019F3C0000C5D900021C7B00016344000348F50000FF1A00132ABC00029A6300025C82000719A90001623C0000B02800051DC80000EFEE0001F674000314E90002017D0001AE9B0002434E0003B34C0001B1910000F6B70002B2C80001F51D0001A78E0008EF090001D5C3000306230002AE9F0001E18D001318B10000F0E000010451000171AF000156340001592C0001520500024EEB00101CFE0003749D0006A911000100DE0002072F0003CDF60001D81B0002061B00011639000159D60002180C00010CC600129CE000029B510000F89F000416C800132A2C0001D37D0002325800011CD0000531010003AE190012B2830005916D000D5932000257270001602E0004711B0003B6C50002514700012DED0000ED690001A561000134700002479900021A0200020AF5000132D3000368150003EFDB00029523000199890000F6F100039BE9001283F80000BFF70002A4020000EC3400058CA0000305900009AC4B000302780003E92100010047000103F3000D89E300018832000144780001A0EB000100EF000299F40003D843000347DD00029FBD0006703800028307000162CB0001283A0012A89F000100E9000314C30001B45500011D3F0001E796000258EF0003D2DD000D1F94000251700002463B00022DEF0002F6A600046A30000176CB00033287001275910001EE960001BC3600074A1C0001CA480000ECC7000177E90000D1D50001C7A600056108000EBA9E0004710100017A0C0004DF9C000263E000017C160003D9C900009FE600049A3A0001DA2B000292400002D02500016BE700015DA20001AF7D0003284F000FA2E90000E30700030EC9000166CC0001723800012C360004082B0001603600010E51000348FF00057A9B00013CF20001A9B900017F8E00034A0D00099D0F0003B51D00023A3600022AAC00017DEF000197240006BB990002E008000251A7000180810002B6660001C3100000F17B00018FF60004ACE00004C2A500027FE00001808C0004FEDD0000D8FF0000DFB100052B7700024E010010E343000154B0000359BB000355040001EB2B00032CBF00017D7F0001E2EB000183BD00017118000266360001394E0001FD240002AAE40001E3B10005672800017C1000012D0A0008845600075D6D000211360002C45B000FAD4500019E9E00028E9900019FE300011561000169060002122A0000C3CC00058AAD00053E9B000295A80002F9A2000649290000C02900012A870001F5FE0002782500013B4800031809000141DC00070E40000221E40002807F000295420002F13800021EB50011DE51000586D20001538A00015364000278A900036A9E0003809D0003651C00109BF7000103790002CFD80001A97400011403000346DF0003A5CB0000D12D0012A0CD00016A6C0001025800028BCA0001FA850003918B0003DE660003527F000206C50002B1D300019F100001EC7800016EE30006B58B0002E13100040B1100026F440000E0520001E913000404F900019ECE0001BDC2000547900003FDA9000252550000E0BA00012A6B0001B3EA0007BC5A0000E5D0000257B50001B0D900021C430000F8CE0001778D000308DE0002F9030001DD390002063F0001E7DB0001DE4F00013C2D0001DED1000166770001BD150004A4080002E12A0001AFC200011886000319BF00014A0E000627010002B12D00070EF10000FB3A000256B4000174ED00011DB400055C610003599300031D35000127A20003C6E10001E8170001209B00013DA200016D2C00034B4D000285280001BC4C000C362D00011F8C0002970D00032EE200014C8F0005A61A00012483000256BD00013700000382960002975500016DC30004E90B0001C4C90002048F00069BDD000299F30000D0510001EB44000365710003D5E800018BD50012BBF00001A46C0002B83D000149470000CA0500024E0800041883000154050001480200036909000160C30001A3D40012C2E20002804B0002E819000161B8000215DE00018B1300041F360000CD7C000306E1000087230001383100034FA700010BBD0002A55A0004BA690002793F000153820003C42100022E670002F2AB000424720000E20500025C37000668A70001D24F000236CA00032C0D00039E4F001308BB00011A9B0006FDDE000B89B6000128F70001ECD30001561D00025F8C0002245E000588A80000FECB0000EFC9000382F900035EAF000122D300021A8500012A030007D35F000EB809000232010002B3AF0002D92F000990FB0003B3D100035F9200024B770000EB0D00014AFC0003CE4A0003DAAB0000F0EC00038FBC00027D8E0003DF2D00023D33000287010004A13D0002262A0003C04A00013C1700019A020001A67D00090F96000246E700017B1F00016FA9000490EF0002E55E00023B920002273A00013BFF0003266300013B290005926C00009F9100024D100001125200012A4E00017481000A979B00106D10000268590000DC200000B6A500025B2C0010A56F000776A600042407000ECFFD00027616000294400001516F0001633D0002FB940001DC4000016CB20001493C0002099800024D1B000115FE0000C7EB00015F8A0002900D0000EC37000385600000EA570003B35D00010C86000233440001373800020BA80001F4170001C9A90002490800073E6500047F640003D3DD000447AE0007AB7C00014C480001B2540002BA4E0003105F00015A37000393E1000261B30001E37E0003377F00010C7E0000E41B0004D769000223BD0002D4290000FBBE000556DD00035AFA0001ED630001D6320003F91300012E410004DD630002FAF600043D380002DE1F00025FA8000518670000BFF300029B3B0002E1A00001CEB60000F97B0001D28B0002574000029A53000365BB000254E10000FD6D000124EC000368D4000217B300128AC30000D025000396EB00023F920000ECB800012CFE0007ACC100010040000168370002ED1700010EAF0006885400015CA30004CB5E0001D04F0003B76A0002C2A900015AEE000C1C1E0001047E0001F4ED0000A881000BFA7E0007982D0002A48D00012C3B0004A3D100044D30000373BB0000BF850004FAD20001705C0001E2890001035600012FDE000174190002A5DF0003B2F40001A404000131FB0012540F00016EF900046F3000017712000261FA000613AD0002D7E20000EEC4000141A500029905000270200000F61B00040DD100013E7B0006B83900025AF500020C9D0001481C00020E3B0002F8E5000366AB000150D70001214F000135B500121A2900011B4100019A4B000186E800016C9500015193000760CB00042A19000137900001723D000218D700011491000426D60001B9840007F75C0001338200026C9D0002A20300020C210003EDE20003CE120001B1D7000708AB0004E9E000045D990004621D0001520B0006A9910003F37600020024000181DA000712F4000D64A4000670B5000601430002B973000AF77C000222C80002775900028D6B00015A610003D79A0002B4920004B71800028FAD00010C1F00017B820001EA9400013B250001D31E00019E060000BCA5000162C30006698600055AB4000282AD0001BC17000119670001F79F00012E380000DAD400010E160002CE1E000400570002F45D000301F200015D160000D89000019A3000026E5F00025B79000264D000013A870001A7E900021EFF0000FDB20000F2EC000226A2000460FF0000E58600037FB7000124F10001C7EF0001DA860000E0230003D672000178E50000FDE70001BA820001C80C0003EDF0000286CE000183A60000B48400018AC40005D9D20002B17D00029811000111C5000273BE000D3EBB0001CFA500026081000169FB00012A530001C7750003DCA10001FD1A00023A560002701900023034000181030002BBDD0004A3B900013C2600038C590003FF8300017B69000157300008832900127D60000464A6000132F600072ED40003C48E0004636C00013F0C00032D0E00129AB800024E270004EE16000210D20001A82F0007F7830001FBA30001D882000212190004B01700018D930002E0690001B0A7000101B80001C09B00011D97000124960001EF210001D4EB00034F2D000D8AA100032042000158890008A3990002E7190001248B000475C20006DEB5000236C30005D92300011C310002012900127C91000120FB0001441A0002D4060002A90B000134580001E7D50002AD7B0001BE7F0011FAC9001354EE0001D3870002698A00012D320000C0010001A0A80001325C00034DF20002125A0004593E0001848A0003799B000A796F000206960001B1C600016FF8000313D70001A65C0011035E000117D10006186E0001AE780011007F00026372000373BF000195A2000294270003DCC20004361600010366000392FD000116230001427200057F500002365E0000F39A0005A0CC0000EF230001597300018D77000ABDCA000118680000ED0C0001B6B0000260B00001A5E60001364900012662000143D70002178500015F4B000107470001A8EA00042235000105F50001FB950000FF420000EEF00003B73D00017DC300018E8700016773000162AF0002144D000385FA0002196E0001D381000131620000F1B20002B1280001752700034BD600037DBB0001542400021CC90002DF3B0002B9CD0000CCB9000251E20008861C00027952000157890002E8E900015DE10007A4CD0001884200025EC80000D175000382EB0004663100017A7C000285CE00060A580003301D0003F8090000D112000AA987000370050003C1AE0002D30D0001771D000692AE001297EE0011F008000335510001EE300001AD5B0004009200011D320001877B0001ADFE0000AFB9000AC45100032C60000153590002514F0001D82D000175D20002F0E30001D71B000102750005C148000208B60001AAC10002446C0003D22C00011B1700012DA300011B160000D0F80001D587000117F10001C4560000C32F0001CB10000190D200085D630000BF2B000080010001EB850002B67E0003439300021DE10003A003000BDD0D00049AB6000366280000FF7D0001C11100029691000D830D0001AF13000269C30001EE2A000DB608000657440003681400056EAA0002ADD300010E970001A51F0001680F000147450000BD6D0003031F00010E730000F7C9000260E60003CA590002210500019BD40001702B000266C7000388920002AF5B0001223D000461C10006CCAB00018CD10002AA9D000947DD00031A17000F03130000D2D20004CFF300025457000201140000FC360003527C000246C500013186000173FF00010E02000213300005A36600016CA100018C0C000286A70002BB3500011F640000F7470001630A00018CFA0001A9C1000ED9750001F5C00000B1A90001F3FB0001285C00041B200003FA29000177EF000153180001576E0000C959000362A70000F9A60000CE910000F4D70000DA93000296890000CFA60000F9010001C2D400035C970004D5E30001FE030000CC8A0000E8B2000315EF00026B1E0004B76900025A4F0004DC5A0001B5E70004B05F0006F6B700018923000DC5530003F5500012C6460005E30F00010ED10001AD9000015AB600014E92000122B50004DDAB0012F29B0001682900012F3E000238D100019A0100042473000163890006893800009000000130B10003ECD90002E1A30000DAE60002A1C50001872A00025606001382310000F53E0000FECB00022AA500016DF30001FB2700128DE70001D18100022BF9000135790002B4A50006F85F0003B70B00017E97000160890001A41200010ED7000323E80012A89300014C6500011451000245450003B1C10007048A00048F770001624A0001ACE100024C3A0003A66D0000CDCA00019331000631DA0001DEE3000164120005084600057556000338BD0001B15C0001C1690001B4FA0001789D0003FC180001C8090003426A00012D800006D67D001273A300018BE90001DDB5000151D90001BBD200045220000235BF0001B7AE0001536400038B5B0003DFBA0000BDD30000D81D0001DAC5000232FE0002C18A0001FACC000270370002076F0003D84500025136000176190000FFDF0002361A00036FF70006BD310000C13D000163BB00025E0F00031DD7000B219B0001671C000182AF00020B6A00026A590001966700031BF3000AA5A3000235E30001C44A0000AFB200012B5700035701000198FA0001F58F0001D1D1000123790001BC540001FE4C00067A250009E12900068D340001246700072E0000015403000597110001DB4800014DFC0002642B00035F30000241BF0001544D00009FE700019EF70008297D0005F74A000289050004DEAE0001B8C50001427700012A7900029A970012778D00080A0100032B850001B6570002AC960001643E0003526F0006D644000196A40000F7100000D74D000883B30001E93D0005AF5C000571BB0001F47B00127ACB000163230008BE8F0000FAD30004CD7700017F3700021B7B0000FF0A0002543D0002D0550001E2B9000329130012136D0005CAE300011FF50001105F00016DAD000173790002B34E0001F2D2000211C600017A350002EABC000159EB000242E500042E0D000991630004637600027B9A00012AAF0002E6440004663B00010C430001FE5500017DBB0000FDB1000165900001C8810001C0F400016304000158230001DCF00004B33B00012D420001729D000468DF0002A91D00023F08000146B20000EF810007B513000126C4000695FD0008C08D000256FC000164F90002D7330002261100017D740007D92000016C4500015D9D0002AF8F000C60190001F5030003510400011A7C00080B670002D7D300015FE00012999A00012074000283970003A576000148D3000274FD00029DE7000393FA000262BF0000F0BF0012AA070000F14E00016C230001D414000237B6000809D400019A04000329C400129B860001FA530001A2BC0000D6060007C98B0003D2B900031AE0000266C10001209700017C1A0000DF0E0005D1870003B3350000F5BA00014D490003F3A40012BDC2000286A30002BFF40001FEF30000DF070001C4540000ECB0,5120
73,0020001000,5,00018931001041DB0006171200019DC10002E50200011B930001957200013BE30001DC4500046A0500011E4300049E5000024127000244730002FF0C0001871D0003BA380001A109000221670001B44C00023F910001E44800013F8D000178D000028A010001A40F0004D63B0001EC670000CFE000010A310002C21800020B77000165350004930B0000CE480001C3520001F962000D5D4800034DC00002516500013C0500028DF10001BB110006C125000135B5000150FF0002035D0002AAAA0001921100030EA80001D7EB000458070004675B0001EEF90002D9B3000267C50001B6250002990F00019BC10002086F0004BE2F0000D1550000D62E00024699000166B3000DF9F50003CBE60001F8A70006391D00071A300001C88C00048206000A01500012A649000380880001DE0A0001632E0002BB4C0005AFB50012A10E00020EFE0000EC480000B0000003F9B100061B7F000110E200016CD30003330D0002A4270001E84F0000CA8E000188B80001720700011A40000130160002489D0001466F0000DBFD00021427000270C90002A09F0001C3AB000639040003C53D0004396800021A1B000188800001229A0002C0FB00027EDB0000E8970002F19C000112910001B640000125590002492500019A830002C9C900016A81000347230001BEFB0012CA120000F7D10002C34B00023A5D000D70F400049282000B1AD100011AE30003CF510002E6190000C5C00006912B0003D53500014BD70001BD39000731560004829F0005FEB50001FD970003C35000010FCD0002ED140001E7750001C225000146840001B9B20002D5E40001ACD90001A647000508790001C1540002431F0004B43600020CF000016D2100014175000DB0B80001647F000217280003581A0003D537000220870002E2C7000217E50010D74A0003DE15000701330001FC650001A033000360DB0001D6360000FC98000233CC00057DAB0002458600014BC500082677000210D300035F5500011AEF00027A7B00013368000154AF000236D70001F73F0001F05E00017AB20001482C000801770001D4C90002CB12000917BE000275F5000280AB00019B0A000190FB00011B53000143750002B4770001D4110006A34400038C4B000123F9000153A0000A45B60001D1F0000311C700026E740001915E000155140002EE600002D4C3000204F30000DA5D00010FCB0005A80C000A40EF00016C2D00058B5B000268580007C45E000112C700012CFE0006FDE700014DD0000882A8000878800003D4EF0001AD840001403200028D34000466CD0001322B000243B90007977100012FB000134AE3000410C400097D6A000235A20012ED570001479600013E900000F70500019D4F000176F90004D66900014F680002FAC5000150A60001D2460000FB780002C2C300016D0C0004BE99000193430003997800032451000DA4380001898800062CF300078D8B0001C45B00012CB20002713C00072BE600052ACC0001E1F00004DC0C000298D800027B8D0005417E00030155000121800005C8BB000212600001BF300002B5F40000FBB200061341000114F300034343000117D90000CFD0001381230002B5F60005C0460001870D001307DF000360BB000195260002D6030003AE240002DF5E0003B3E80002CAFF000F397600024BC70002854D000281EE00023159000190AF000503320007A27F00036E61000216610000E2220003553200015A150001788500014E730001CF7B000230880000C646000128A00001664900020A6600011859000F717B0001318200075D490001C8180000C0B60003E44000071ACF00020A590000F0A80001EDA60000FEB10002267F0008B34F000247B00001B231000592920001274300024EF30002063D00068B02000234AD0000E2DD0012262A00017551000137AF00021E73000281A5000353360003ADB6000117CF000193F90001B1C1000355BF00010E4A0001C6860001015B00042BCE0001C5EB000119DA00018AE4000238B000012A0C000349200000FD4300016E1F00021E9E00064E7300030AC20001AC710003ABE500010A890002A67D000242F7000194430001DB1F0005094B0001283700070D0200026BC900021FDD00041F3900028C2500019F2F00011A970003401F00013051000155570002C6A80003674500010650000B48850003C7990000FCF2000255DA0000E25E0002E0B80002519B00015214000107BF0002C43F000203B10002BB950005B34F000164E200017EF80001810000019163000238240003A077000264940012F0990002BD7D0003F3A10003B6E70001608B000173150001BEA6000339770012F21100026FA8000423AA000500300006B8DE0002B2A4000167DF000194440003E0C50001D4D6000146E700015B680001AAEE000162720005A3E50001F1860012AB30000254C400030DFC0001148D00059924000229CF00011CA70000E9AE0002A48B00013EE70002AA65000158AC0000E10B0001563C00016923000106F20004455A00013A090003460D00047F2B00013F3900019D170005E5F500011EE40002511F000253610002BFAE000396180000BD77000101610002F98D0001BE95000102160001C85900014C5700049C030001E1F6000108D600035461000184DE00014A2D000165860001F30E0000C0810000B445000915D100019DD200013A47000C28870002BD14000615D1000394A2000224D30001E2EE00014E52000228D1001307F20001C3D20003DD11000179150002669C000111E300047F1F00029AD60000EDBD000230D00001F31800083E5A0013347A00011B4C00017B090000DE1B00010F180000CF700001E12200010630000102EE0001962B000B541A0000F7800011EF9F0003DFF1000218830002DF6B000FD92F0002FA67000D83090001BE5F0001676100028F7B0000D0520009763300110F350000CC940002309B0000E5B500013CC3000135C5000482630000DB850001823A0003BAE0000288790000C34F0012C32000076BB9000252870007A905000482AD0000D5C70001809F000393E50001F72A00030CBA0002E8E30002EF64000260220002546D000118F200019C5500121EFA0001122900011A6B0002B0A70000FE1D00025C920004942A000192E30001F1870002749D0002DA040001F7CB0001DB5500014AA50001B437000115CC0001ED0A0000E7940003046C00031B41000FF6D50003E283000ACE89000108F80003873A0001E61D0005E20D00055807000137110001E43E00015A8B00079F4D0000CEE800023D7700047AC7000259A900025DB10001375100017D21000141A80000B5FC0000EC530002CE7F0007A0E000017657000194E60002DA13000250F60001EE040002241D0000F9830005FCF10002215A0001BD550001D6A90001BEF400019CDA00050E4C000567BD0001B8E00001E70E00014B530001732D0000B7A60000E0B300017B92000155EF00028352000196A60001C2840004BBF900014DD5000209EB00012E9500019D5D00019ECE0006D70E000135D90001C30700023AF70002269D0000F6AF0000D37B00014EEB000112090002B151000159770003F3100002056A0002C98C00020BCF00024A82000269FB0000F4B2000C83AC0001F5360001F603000591CB00036C7B000140650000DEC70001B05500019224000141800012BB3A00012F7A0001EE2200037BF6000156270007D3F700016C2800054921000437AD00020EB20004F2CF00014A3D0001A887000210C50000EF5B000432170012BDBC000395660001BD8F000174E700075CA100035DA7000120C500034C55000140660002C8150007DB7A0004C1130001B136000531FE000575070000C6C00001B4D20000FECD0001A9C10002081B000360E90001B917000156500001EEC00002E0E8000678D7000164B40003052F00019F7A00017C72000406F50001D60C0001A23D00058AE00002DDBC0004351000019B270003AB5F000184ED000166F3000AEFA5000131220001920900012B9E00024BF90005892F000409790001600A00012E9A0002E79F0004990F00013E5000019FD5000226EE0007AC75000119AE0012A1A10000DBF200011EB30000DFD200020EB60003A5720007000A00011B410000BC1700063E7B00014F940002F9BF000139AD000153320002A62B00045ABD0012FA190004B86F00019D8F0004A39300013B1C00015ED500010FFD0006572D0004D3270003121600013D3900014E4D0003DD110001AB430003196F000A3FEA0001373200078C2F0000D06E00010FE00000F2960000BFC30002A73E0000D64C000156DF00062489000134E6000672450001242400019F6900023074000140940001AB7F0000EC490003B52F000346A200015D1C00012F07000168FB000127470000EC460002B0C9000342240004F4D500037ABF0002F2E50000BF2A0001989F000259F90002E8D10001BE14000225550006EBA900010ACB0000E34800019C5D0002B67B000249FB0001097F000177310003C4FC0001AB5D000143DC0001D89B0002682900084BC500014DDF0002947A0004F2610008179A000278390001474F00048E1D0003DB590001A5B900014047000197D10000CF79000797D90002D4D5001337F300015A30000334670000DFEF000653030004624F0001D14F00027B3B0001B9E50002BC5B0006552F0002A60C0001267D00013249000136A600026254000301ED000184EF00016E420001EE34000411BF000205250005A61500010FF400018B81000231FD0000B26400055B340011671B0001789A0004F66D00041E21000323620003C33D000109450001160D0001CF480001131E00026A6F000115C70002A9750005C87800060A9900018CC00000BF6500046E190004D55C000216730002AB8F0001737E0002B5CD00022FE40004283A0000D48D000111330002816D00011AA50001014900014B8B0000900A000219010001702400013A9D00014C9A0012BF330000CB2F00045A220001F68C0003D0050001F3150001A54F000309700002587900014CCF0006ECFF00021F07000242C70001978C000325710000C0170000ECF7000574070001D4DF00031CA60002950F00019E390008AD200001567F00116736000137220002CE290001127D00035293000124E10001593D0001AE590012A1FD000227240002FD260001027A0005969600016625000216870000E7E10012B2F8000310B70001FBD2000294DC0002D005000267CB0002AC640001B10300127B750000FFCC0002E36200084C1F00012F840005CEAF00013D91000186320001E8C00002AD320001384400017D8B000261700000DCED0004CAAA0001B0CC0001C8C2000265CF0004393900032EE9000262E2000122370001A0F200012C2D00024B290000C6B9000195010001B6D50003430F000132E300021E0D000252040012E3000001343F000601A900029C9B00016B770000FEB600019B6A0001B0290001B7AA0002063B0000EAF700037237001252B800015BFF000354800001FF2A0000FC350006C245000310A50001D370000140C600053E430003FF4900019C390001E58300029DEB00016B250001561C0011D021000266EF0000F3EB0006910C0001E0AF00014A250002ED510002265C00023FCB0004DE3E00014CD6000257550003B3E30004C4C90001C4FB000137360001AD8400025F70000216E90001CC430012D9B90003006F0000ED0B00014A590002E6050000D3800002D0350003FC55000320BD00012CE10001D58F00038485000340AB0006CDC3000673320000C0EA0000F2C0000939170003F522000225110001D674000573F9000271AC0004AB230012C0F5000154740001FE010001699F0007BCE90000EEAD00017C9E000203D300032DDF0000DFFF000AA23B000154C700016279000266F200024E910006360500021BF50002A5370002991B00018EF800060A31000156B30001F4230008B46300021BFC000407CB0001DE1E0000D38000019E0B00047886000266F10000E515000109E60001125F0002248900010C26000AC3560000B067000147E90003884300018F2B000135990000A9CB000182440002371C00029EE2000207A700037594000200D90002ADD70006BD270002B6A300017BD10004997E0002683E00050CC1000143CD0001683B0001C95700027CF0000679B800010595000542DF0001B6820001537A00012F8B0001A0D30000FF5C0005FCE400023BD0000269730000CF060001867D00011FA60005F32C0001C1FF000108F50000D10B00043077000178DE00020E2A0003E28B000289A7000121C000081DBB00034B9C0000F4CB00014E430012E7780000F941000163C2000115250003014D000186C4000BF950000157310001DF790001FD840000DF76000141C90003BB70000664C50002AD2D0002BCC50001E0150003EA2600014E000001AB4A000BEF730000C55A000185AB00077EF9000100F4000303EB000151A40001D2060002448B00071FE8000206500000EE5B0011EFE5000285F800010F98000662600002267300068DC80010C551000178C6000427D50006C4630001A613000624760001D1730002911C00020DDE00021E830012FCAD00015BFD00020BA9000163A90001F620000132790002812D0000EB1F000122830001DAAD000486DA0001B5380002C0EE0001B2040003A33E0000F4F2000261380000D6240008AA010002C2C40000AFDF0000DF520001E03E000090000001329C00026185000402AB0002FAFB000717070001366C000275460000CCE3000171A200018F77000357D000027AF300036BE600010625000B407B00010F0600015F030000E33E0002BA850004FCBE00031F9300012CB1000236E80002E21E00029BAE000137DD0000DEC90001850A000A4091000172510002A294000182AF00128EFF0001A47E0005FDB400024F3E0001D2B60002E6000002CB02000268B000033FE90005777E0001686A0000F02A0000D7CD0002AACF000CD75F0000F5E1000102AD0003D9110001203B0003330C001322DD0001D9C000014AB80001B4C70000D80B0001F927000207A500013BAA0002EC370001AED5000377630007BE65000265610001CB040000D81C0006F7560002C4A00007179D00027E02000263160003CF1A00014C3F00017FF300010BA5000348A000073D4300054437,5120
74,0020001000,5,0001764100017E1700010BD10001934F00040FD9000254EB000122F000012F550001C0C3000385F1000255E400026999000185D9000102070001CF0C0000F769000108AA0006A5E900020503000172DA00075C560001AA8C0002FA9500020B7C00016C2A0002A94E0000E0AC00017C5F0001F01600028B0E0002248D00026E3800027C410000AF7B0001DD4100128C3E0001BC990004E3300006DB4F0001F837000278A40000FC1500012EB900034004000248420004D48F0001B6E60002F7370000BFC10001351C0003D0730004D859000262650001856F0001B632000329C90001B2C000014BEB000131B70004932B000282C000013F6B0000DD92000197570002A9A70001FB0800022C0D0000F8D500010FDC0008FF610004144B0000B0070004485300023D6D00029CF10001BC8D000312410000A50B00010C5D0003DE01000141A6001179AF0003949300013DA80001164800015F4E0003189F00022F4800015CBD0000D0600004B4FC00122C700001FF4100035F97000925AB000182DA0001995200119CDE00035E0300016399000245650011D4910001D4E100024D3F00077E8500036029000198CA0001E4D30003A8B10003A8C30000E35400013AA50000C0CD0001D66C0001C02C000231C30000FF180010F842000407B70001498D00017D300001434500016C40001267CC00015CCA0011E2D50004BBED000EC27F000128980001A3B700012659000137FA0001CC3700015DD60000C41E0003133B0005AA7D000510A30002022F000687E20002EABF0002E02100011B74000C2FE90002A48D0001DB440000C1CB0000C2FF0003A4F10000E0BC0001AEB400031A8F0004A360000339EB00024FCA0000D400000170DE000A449B00017D57000666EE0003777C000216980005D4980002666000021C5400018EF70002241300016A2F0001F93900011AFB0005DD1E0003056F0006BD1F000250B2000120B00008127C0004CEA3001170CB0001A0A30002401D000F41440011A28D0000EF3D000A746E0001A7CC0010C51500093F7B000272FC0000EB440000A8DE00015ED90009E360000779DB00028B0400021369000560A000028B78001186E1000BF3D70001DE620001ADE6000139A90007AB7C000A13760003D4740003C09B0000FE7200022D7C00018DBB001159BC000194560003886A0000FBB50001C60E000219380003BA6E0000E0100002884D000137F00008A9BC000236A2000174900001EFD5000143D40003321F000148C10005F3310004E275000131F3000112C600076582000162400001A8BB000F982700014DF70001E780000845A200020E2B0002C3E300030C8D0003B79D000107040007818A000167AE000320790001C821000183BE00024DFA0001A2600001BFF6000BCD5C0005AC200001B6E5001110470000F496000152830001082B0001DD850000ECE90002674A0001BEDC00021EEE00037E10000A07A40002A0040001BE4600011B2D00049A0900013B300001A168000562390001509D0000DDAE000222690003F4E400082D2E0002CB670001589E000192B5000265EB0001C73E000E4251000128CD0000E8DB00015CFC00043C3B000391060002280F000111FA0000EEE10011601200011ADD0001A2DF0011A457000307340001FC890003C7320003263100064A37000181A300093C0300013F790004813A0002A8D000015A4500015923000244F2000123FF00015A010001F0220004110B000246FC0001409C0002076000017CF700050F9A00036AC400025041000174EA0001FC190002A7AD0001C4EA00011292000F5E6B0000DDA90011B3B2000104F90001C1FD0002F4680003AB590001F2A200015E020001155400054B4300051930000896FA00018BB3000284D20000FF21000123550000C560000122310000AEA8000147FF00019AC6000958CC000260B700010D2E0000E9EE0001C4A40000E958000198670001865A0001CE0A00012BB600016CDD0000FA84000207E100014B0C0001FEC300011C780000DDD70002ACB00002B4A9000266F4000B934E0000F0810001064F0001746F000F02E80000C0080010CF6F0001859F000245370000EFC20002CEC900032D9A00113FA400047A810001BD150001CB410001A20C000149A500065E640003F87000015779000115BA0003925F0009D1DE00014DB90001975A00035756000119A30001F60100057C6E00014F9E000115D5000107CF000139C7000331E400023CC60011473E000122D4000236A200016D30000468DB0002E9E0000585AD0004A69D001135CC00013E4D000E29E50006A188000280D9000381A6000120AB0007C45700017C270003C594000123D5000282C300017B82000C476300012D7600029FD900017D72000114A00001E9180001A0A600034793000411DA0001C7D00001714400026E8D000129000000B93A0005052700083368000137D600022BD7000186D60002126B00013E35000475FF00016CEE0001F6900002158F00023D0D00016C8F00016A130002FF7F0001270F0000DD7D0001B2F600021FC30002A674000A746B0003C19F00024FAA0003563D0002F3A1000120770001B10F000104D60001C44F0001F36000096938001219450000FA140001A9610000DB6500015CF80004E67D00026FAB00093170000DA5E3000117860001B6290000E1E50010EBEE00047B0F0000C0F900022A4F00012C320000F162000423DC0005F57F000434AA000297FD000182E0000370F60008783B0001387A0002BE460001A4FD00014269000118B60000E5270000CD4F00016FF100020EC5000327DB0009B2310000D6BF0001C9030008AE000000EFB60010DE45000141AC0005983C0004850F00016A1A0001A1CF00113C960001762D0001A3FE00013AA5000254820000B06800094A3300023E650002F41F0004DD460002944000010EF300029134000816FB000406310001C124000206CF0000A05F00011F9B000EEA790001F81A0001BF4A0010460A000AD04900018F6200015FA00008579700014AEF0004DF260000BEF7000316380002EEB800029E72001166930001BC3A000B99550002CCA100027C590001348E000394FD0003B9AB0000C2C1000557740002107C0001426F00012DE80003DB62000BAE4700017F8F0003A2E90001BD770000DBC100115A3F0000C5CC0002ECF20001ACA90002F3430001B222001243DE0005E3A6000158B000012AA6000377DD00010B01000167700001D862000229A40000E8870000EFAD0000ACE700122F9600010C09001162B20001222400014AEE00030CDD00011F470001327A0002100F000122120001B7BF000159DE0001B235000641C0000295D60001A4AC0001FF9B0000F40100009FFA000286EF0001BE25000140520010BD59000603230002B24B0000FFCF0001270F0000E355000301010002A73400117A8F00013365000E7919000123F50003FD750001D59B00019A78000197B500115E020001626D00028F500000EFAD000197B2000204F20002BA0C000268680001F2380001B3080002317D0002722300016ED50001D0DB0001609F0002005B0001BAB40003468A0001B608000304B50000F5AD00016593000490E20001AB120004878700010DD200040F300001A3B200013A5D001091C0000323FF0001C4CB00033C5D000448F100027044000214C80001A1FC0001B1BB000277880001122500017BD400014BF60003BC67000212ED0010AC890001257A000A368500072043001177A40001B36F00014D1F00053655001108400002B9460002651F0002981D000371F80001A8E50001F68A0002CCC3000148E40001F0C50002ED0800034E93000541140002B37D00013996000237640002A37700043B20000203FF0000E0300001D3FD0001730A000548F50000D1C400116BF700056419000250830001B2110007A47B00025BB70000AA1000038DC20002606E0001B02F000100BA000566AD0002881500019441001163D700018A6C0001B6420005951C0001CB7E000216AE0003A7A10001240A0004A5DD00087F4D00012B06000375DB0001C2EB0004ABFE000FD25B000332C30004B15D0001ADC90002DF870002C6C00002F52E000476C90000D9250001C66800018856000270D7000100C500046C310002E96D0001709D00052932000A21E900014A100003EB480002E5BA000377BB00010FC9000B7440000116A40003C3E40001878300017B8A00117ED700026987000296740006651600011239000CEC370000D0380006649E00113A5F0002CDC90001CE370000D23B001184EE000457AA000140BE00027A26001128BD000133320002AD30000184C20011B4FA00019DD60002747800030C0B00020B470004A20C0002EC7000013E850003AD8900026D7B000219F2000210FC00013E500002987800077A150002246500030C580002813C000377DB0003FF000001A6B30001C6E700027F840000FD5D0007CC4E00016F040002A221000A72D30001584F000A6EF800013257000109E80001727C00041DCF000317F70000D9F8001179C20001638700075E030009923E000DC02800027A30000136F100021D16000DC5E30001432C0011A639000188D8000164D7000299DB0000EF21000C0E93001156C900060F8F0001E1670000BE9100013BA90000E4C70001545300028E2F000215E300052FD1000DF9DF00012B810001CD610001390D000254420002CB070001C53800056F990004838E0002B91B00017D3000031603000369F900050081000135440001837700089EAD0002C3DC00017341000387450000BFAD000105360011421B0008AFCF0000FCF1000BD1E9001165030003C8830001CCD80001C97A00116A410003CB2B0002FE930003B6990003ECE20001A1E10002BAFD000189EB000289350001921000094856000D3CF00003A2D300058CAD00017D3B00031085001172A600032FCF0003DCC600019DEF00014693000376980002AE610002C0090001F19E0000BA0E0001AE530002D6610004D3E00001907F000140C90001D6930001F1970001208A0002C8CE00032AF90002246C00018C820001D0AB000158060006FCD30002FFB3000AC0E90001003E0002B1100000DE1D00015593000173A400115E0D00025AF100020E230001871F0002AA6F0002664500011900000238FF00027A040001113A000103930001C24E0002C58E0002F4D0000306000000EB98000126A70001F6E400014E8200012AE7000188130001A2BB0005AA12000396A500112EC10003C0C90004D8EA00018F720001A7B1000191F60002901D000AE00D0001CA4D000202B40011F2500001506F0001544E000319DB00012E1A0004C71000015A850002317200014D1D00012B9C0001608D0002FFFB00024F51000AB5EA0002314D000681ED0001E984000165B40011980B00010DD200061709000325310001752400030D850005A3D000016C01000123190008A9CF000399CF0001367F000156540005C72D0001A1A00002C74B0003AF440001CB190002CF26000374230002B1F1000123310011E2B300019F4B000F52910003FAFC000148430001476B0001668E0001D9D7000117930001532C0001C045000147110003BD4F00011D2E0011438F00032D9D000F29DB0002714D00030EED000554F50001000B0002F5A10003239100067DBA0003515E0001585C00025612000650D100014A8700020C0D000107D40001B28000022EBC000545F60001321C00020A440001362B00019EC90001F204000E1893000551EB0010F6A90007247F0004A47A0001B9FC00020AC90000FC42000AB3D00011CE970001E04C000364AB00013EF10009156300019AAC00012EDC0002ACEC00013AAC000CD2860002000A000108D2000213EF0005BCB10001BAF7000335720006166200027BC60011A42A0002CF6E0002359A0001E5F70003158300009FD600056367000364C60002A64E00035B870003ED8400022397000478540000E492001028A2000161F7000115840003135F0000E588000427B40004E34C00024E5D0005EB4B000264F200023EC6000113A60001C1D4000165C7000213B8000163500002D1A5000140420004B58900022873000156860007DBBF000809730001521A0000EE12000168CE0001D44F0002FE130003986D00065A880001C9E00002FF660000A77F0001F3320002870B000178F000021B50000499140011612D00013854000121450009F579000268C40006A9D7000160C8000309670000D9FD0004B4FF000176EC0004394100014C0F00113BF00001514E0009E1AE0001A21E00010CF00001EAAD000135250002A19A00022D400012348C00016A990002CEA70001FC5400056ACF000260810008C31C0000E10B0002A83D00013CAC0001391A000385420001B2F60001A8C80003A1FE0001DA9000014F3A0002BC7A000409250001F05C0001C6CA000EF7ED0000EAB10002375200016FBF0000C22F00049BA80001123C000E6BE300023D9F0004CE4A000673080000E1DF0000C39B00115D7E0002EC0000050F87000A047700012E2F000233EB00011B7900027B3900012F6C0001DFE300027D890002BF390003780D0001A83A0004DCE800016221000249A90000D9A10003BECB0001722300011AEB000552C60004DE5100018ACE0003175100116A1600061181000194340001B15C000DCE0900125B8C000165D000116B9E00020B3500014E380003D2E40000A0040000BF850001DDAF0002948F0000FE2E0005DA51000081660002A36200036E8C0001B3380001C31E0006D14D0011403A00068481000298D40004ABC00001B3B800013C6C00016EE900024BBC000137CA00020ACB0002303E0001D0C90007F7F500011BDC0001D1E1000431AF001147940003BA10000303810000EFA500011C2E00020AEA0001A596000241B600014E0A0003CBE50002DF96000F58450001B01D0001749300015BDA000206AE00015A600001A76A0004425B001097630001E8E60003C35A00028CAB000125FB000204CB00019FA400020CDB0003343700017F1A00034815000818A8000B5A5700018DEC000127A3000160FC000142990001BAE00001C03A00015DBD00043767000198660001B7120001B8A80003EFF500010FEC0001885B0002252A0000BF670008B2070001C6F90001DF070002D6A4000128E80000C34400061D98,5120
75,0020001000,5,00029FDB00042E3D0001BBF80000FF9D00014B55000228260000F80100032DE6000785C9000CDF4B0001EF340003C4EF0002BD160001A6B70002CECC000A6E710001F91E000796D8000335F400019A39000184240001901100017F6D000ACF2C000346920000C1F500016F55000106010001CD650000BFC800015A4200028B000008502E00012D820003024B00017913000266AD00015EDC000187720001F75F0002D152000A57E900089891000207220004B70B0000D3E30002B72D0001945C0000D28C0004710E0001674F000518DD0003001400123E180001331D000A51590000B030000143FF00025EB600011C5F000240A80002A70D00017984000231850001AB63000138E400015E5B00013AA70000BE39000129800004F8E500025FCA0001336A0001FB2D00012DEF000B519A0005C3BB0003EA62000197B8000103EF0003110B00032FB3000116810007A3080000D0790001896C000110FF000A868400040A5100022C920003BB1F00019C6D0005186D0002DB740001FA3000011D2900038C9F00021191000203DB00014F310005D4BB000459CD000137910001722900035CD300070BD700018B0B0002B2760000C01D0011E75F0001FEF000014867000295F50001A6B900115C0E0000D18500011B9A000240D0000199B60002AECD0001056D0001C0C7000294FB0002274A0009ACF200020BC7000350A20001C04400014CAB001152F90000F43700038BE3000196D100013841000148610001355C00017A5F0000CDA8000679330002181D00029A67000406760001ECEC00058D9C00033E93000254F00002802D00021F3B0003B87600121CD60002245F0003C4790001660E0000C1DD0001D0690002D07800044C7B00012A950001B4BD00077C3500013EB00001AA0F0000B1A200017ECC0001AC120004BE950003DDEF00014B0F00035BA5000234A5000171DB0004132500020F110005971F0001007F00012B920001975D0011C3C00005B172000824520001A53200037A6C00019D0100028AFC0002442D00012F8F0000E61F0005A7FA000180480001E52E0002735F000207A00003870F00067A25000119430001215A000105B10005AB940001D84C00022E8C0001846F00016B29000155D90002DF450002C6DC0001EC29000F766E0001F7960001B44500009E0F00057C4B0005E9590000D32F00045FCC000397D5000A085B00017AF9000253DE0000C1AC000B53770001AEA70003D1EE000607200001E7C3000108330001ADB60000B33D0001215200023E5E000250F90001FEED000228890004FA120002B7DD0001731600037EE1000A340E000F7CB400016AD9000165B500011AB20002AE070004F2490006F00A0001AFEF0001F3F600033A190002F98B000240CB00056ACE00017970000412D600022E47000195B00002BBCA000DE006000178070011B4570002AEA20002B6EF0001076200016D9300013A7100062B280001CCA400119E3E00025D430000F7F2000208C300015E080001351D000526360001F3B10011C5BC00013E3C0000D022000F35BE000AA6930006649800014C3E000346830001CE4400025DB00000BE7E0000FF0800012D8D0000D270000404350004C93D0011C79400011FB50008C63D000131E90001E703000157DD000648070000C7B100016C0F000177C80007253D00043C6000025C05000857DF0001E3C400016FD40001275B0000B02D0002B76D00090351000118BA0000F8CD00018BEA0005CA270003A6B50001F664000878CB00024EB30001D97E0002BEF10003C0DD000145600004C8150000DE78000307B2000198CE000759AD0001B7F60001D2A5000544170002059F0004BD29000259C7000546490004870000011386000263950003E0F2000155B30001B0D800021E51000179A50002D1200001103D0001DCDF00023A4500118D490006D5B90002FA290005D331000B086300015E4000038157000208A90000E9F1000370C700011E400001721700021175000176390000EC4B000147B700033D6B000133F10001DEE5000128E00003F9EC0001469100070DC900032C0800032F6500017CA7000A924700027B3F000DC4C100010D380000F0A900016B7A00033BCB0000C8A9000156330001147700064AEA000290B40001085A00022BDF0008BF5900031150000211D9000128DD0001B3E400019BFF0000FFF30001B8B500015AB90002A4B800017B4D000360B20003A9F80001E103000148780000C0560001F8F800038AFA00019E0A0007A6A8000382E70001EDA7000445100000DEF10011A88B00021C110001642F0006AA4D0004A0BB0002D86800083E3E00015B740003FEAC0001E4530001183500016E1C000288EC000245160000E14C0001261500116E18000157CA000D7B550000BFE700023B9B0001C43A00050EC90001CEBB000258EB000225E700046AE90001719800097DFB0001702800016D730001000D0001D0CD00011A0A000152DD0001E3000001E70900015D81000C64F40004F2DA0001200F00011A4900095BAD0002A379000145DB0001648500015EBB0000EF96000280DA0001149B000203010002406A0001AC5500017140000237660003957D000234F10002415B000122EE00029CC6000327010001565E0003C0090000E0AF00016A0E00010B78000638C8000112DC0008A0890001C0230000D26D0001A9000000FAEA000371CF0008DC3900021BA0000224D6000296F7000D500400089E820000F7430000B35A0000F5890002743B000274470000F81B0003664B0006718A000232B2000320310010979D0003828500011E9B0006780B0005DA1B0001596700020F2B000117D100109C3E0000FF610001C3C0000217B60001A178000331E8000267CF0001491C00012FA70001CAAF0007F1070001569C00017851000235A300025CEB0006313D0001D83B000213030000F0A20000E94A00014F990001084900011CB2000D82DB00030DF300014F8C0011B4F30007DEF50001053A00014EF60000E0570000F9EB00029DB60004E0AD000A661900026C73000125DA0003B3E10001430200038A3500022D1B0000E0B90002DCFF0001C02E0001ED000001C83500029B150000EEFA0001B8490001987A000267CE00040DC00002287E00015D7200013EC90002421E0001B2A0000149C9000150B10002050A0002C8310000E107001033DF00042DFA0000E37B000752A5000187E60003310600097A1B0001B50F00019135000875250006FD2800028ECB000184C00005EDB3000EBF5C0000E5430001876C00024E5D0001476700013D910001CE2F000120740000BA050000FDA100014F640002A08100022B7F0000ECF1000294DF000466920001FE1E0001E88D000251E00003EC450002219C000175B20003626400013310000528180004F7310001C06000026DCF00100D14000305150007FED7000405AB0001102B00025DF3001166660002F0E10001B24D000240DB00013FD50004100B0001A13F000287670005C6690002CF4B00010207000813F30011C4F20002E13700012B2000014D360003504900041A2B000179C400015A350002209F0002EAF300046E8800028E480002758F00019567000143A30001315D00064224000163BB000187BC0001F5310009543D000662E900041C370001BBCB000135ED00019862000521E1000181AC0000F0A70008DCA10005E41100019A59000188430002BECB0001EAB0000260E900018113000379B80001B7210000EEAB00011E110006AE7B0001B425000135C60000EF9A0009FD240002BC8E00055843000118730001F770000214A7000271850001648A00011ADC0005060000013B5B000200300001E601000884BA0003DF3D0008C329000110A5000356F20001E7350001D54900025F82000411C30003B5C2000355510001DB7F000149F60002EB3D0004B1AD0000DDCA00038E67000487AE0002DD430003B92D000156D300029DB50011F3980001559800016B220001CD030002666200015F380001F4EF000131E6000336D10000E01E0008B97F0002400700106A870001B577000120C800013FE0000DC3D6000112100000C01B0000F9C90001985F00068A0F000ADCD6000194DA000CA07A0001E86300014735000351CA00020489000246E3000373190007207C00027EC40001745600011EA80001F19C000251CF00067D060000BF870002FEE20004474700017A2C000348450001DFF300073B5900044FCE0001018C000115C300010B3100011E7C00014F0C0001532B0001A1510000F4DA0000EE48000164F50001BC2300016F1B0005F16D0008D93B000276B000040A020000C1DB0006ECA60006058700014FFB000ECEA90009408F0001710100010070000151C60000EF720005B40200015CC70006FAF80005029A00032E82000186EB0004EE460001615800015D6C000352B50003A5080002C2E70001EBE000024D040004025C000527280001B49400056A6C00044C3E000175BA00011C8F0000DB58000127ED0002999400019C6D0006840E0001182F0001DFCD00044AE700019C28000149E6000978A1000351A30000EED200038BE000078C0D0001573200011CE500030A870001AAC200077CD70000E059000E8C9F000163E2000259850001377A0002535D00034FCB0001F3C4000122B20001BE5300023BE70002C9E00004EA1A000312B300019F8C0002990B00029724000126D900043066000280B80000BEED000620B500020ED20001588C000152060003403C000112170000C0850001E4810004CCCD00042EE3000181370002CFCB0001442600058BE4000235DF0001A08B0009030F0001B94E00028EB300014CFC0003BB0E0001E10B000132920002F3390001929D0001CB0F00031F25000350D900014A49000191290011A6C2000207180005A6370001F6740003CB1000014CD300011FE70001283C0000BFD90001D42000040EE70007672D000194E10001E6CF00029653000130FE000112B50001C87D00015835000416F70003582300023D210004A8FD000387CD0003FEB70003208F0002504F00015E0D0003D70200025E0E0006F2630002640E00015D3B000135CC000604E80001DAB1000165810006F5E90000E4FE000144ED0000E019000152BF00014CCB0007031500017E3C00012950000230C9000339240001BB200000DB3C000372120001721E000247C20003372100050D070003537A00019F71000308A80005293F00017F2600102891000097CE00032622000A035C00018A130001CE700003DA0D000640D40006D04E00032DE600033FF8000222D90001FD180001F93F000135AD0001CC170001E32700010E1F000397420001CADD0011AB9900015B07000135220002490E00075D0500023B20000203A500023181000292EB0001937500029FF5001110F40002B14500011A3500027FD60000B0670000F11900017EEA000108D9000B59370001C22000010A3900017F120001906E00119A2C000717430002C12300034F7C001191DC0002FC630002E36100049DC100027A4D000349F20002A1650002077300054F3900061C61000104070002AE8B0000CC27000164790001EA9D0001BBB20001AC6B0001E7C90001FF280002CCF60010DD7000012AF2000249CF000190B6000159840001BC1400067BC90000FDC1000250F60001D30D000680400001BDDE0004527000018AD1000250B10003308C0011C72E000321690001A763000167D1000CCCF10001785200013C910000FE0A0001289B0002CDB1000B91B0000921EB0001F71D0000F9950002EDE8000956F30000BEE100016FB1000227B900017A91001191C400042C35000291E90000E6EF000255040002C44700016E340003C98B0002B9C10000C55F0010664B0001C3D10001F70D0002791B0003D3CA0000EB62000441C30001079000041062000168CE00079A25000A0B6300016EAF0006AF550002DF0900014346000758E50000D0950002D9050006DA2C0001F26D0003EEB80003B3F400015BCD00018CA70002BE9B0001440D0003C2B10001EB940001D8200003D35100019EE30001868F000125930011B5CC00015ECC0000FCD0000434A6000364B600035BBD00094FDA00027F5A0011B64E00012FA1000252AB0002EA4B0000E0D2000153E90011D8420001118800014D110002FA000001CC010001910000013B23000148F500018CFC0002C6CC000D0D660002834D0000C44F0001FD670002683D0001CD680001D0A80005D3D20000CEC30001F60B0002ECE500010843000366630001C5390002A2610000F94600019EE000063B9B0004B6ED0000ED94000266B90000BD86000754890002851600020037000191A000015B9300026F0B0003CEAA0001854B0002024F0004891A0002DBB900034B220002A6E60006EE4600027C640002293E00033B7D00060AD70002F89000018377000184840001FB86000BCEED00019D7900010FD7000101C20002188B00008F1C000ACF8100022735000215C80007C24A0001597800014B6A0004012700063E6100021F17000360F500011251000305570005628600018C350001948500032A46000458D00000C8B3000253EE00020B1C0002298D00042D980002EA770001543A000140C90001F8000001BFFB0001B3980001ADC600039379000161C10001FBFA00062E3D0001FB4D00014CAA0001038600012E030001C81E0011938D0002D44C000250AB000943C900067272000186A00001553F00016F5700022D7D000148A00000F616000457C50002B7100002B10C0004075B0001EE2F00019A770000E3D70006EE79000149F80001B41E000296FC0001DC5E0000D9630002203F0002A7A1000148770001BD4D0004302300012FFD0003947A0004711800011CB50006A7470002E2370010605400014F8100038BA000012D0C0001D7DD000389F300015425000124560000FC5F0000BFFF00016F68000AC0430001BA0400014AF10001A5430000E1320005FD7F0001B03D0000BFCF0002890F000170F40001612000016C19000354650001748B0001DC6C00015F600002CD740004FFD700045A660000CF830001B2B7000376BB00035A82000142C10008BD710001C9C400016F6C0000E7CA00013591000167B1000506C50002022100093E5E000136DB0001137700031D1600019CDD000155D9000311B30006204D00065C85,5120
76,0020001000,5,00012725000EE9A60000D516000162D90001567500019627000130AF000422290001153400011B2B000609390005953A000680F20000E4F2000291D60000EAEB0001B9930001476E00014FC30001042C0004588000083F890001D523000508020001D90E000861BC00013DB0000141BD00027DC600017148000235490004D9EE0000B0100010DCC700025B45000B1E4E0004B26300054A3A000114BA0003D6ED00024F030003D5E900030A96000206AD000361380001F20700023F05000263590002919D0000C02D0001D88B0003332D000258C5000202270003AC0B0001D92D00007F4900024410000145A900024E81000181DB00013FF6000160F300017C610008CBCC0002FE2700021A030001888D000158530011E2B70001469300010EDE0002D88900010B380000C4640002306100019F8900048C1B0001FC790002AF900002502B0003093A000A649D0001ADCD0002AF09000222EC0000EBD40009099D0003F232001248660004258900015AA700010739000382300001C68F0002B253000710E70001E43300046231000A92850000B0CA00014F2400019D8700018A3100012D2C00025EC80002285C000800D40000CFA300035B3500070DF10002628B000117DF000166060001D3220001C9950002500B0001DB8400019F17000329EC00022BA300045C3700028FE900012DB200016B560000A00300018EC9000161050001CE4D0001194E0001E05B0001E1BB000BA2F2000D8C0A00035D4F000155BF0001ABAE00019F9700017EE500120B6C0001AC39000145BE0001A3280004E48C000159EC00020CB7000154E4000384B70001935800020EB2000286E40002312B00032ACD00055BB00000C0480000B377000103EB0002229800038C400001A8840001BDDC0000DF170001E7B600011476000307020000D0300000E3140002541900017D1E0004686D0001E412000361380001E70D000A350A000396740002CCD50000FF1E00125AA4000475C700013B720002CB1900126E8B0004F24C00027D3B0001095C0011A2F80007CE5C00015925000161B60001A9DB000541E500010D8500016B5E0007D2A5000210E30001B55F0001FE5900029ADC0003329F0011AB46000120210012860100039EDF00019E9A00015FAC0000DA310000D5B60003F9CE000114CC00011BA30000AFAB000102DB00024CE500052D5B00064A96000211E70001F7B300015D3F0001FFF800063EA30000A0070002F8C600011B6900015CBF0007732B0001E74700017009000561490002C4C10001751400010F290002644E00019E0D0001A24A00016A4300012F41000317E5000134EB00010291000CDE7B0000F43B000173FB00011CC90001355900015B3A00014ACC0001AC2F000126430001ED7B0000ED51000131D3000B951D00016F3D0001413600015467000126B500098E0F0012781C0002043600024A1800034E010012AB4F0004C0720003957F00096F3F0001DC790000D7830001865200018237000FAD0F000137A10007E8000005EC080002C71B0001442D000560BB0000EEB100013A110001F6EC0001B1C70000C8EF001245E80000F71E000171390001BAE40006BE9A0001920100012125000226AD000137BA000117D50001DBD90004F440000198810003F0BF000153230001A7B80002AABB00047EA1000266310004C18400123F24000111B40001514E0007ED6C0012559100020EFC0001A18E00014D0B0001F2520001877800023C190000D5820002C52300014FCC0001018600029BCA00019D530001AB5D0003F95B0009C80B0012503800012C4A00025BB900061B760002A58D000698FC00011ABD000167DB00020E8300045CD700011CC30001D74F00021B1D0005B4550008B1F100013EC8000229DE000340FC00018C52000193EF0002D94A0001C47500026B120000C6350005EDEB00016C2900015F9D000274A8000257340001F076000348AF00012E6900010A8900019BA7000161CF0001AB110007A4240001047B0001DB610001D93B0002564400011C63000113FD0001E2D400025FAC0003C809000727F9000829AF00126299000134230001B5E60000BFF700014A060003D7A0000C5368000124AB000181AF000688E7000A598000015EA90000FF690002A6370001586800013E1A0002C4F90000B6BF00012A6700024F5A00024C0A0000FEFF00015C16000172050011B0C40003814900017CE700027245000318B9000381F90000E11B0000ED5600022AC10002EC030001D87A0001B9B50012A014000242A30004D7BD000126330000D4870003626D0000B3E500022CB300019CD20001A0AC0002467000016BBB000114A00003E2E5000555BB000130110002A9CB0001A5C600075F8200053F3D000179410001A8CE0001D388000201460003ECA1000118CA00033429000290EE001270350004AAE1000C579F00028A1C000307CD00016B14000172040000C41D00027B320000B07E0000FA76000E7B140000F0C70004772400012F25000254B100015AB900017DCC0002D705000EA03600025C3F0011CA2F000382B300018CD3000F1D260000E79F0000F336000409FF0001ABC4000206610002A3AA0001D134000288E90001D3AF0001367D00038E260001362900060312000461BF0003ACB40001D53E0002CEE70000FA1B0000F08500040FAB00034169000129CE0001A22A0001720C000580A300010E940001189E0004CD12000584830003263A0009A5B70002DF900000C07500032A910003993000021F560002908500059DC30004C3150001773D0001BA92000286780001C2FF0000D431000217640008610C00010DA80001DBFD000301BF000292370001E423000159E7000186B30000E7BE00019D050001619B000A00A9000AFF310001805A000465F9000169A4000125D200019ACB000D49A00001242D000108980004B72D00071BD900015CFA0001D2A000026B5B0002BCE300027AF80001F3D100027ADD00070F86000166C10001D61B000599E60000CAD70005928D00027CFD0003708B0000BFFB0001D5800001796B0000F38D0001C03300031C9300018341000398710001AC200003A2F70002D3B0000149CA00018D330000B0B20001F4C100075E7B00031C2B0002718B0002559F0001BA2A001035FD000862F30002114D0001BDC700026F820001ED14000541090001641200049CEF0003CE60000188B10002D6650002E8C8000152600002FD2D000AFD4F000118070001D5530000B0D90002A2210001A3B300067105000177E7000134260001ACCC00012F9C000494180003960D0001C3C10001649D00042A3300013894000200640000F03F00013E030001E18D0002F039000146AA00063C5C0009CFE2000408630000DCF1000CE0C800033E210005B5EA0000EF330001D0AC0001A1BD00127FE4000444390000D25100014A6300058DE3000158600003BEC900035EE9001228F30000D408000217F90005BB290012585B0000FFD900036A420003E6A200124D320001686E000493770001B6DB0002BA7E000352910001428F0000D29F0000F74D0001878D0008B1C300017FE600017AB000017EDB0002D3850002A3E0001156730001C5630002924200028F6E0005EFA00001C3A5000876F00006E1A400128C0800014AAA000206640002143D00019E8C0001B5A100016D870008FEF20000CB7E00049CC70002CF53000335AC00034825000253240005B3460001C4BD0000CE340002A62F0002A9B9000693E3000176B9000258F30001235000024D6200017629000301FE0005D4490001FD78000291F20007F5C60000E0A90000C1B30000DE97000141F3000100430000D7C1000195A80001269A0009D2110001CCA30001BDA1000211C20003021E000279DD0003EE660001979300070DED0001CD37000F6DC600012AAE00020D2B0002D8B400020E58000224D70002C27C0001DEDD0012AA7000017EA10001ADEF0002146700045E1900022D9E0001B801000144EB0002F23300016713000146A30002F0AB00013F00000111BD0000F079000323CE0000E77600043DE80005C1D1000783040000F203000166F200016D95000277AD00026D6300018F0F0003D1650000F8950002C1E70001E50200024441000477210011CD860000CFB500038A770009086A000C3260000244D00000B0630004C6B400021596000117CD00016B990001840C0012E2A00000F8F3000210980001196300129699000202850002756200028E5900022E950000E1990005DF460009C1BF000B28D100091D130001CBAB0000D7E90004AFFC0001230500022E7A0001FDA90001229400020BC500048FB8000188290001CAC600043CD900018E520000F1B400039BA50007CA87000296E20001879F0012CF2400023AF800011E730002C33B0002079F0001C9DB0001C0B10003398900095B02000104AF0002C27900044D3F00038E2D000119F700051F19000168C900017C9D0002760C00061F930001D9060006540D00012B8500010C9C000723910004AEEE000158BD00060561000321F900022AEB0002AF560001764700021237000214B90000F31100016F69000390CA0002119100045F900000C4210000B0010012D15E0001F74F0003FABD0001AFB3000ED4720001FE4200016CF10002FFDB00031E3F00029A2C000244DA0000FB5F0002D81F0000AFFE00017EF500044C920000DF3E000201420001443300016B1B0001E9610000B4BD00030BB500026F9500029CB400069DAB00047D3F0001D7250003C9D7000186D200083EE7000295890004509600017750000F957800032A9B0001383500028EBD0006DCC7000309150001B22E0004C58B0000F30300011D990000DB1B00042D8A000AD0270000F1400003D811000116440001FD3B0003DF5F00035EF70000C9AB00020A0B0001C1960003A61B000A04F10001371F000134FF00032BDF0000BFB90002CBA10000E6BD0001D8BB0006283200100B7A0001DC8600013E560002077D0001BCBD000107DC0001265B00011EAF00020FB300017EAD00028FDA00013FB000018F920001A6470003BC2C0001C93D00024D1C000218C10001D34300015B00000704EC00035F2A00016A130001CD5E00024AB90000FFA60000E19500013E850001ECFD0000E055000460F90001BA8000044A3C000119FE0002658D000261C10003F88F0002799F0003AC280001052D0003F4CA0001912A000260710003061B0001BBD50012270100071E3C0001654A0003398A000271D50012542800053E1C0006B78D0007654F00024ED700016B2100035C4600040EDB0000F9400000EEFB0002169900049D16000136A1000379F30001E05B0001AB7C0001A214000376410004ABA70000DFA7000267DA0000E73D000B17A20000EECF000539430000CA7C00020D7E0000E19D00021F6A000283B300012F5D00016AAB000166500000EBD60002CD9800025B1E000665250000F7BA000233F80001C73D000561770001C4580009C7AF0002D82A0001A4450002D34A0000CFDC0002241000018F8100011E3000057B1B0000C1B100019C3D00049B1D000199490000D5850000FEF40002B24E0000DF6F0008AC98000200710000F47500034E12000190280002555500012C6A0001563700016534000180370000CE6F000306F300041A960001EA730001087D0002187A0001B5F1000B358D000167920001C8FD0001B9C5000178E30003C9610001F620000293310001EFE7000298CB000523B1000300080010454500013D660006D9B7000238BD0012DA4F0007AA8E000291B700021D2F00128F8E000330FA0000CA5B00014ED000030C730008C8420001D1510003371B0000F2BB0001807F000356A1000250FF0002C4E2000508A80001ABC700013A8400068C3B0000FAFB0000EF140001553900010B75000396A50001C352000510560001DA990001CFDE0003B7F90002450B000209680002DF460001818F0000EF160001C07700019FF9000182C1000178E70000E5E000027E4F000916220001BFA00011D55F0005ED8E0003A70B0002AC9C00120B300005373F0000CE3400023A95000189CB000371D700029A16000161FD00129D1B00018969000F18EE000200BD000F69C50001CCCB0002AE5D00059AED00025CE500014FE60001705C000429CD0001E83500072B2B00065DF10002787400013B890002A4BB0004C4D00002F10400127899000070000002719F00027526001163930002BB67000FD89700013BEB0001531E000121120001E911000346FB000351F00000F56100053739000248B500011CD300053C0C0003489D0001CE260002902C0001376C0001C442000408F00006D1BB0001808E0004A0950001E6470002BB960001A25F0001329F0004AD39000255710001AE3A0002630C00020FAF0001B098000200C500065D4D0005B4DF000EAE080001BDB60001590F00021CB300084BF100015D9600061CBD00099BE90002037C00090DF100087D430001D8D90011FCDC0001E153000283460008402E0001CDE70001851D0000D6AC00010D570002FA730000BDF50009FD1E000278C90000EC410000C0470002CEDC00023CCF00039F3A0001EBBE00051CA60002E2B20000A0030001C89500011EDE0001272300014EBE00016D0A0000E0C900014F4C00022FFF0003A71A0001303B00030A0C000797C700015E4E0000B09E0004113800024F7B000145D700010529000336130002926900047F8F000204F00003CED7000337FA00043A51000226CA000207110001DA2C000142190001BFFE0001BC3800016E4F000202AE000275A7000202380003492C0005839C0002E01F000107A7001275550000FD6F00015E4D000111C20011354C0000E452000EF4B30000EF980003A8DA0000EAF900016865000144370000DA4F0001F6100003B3BB00010F9A00033BA30001774C0001654B0001345500022371000173590009D6E900018F98000A3600000202FA0001A75E0002E4730001277F0001E2770003E3010000F39A00019B050002AD670003037800029F3700043DD90001BDFB00025E970001828F001281F500014A09000C0EBD0001659D00028DA100046405000669D500016C5F00029FEB00009E23000308F30001069F000177E50001DAF80001FC4C00014097000177F00002418100134F29000679A300017AE90001DB1D000204D6,5120
77,0020001000,5,0002C25A0000E19D0000D0100001CD720001395A0001551F000127BF00011BDB0001469C00020E950001448B000289C50000D2B000014DBF000259350001DF5200010EFE0003F3790003E7D500045FD50000E0A10000FB34000111210000F96D000287650001F8810001B03B00046D01000167E5000160580000C299000298060001A5C60001212B0000E72400010B930001AA1C00039EE200050DC600021DFE000141940003C7420001C6970000E0710000C9B10003BB030000FB550004ED7B0001F3BF0004719E000254DE000612120001598A0001BE9200014A340002BDEC0007D1BD0001318F000281B40003955F0001AAF7000164AD0001B0B6000133F20001B29200014C970002C8B80001E1D900026EC000068E9100017E7F00043BE20000E275000374A700024E0C0004A3210000FF4F000251B900039DD50002563800011AAB0000F4D000017C690000D625000513730000D49500012808000C5A170002864F00015F4600020F3A0004FAAF00013CCD0001D68000015B5B000237300002572F000110BB0006C34400009FA50002E6ED0001246600037B5F00011A8C0000EF5F0002250700015EE90000ED5500015FF100026F2F0000AF5B0001069F0000BB510002651F000197BD00041E570000FCF100048CBA00011FA30001D5CF00020792000897FD0005CA790000B6BD00016E0D0004F72C0001CEBE00018A780002B25500015C560000D4D1000185010001418900012C4F00021F6F000171D50002A8C60000B721000132660003EDE80001D3A800024F870000C60D0002A1ED000144AE00029A650001F8E600018EC1000153790002394D0002564A0008BC350001B9BB000533FF000216870001E1850001B5F50002CF150003E9E2000271F90000F439000E6C5900038C630000ED57000405EF0003C0F500019D1800032326000180850003CDDA0001E78A0001E92E000437B000031EF900070788000432320001531A00015611000168B20001421E0000F87800024C5F0000FFC00005A0FB0001FB0C000443CD0001E796000115E50001019000025C220003FB62000213F60001B1FB0004E73B0000F960000144170002103B0000FC580004088A00017A7C0001DB2900032B7800015B5400028812000111C7000179B600011A02000117F700014A500003B2BF000157A0000152520000A1170000D2CB0001B7440003E38000012E300002585B000108490001970900033F6A0006A78400026E28000300EE00027E710001D2F00000DA1B0001CEB70000D9210002A8F50002B46E0001153D000099D5000CDD2C0001456E0002FF6A0001E88D000247310001FFE9000120D30001992F0001AC910001F5780005D4D90000E0E60003F59900012193000153230001BD03000E323E00015DD40001D1B1000187550013D2D70000EA9D00057FBF0000CE000001375800015B330001CCA9000289D30001B997000125F80002DE8700013E0E001161E30005ACB8000137630001229E0001CC480005B7F000024DAA00012D9A00010DA500029620000292B90002D8030007823D0000EAE90002859100038AC500035517000177290001B3A30001B9AA00012C870001440B000196210000CF070001C4C700009FDB0001130500028E7C000325030002011D0000EE560002AAE00001578C000170430001F38000018FC1000177B10001080B00020A47000166290001157A0003D2A00001DC620000E1D20004D9320005F7930001E569000298090000B0C30003B0570002BF3C0001E2CB0001FFB10003DE910001267D0001F39E0001D5BF000399A5000568A3000194C30001296D00029F2E0002FF330002435E0002BB5D00012DB600018D10000351CF000253170000EF4E0000D48B0000AE1A0013772700020A1800021CE60000EA3B000755890000800000021A760001D8F7000154E300024BBC0001393900052E890001035900027B5F0001EE6500021FB60003564B0001584B0001C2DB0001A9410002867D000246170003D88F00021D26000190270001C8D20003EB8F00033DC5000187690000CE4000010CC100046E3A0001211D0000D2F30001FFAE0000C3B30001C21700031AEB00010A1D00019835000158150001BA1D00019D8C000555B100018613000239B7000125930002D1F80001190F0000B6B10002675B000389F1000338740000B20E00036B2B0006C684000155F2000102800000E0F70002D1F60003BDD40001A1B90004EE9E00024CAC00022B4D00014E230001D24900026D86000386400001230F0005030D000213450000BFC00001095E00010943000103FE0000CE86000102E0000090210001CD380010B71100024F74000491E300019AD90000A001000329C3000230270001EDB30003EF7B00025FB70000DBC3000535FB00027269000183050002C1D600027958000289A00001FDA4000589F9000107C00002A8B3000342FD000110AE0001DB48000277BF0000C0460000FC8B0000FF6D000531C800042D9A0003415D0001731D0001588A000191A5000541B60002F71F000125DC0001E589000339D4000590A10000DD4700046E2100011C950006D0E7000297BF0001666400028FFA000142450000B12400012B7F0003271F000441C1000B99280000B073000337450001041900019DEE0000D1C70000D72F0001FC9B000199200002E3EA0008D8DB0005629B0000EFC5000110AF0000E7FF0006AF8D0001ABA90004FC7D00025B0B00024F9700018F1100047B3F000267860006FE31000111700001108F00099F69000267B9000110FE000184B5000146DB00030B1B0006152F000160790003F6A90002562A000B1AA000035A560002194B00064E4E00140BAF00026E310008E057000376EF0001A5E50003F51300025B3900014D420001C20100055828000142CD000104830003524600030DA300044C450001DB5700032CA20003EE490006D7F400043E750013A47D0000BD750001E37100022F180003AC7E00026DBC0002C3390007159000011280000218BC0001B77F00020FE500014BA200010F4E00029B740001BA380002D7F60003786B00108AD00000BFF40003DD6900013AA80001625300010AB0000350EF0000CF6B0003AB620002ED38000373E30004FF570001B2FB000256910000DFD50001ABB20000E2C70000B3F10006C19B0003B700000613910000E40700137A440002E83800031E9F00018AC70013F0EE0000CC710003DBA90000C3FB0002AB480001A5EF000218F1000435700003AA350001360800020DC90001CCF10000C0AB000217590014752200026ED4000217700001AB990001901100016E2A0001A7F500018ACC00012AE50001D53900026B2B0004F62100034AAD0000A1D700136B6A0001A6320004FF17000281C40002A2870003909C00075A5F00013A91000151870000EA91000303C8000465410012AE1D0001B81C00014CC9000236DE000E133F0001815F000090180000ADE8000344370000DB82000200B600026177000500EA0000E2230001D0DC0000C4F1001406350000D6F700013AF70002C45300012F2D00038990000117CB0002E7A300024F4D000133F40012358B0005DF3C0001DC530004673B000141D40002953800028143000118190009AFEE000113DD000185DB0002D8D20002CBA300012CDF0002A49D0000FFEF0002DB3D0000CD6100136854000123680000AC7A00008F80000203900004A82C000336FF00019849000AE3BC0000EB5D000129620001016D0002027E00024CE600018C4D0001C4E00001CF450001977F000348710001EC670002007E00016828000224DB000119AA000235110005888700011470000242F800016D750001211F0000E54B0003432E0000ABA6000116AE0001AFC1000126DE00024E1B00024EBC000A8ECB0001E6E00000B0AD0002985300032B420001888B0002EB770001314F00010D59000173C00013934500057A1D0000BDB700013B790001F2F700024BD70002F4E70002204300021D7D00013038000690C00001C3C00001A6A90001CB450001077E0001BFFC0004AE980001400400047F250001C5E00001752B0001BE8E000436950001ECCC0000BDB00003037800050B79000175E400016D5100008FFF0003EB8300015881000FABF80000C0D600029BBF0000B8A10000FF8B0001AFDB00061CF200020D890000D2210000D4C10000E4A50003A34F00028A85000101B9000213E500022563000CBD50000286FD0002E26A00015FD60001F33F0000F61C0001323B000258690001664F0000CD780001F5870000CF9500014FC700028BBF0006D93A00010EBC000153E50001288C0002AA640003621000020FDF000204C6000270BC0001D0070002BC26000120B10004A36A0000CE960001AA70000123290004276A0001D1500001624E00012AD50003EDBE00019C710000DF150002C910000259B10004CCD00001C91700011C840000D0F00000BAD70001147E0000FA6C0001F5FC0000B78500137B5300010D820001BA700001A8C6001189930002C0C30000C161000230500000CE580000C0800002733A00024C240000CCCF000112070001CAE90001052900013B2800014D630001CD400001A7DD0003112400056E3600049A2B0002642000010EE60004EF7E0000D8EF00010D1A000F902F000182F7000279DA000216A70000F2320001BEBB00013E5D0004626700020E100000C7220009088D00046886000657070001ED4300028A5B0003D4540000D6790001006B0001991E00009006001053E2000145090000E0910005424700124621000201CE00013A410001A7BE000255670002D9E2000080030002847200013F3D00024E1C00045BF7000090150002D4690000E5D8000163B400009DC3000535C10000ED810004213500012F0E0001770F00066AF0000275340002A71C0001D5CD000818C1000254DD000735EF0001099F000112E20002050A0003D4B5000175CA0002068C00023CD100012E170002A867000E93B2000251B40002C51500035C9000013624000129C50000EED50001791B000680A4000289330006D9CF0002C4FF0001116200025048000745BD000140410002B8150002835700022F2D001230B700013B6500016AC3000386B2000120FF0001AFF1000161B900028ECF00012F550002D03600025611000248D60000BA770001345E00035C070002022F0002172F000159BE0001DF2000025A9E00020EED00016A970006DAA60003C373000242CD000327580008BA670001E07B0001CE2F0001E564000BA91A0002CC82000D4FC50001D5EE0000C0D50006087B00013D4F00027D2200025BDA0001B8DF0000C1DB000184B300075AE70001BAF800036D5B000708DA0000C0FA0000DFD50002E6370001E7A200079DF200023FF500013AF5000205DA0000D13C000790D100022B770005A935000152FA0001F9E9000139E70002851600026B740001A74800013356000139390006955F0001A1ED000097E50001EB8B0008147B0002974300067B280001CE7F0001F2210005943E0000B80F00018C5700120B140006AC8600026C3800016588000396160003595900012C6C0003FEC1000117DC00082F8C0013EC0900026864000170DA0005B2360003FE3D00033E44000264C30001BBAB0003C6A00002604A0001C91F000363730001684D000177610002EAA5000234EF00090E850000F26100086A630001ED9F0001514A00039C1600014E9A00058B6D000815DF00029571000251ED000119AD0001A5C3000267D10004DFD50003E3630001BBF000028203000519700000A1030013731900010C7C0004729C0001510E000139430000ADCB00013B51000193AC0002617B0002CDC60000D2BA0000DF29000EFE9B0001F3D9000230C30001270600016DCC000328FD0003331700019A5C00017D8B0000C42500028614000165F2000139850004ACAE0000E5F90002A6EF0002DF7A00037D920003FCFB000486A10001BDBD00012A870001DAFF000380D3001104B500023D5E0000F0190000D208000122910000F5E900037E240000D0070008A1350003E2F00000DE01000171910002BB2100041A1E0001E5530001190E00029BC70000B00F0009AA29000180A50001C71A0000F486000640C10001CB870012C8710003F8650000FB39000184450001DF3F000296690000E73C0002179A0000BEFD00055B7E000A874B0000D7750001937B000253160001FFB50004E83A0003DEF70001BC7700035B980001738D0000BB1D0004586E0001B04D0001A0F80001A6A50000FC9400015AC30001932100084E7A0001E7F00001966D00041D2500030D0B0000FD390000BEB70003785E00010F540000AFFE0000DA5100017B1D000258880007159A0000E29B000771FB0000AF840001730A000185C900015958000156A80000934E00059BE70001C8E700013CB3000298A50004226A0003B3AB0001A52D00017B6D00015542000148AB00031A3F000207CF0000908C00014BAC0003C7430002C92F0002805D0005B9050000E42E0006D349000543B6000183980002B2C8000367750002237E000191F50002559100015A5500050299000121230001229C0002A08900022ABE00035D340001156C000158860003A51400036B9F000D20830001E655000546E700033E3F000330260000C2EF000118160001E2F80001CA300005D9200000D1B0000643A900131EFE0000FB310003D40B00012ABC0001E9700001875C00013B350001699C0001302300019C0F0001E7FD00010A660001F9C80003A19F000910CC000182F30002D9810007100E0001B12E000731F500084FBC0000B84200068061000179660003831D0001242A000200BC0003D9EF00016A5F0000E8390002A36100069DA60005433B0006914D0003356600037C9A00051D0E0000F75D00017FDF0003DB540006DA120000A0A300010DC10006A2920002BF450000D2290003750A000141F70008DF8800017DBC0001632C0001165F00024AEB0001BAFD0001ADBF000128CC000FCD450004C5B200053D22000118D10000C00900014A440000F5330012B854000184AF000209020004817F0000B846000234CC0001209B00017D8B000159280001A24D000544CB000A9283000188210002303B00015EF80004CFE800015CC60000BA9200013A3A0001A9FA00072CF60001A9140003471B00030A1B,5120
78,0020001000,5,0003289800014B2800015434000208D20001F36700060B9A00013104000243890001AF6D00028061000EDCEE0003334D000111D80003B97B0000C111000299E40001503700026A9D0000BFF40012E89E0003FCF90001E8250001075E0004AE1E000148240001E8EA0006A6220004DEBD0002460C000205DC0002A1A600018D5A000402FB0001C527000244CC0002BFD9000178E000045A79000817480000EA180002F16B00037FCF0004AE3B00013AC3000897F6000223DC0000DBF90006EA0A0002614C000273F6000132590000D78F0001F28F0001C2EA0002FD100006F5790001F76E0002F2B10003DE7A00011B4B00118B7900012125000142A60002016D0002E6FB0010C536000580460000E15D0003A099000A61E50006AD9D0001F2300003976F0000DF81000349AF0001CEC80001DADF0007F2E0000122BD000990F5000228A90011C45F00034E5B0001899D0001A5AC00085F81000110B900014F2E000176650002ED2000016D010001C18A00010C790002EB6E00011C1700026A6B0002B0DC00122010000253F00001957A000221110001EF180003931D0001C8430004FF480000BF2A000D49940004C5A70001B45F0005E130000153F3000A2E0F0008E14B00029CC500042D5C0002CBCE000194610002723C0004F2DC00026C54000209870001C2480000F1BE0003D13F0004D6CF0001993800018BE60007D8A600013B9700014BB90001B6CE00072C610002779E00052148000216E60003E92A0005009F0000CD2A00047FA900026980000192CE000FD55C00030A790000BFF50001E04800030C8B00017EBE0006DBBB0003A7330000E03F000341920003F89D0001A0480004789300020ED00002E0B60001228F00047425000189F100020BBD0000DA720000D2A6000501A100050942000204920001D52000030E190003BC010001BD12000286AD00012E9F00062A3D0003679A0001ED11000144980001DD500000EA020011C99D0001CAC6000923D700014E5C0000BBDA00016084000138DD00029AED000289CB000330450003457C00032B5E0001383B0004355B000E0D17000110B90011EC0100015B9700025FD90001C13B0000EF8E0000F61A0005B1EB00036E4900118D770001C6FB0001A08E000230030000FFAC0002F79200010C8100012384000285DA0001AF79000226EA0004AD8F0001794B00017A310001D4F50001DED7000144700006661000015C750004269B00040D1A000278C50001DD860001BBF50002CCA500018E390001C7EE0000C1F20000DFFC00013FFA0003926B000797C300040C010001204400022E020006A54D0004773900011F16000674E000010D220000DF03000578AE0004CA7D000611CC0001ECBB0002533200010DCA0001CCDB000159F10002F7F00001A9BF0003245F00021DD0000103CF00019AAA0004008C0001E8C900016DE7000339710002D207000102F10002D16F0003D99B0001F1DB000429B50001C89300041B310001C9CB001178E200013B150000FB690001E7E300013BFD000224C10000FD200007409D00044848000150970001B7190004067B00029B0900044483000171B30003280F000117CD000158B20004712D0002542C0011F2110002CCCB000225690000E26900021490000254B3000FBF18000293A60000FDC10003EDE200014CFB00028F7800011F090002FC090004A4A5000252D90000AFA50003F89D0003E1430003354D00029ED300022B470002094E0001A1540001AE5C0002978F0002A1C10002DBD80000B0A10008E7010002A28600031879000136C30001ECA800012AAE00021BD4000D8CD2000134A9000334DC00024D7F0003B0E900010E320001250600048BEC00027A1000019F700004621B0001C89D0005DDCF00013B4000013B4D0001F7B20007DC3400020FB1000195AB00024A040001D18700015E0E00013F040001FEF60006121B00069800000448450004C34D0004D4D20001509B0009CB0A0002064D000115110001BF320005DB4D000136E30011BE240001AAC100018DF10001AFCE0001050A00018A270001FCB3000120460001C7C00002D5F50004B56A0000E9D6000176CF00010D7100051AE400036EF200025FF5000536520001C6160002FC6B0005599D00017F49000517A40001687A00019A8D0009A6C80000D53B00044F560010A25E000199230003B102000257DF00017A07000177360002D6690003796100042757000678F000028BC0000270D60011E9220000D00B0002DA5200085E79000377430000EC310008064700046DCF0011C1610002187000019B11000143F100108EDE000554A500016AD30000E0EC000B4169001212570001D75900064A59000C05EE000329C000016C020001A4B200014E6B00013CD80003B3220002B3A30001AAB400013FEA00030AB60002D56D00020FE500017CA30003E7ED00010004000BE58300039FE90000E2430001DD4A000221A40002248700010F5D0000F2450002573C0003824F00038C8D0007A9F0000602AF00010F460000AA990009C79F000388A700021D8E00017E1000089D9F00026D2D0000EE0800021E5300014B9100012F4A0001654E00011D4500027FD1000281A3000270510004A09D0002F218000CE66800027B4E0002BAD10000E4A40011C860000102760003CE38000531E70002BEB3000344BF0001AA780001CFB7000138F400047B26000115710002C0A4000282CC000A51020004C8F000025DDB00026D0F000123510002AF350001C5B100014630000159E9000208090001AC8700013529000247870001710C00010544000234D20001647C0003BD7F0000D52A0001B3690001463C000137AC0000DFFF0002175A000919CF0001DFA800067D08000F46C700016BE7000192B400013DDC000452F6000156A50001F72100013DDB0003B67A0001EFB20000C093000131E60005839C0001F9410004011E000163070006DD290000D16F0001512F0001BF6E0008BDAA0001A2FA0005046A0001689B0001867800010CB200029B5300011C1E0002CC5300012D5D00027BF3000615720000CB9F0008C16B000217A30001B83D0007879000088E090003E01300013ED50002A0DF0001001D0001DF3F00032A9B000158010001151E00017FD9000158730002751900023B1E0002A2C800024BCD0006C48C0000F538001120390003506300044CC500079E4F00018FDD000307F0000186490001C5520003FE2F000188D8001073BE0000C9CE0002ADB00003BEA2000153AF00047B2F000227410001E615000254540000E26D0001890D000432C9000468C50004348B000DA2880003781800015F990002ADC9000B431100014DA100021A0C00019A2B000118160001718A00044B4100027740000252C00004F28E0004D4410000AE4B0000E18B0004DA0E00118DCF00011B9100029E32000216E1000295C4000207A70002F7110001970800028B200003D2380003F40B000223550002AD5B000510970008CC4400025C1A0000F7C6000132A200020FC70000E0450001BF650006E1830003A4EF00020E4500020BA90011D55E0004D5210002EE31000265A800025B1000010D8F000145FF000110E30005605E00036D44000AA16700029A0E0000F6C100033B4F0000D6BD0001D6F1000722F50004F115000122770002F76A0000D63F000250630001991500031714000172D500030DB80001A2D900012C1C0002044C00016E8A000627920000F43400015D0B00039F6E0001CB360001F888000135A90002364C00016F5E0011BCDB000108E70001C6A00003676B0001ABF300013A960001BE0F0007CF8F0001F2E10005A2C1000649120000D3DD00102D990001353600024DA30001311E00014D210001B28C000792B800014EB70003A3AE00010B14000D002000043A7B000179A80002CA9C0010B724000256C90002D9CF00019C790003CC2400022C6100048E180001850E0003DCD30007F67B000265CA00014E9B00019D0F00020E1100015A050002F3670001903C0001F7740004589D0001BA1400017DF50001DBE5000FC9B30002A19B0002F6090001D4910010D2E10002EE780002B63B0003C7A10001B47600042800000480A70005579600012067000135570000C551000188EE0000DC420003DCEE0004A9EA0001B2C90002578200011CD600035737000801B700017F9F0002F5270002B6DF0003424C000198AD0002E5BB0006617C0003769500050B6A0001153000023D8600015BC2000498D60008207E000233DD0001AF140002122C000180CB00053064000141520005D7CC000137E20002D969000730CA0000EFF900098DF70002846D000510480001333A000299D9000275B70001D5A20002246B000876950002D76A0001DF490001FC760003E9D4000198800001373E0002D14F0001D342000481350002BEBE0002ED41000146FE0002BA36000760F000014AF60003E57D00047951000143650003FC8B00022814000719330001137F0003C4BF0001A750000F95BF0001D9A1000148B40006D40600016E3F00015C380011E0EF000181850001563F0000CD1200036F7D0001B92E000E03330000D01100016A990001ABAE0000F6590002DB460004A56B00013CC2000559DA0005BC0F0001C9D5000101260011B10E00099A2E0000FD39000108AB000171450000C02F00012FB200019C06000219EE0000F9D8000B86B7000184330007FF36000141FF00052DAB000161A800012AB50001BEA600022D4B0001F5210001C3AA0001C74400018F2D0001A06A00015F2400020D53000276E90003378800021C5D000508C60002F0C80001B01F0001B9600002CB72000188FF000593C30001DAAF00027306000116F00003B0B5000320590001E85E0002E60400028733000186CC0001BE8F00017DF60001AC4B000283810001153F000251910002F4F90002528B0001FCBD00027347000260D60001107A0002528C000F3F090002679B000CBB2C000264F50003A2C80003A1DA0001893100098AFD00018EB80000D7C100032B09000185A30002B1260001AC7F0002469F00017C18000776A50005CC3000017A2A0001602300012CA500013ED80001AED000012F15000211410002D0BD000227E80002719300019C1B00097A6A0001F1510000E5A10001A3190003A8EE0001D1560000E0B7000B40C000019CAF000C25DD00042A39000214E800087BDF000384C30001A282000415EB00016ECD0002E9AC0001A1F50003203600026BAE0001B0E70000F4D7000148C5000122E80004E74200032B500000E7F20004CC91000F95A80000FF930002B9D8000F5C6B0001F3D40000D0E10001D42B0001F9F900030D140000AFA80001728300019E0D0002775D00069C5A000377C7000275470002C5880000CFFA000A3EFD0000F1A5000403060000DC6F0001751D0005988D00080AE90001D7450001D1620001AB0100028B0E00013C8E00011D320001871000020687000304BD00016DE1000434E400020D750001D85200035E5F0003E9B20000C4AA000162F20003B9E60000DFA3000147900001D9CA00028986000125080002601A0001508A000137070008EB6A0009EC5C00032BE00002607A00017A7C0002977B000319B10002E8AE000242E2000A8CF70001430C0008AE2100015E1B000396670001305800010B4000018DF800015CA800019FC30001B1D30002E059000423FD000355930001C788000168C9000214170001F9AC0001CA640000D23900013C360004A0FF0002EE0A0006732600047FB90000A200000190550002612700022FC500015D3100029717000235860004F75E000120B80001F23700015C0C000195A2000418CF0001B72500013CF9000165130005BB810002347A00011D1E0008E527000145F300053908000215270004070E0001B4E50004F07A0001A51A0002F2C90002156900024CA1000183EC0001991600061BB600016B75000189B000016E330010A4370004124B00097D8C0004B9180001DAF9000690880005601C00031254000101AC00028BBD0000C0130002FF430004F79B0003F3AF0004BD580003875F0004B5730001D3A800015525000F03B000011714000115D70001D6EF00015FAC00026FCE000230710002A09A00042E69000204BD000169B200012F97000536FD000236010001D71600022E9300023A150000CFCD000AA0C20002DA31000192770006CD410002FE8B0003E37600032235000270490001660F00042570000A2D330001A4F7000E95A100017B2A00011C960001428E00011B0F0001CF0300022BA9000312380006848E000181C90001E1250003B0D70000F81F000570910004A1AE0002E7640002D82400014CB7000371B40004ED9A0001795A0004538500033DE80001FEA0000396F8000208C700034AB500054F2F0005B8080004DD6D00030C750001370000010EA700017F8E000C389200015B0B0003140A0001686400026C970000FCF7000175D30002264D0001A35B00013ED500011C05000154820002F47C0006365F0011BF530004246B0000D22B0003E7EE00010E650001C15B0001A6E60001BD060000EEF30003A4BA0004A18700039CBF000B8A330001187A00011F7E000950CD0001463B0001A6A60001739C0003886500019A340004A69C000101E10001A951000613FE0003C8F40003399F0003051F0001F3FD000333A70003214C0002818A00035FAC0001BC070001D80D00010D380003D77A000248C0000595350001FF7D0001DB950001B0BA000250A1000389150001A1750002504900106D5C000393B800041D2D0008BC8500036BEB000E726600043A610002EE6E00016FA200015AD60001745C0000F0470001B13C0001ADD90004D96B000122ED000CE4C30001A1DC00120D71000178390003BADB00046F1700011FC900073C82000478C80001FD140002D2F500040356000224560001C7D4000194490000D2CF0000EF9D000106B6000BB0D80000E003000A3E74000319D900067D9300013D7B0004CF540008454200023A2B000256A50001C6480001D9320002283900014F0A0009607A00018CE50011D03E00039A93000232B70002D6A800123E48000766F00001F51F0001B04A00017A52000103D7000467D40004F18B0002DCBC0001E0BC0004035700023F9800047EE70005A73F0002206000087C5C000170E900030B99000700FA,5120
79,0020001000,5,00047F1B00013D55000141D50001D8320003076D0011A6960000E6B500052E1900053F0C0000AF6500023D2F000229DE0001314D001199B70009E45D00014FCF00014BAE00013F6200095BFD000D99B100030013000247E20001F37C000206B800028C25001152EE000693ED0001108B0001575D0000F32B000396DB0002EF4D00049507000169850000D31700095F530005C2C000029D980003D721000195660001019B00034A870006587B00010D300004675C0004361F0001C1130002FCFC0000DE94000F87E2000381E70002123F0001D43400014FF40003DBAB000207DB0005CA93000230970011552C0001A97700018B150001CB8B000CA81A00018EFE0000A03C0000EF5C000250420008E7570002150100063641000117230000D2190000D12B00038E820001538C0001482D0004ED120001AB1700013E6E00017F050004F3D9001118E80003B8EA0001C4580000ED41000227EC0002A40800120A2B0009A9FE0000FD4500038B66000677AD000718450002D6450001DC0E0000D0930002CA1000113E560000AE4E00017B930001273C0001C0D800069A84000182F8000258ED000122DB0001002F00054CCD0002CF78001064680005A8040001B8610003851F0002B0FC00013975000FF5A10001F91E000247AB000ACB620002951A0001B5C200115E3600031A9B0004F52200015DE50011747C00022BBD0002585E000619E10001997000032DC200021EAC00044F9C0002A7F20004A04E0001844B0002222600019B8600021482000FA1C000014EAB00066BD700013D950000DE4C000377A90001DAA60000C7800012297300015DD6000121D2000F888100046A0B000382880001A9620000F199001180A600017F36000257410001BB41000445B90008A23F00113E360006A7560001CFFB00017D100000DEE8000125750000EFA400027786000175D900084E800001640600012BCD000307B60001C8FC0006EF0F000D5FF10011672C00018B4500017381000498A0000EDC470001653A00024015000388B4000139FF0002FB3D0002EDB10003ABAF0006A24200020FF20006EC4C000247BE0002FB3B000167F30006BFF40004F0E60003DEFD0000C0590002D75D0002C0A800115245000167E4000A4CB70002FF4A0010C21A0001DFB10004D7DA0001877500014FE9000259A40001316E00013F1700012FB20002699D00013F09000B8AB70003B7040001672E00021519000190070003FDA50004E6530002C48D00012BB10002DA6000055C2D0000FC5900082247000FC6320004AA5B0005C43F00045B51000178A0000120C4000108BE00016C750011AACD00024D28000498EE0001EA4A000247DE000528FD00014E88000F8DD40011621B000134720001F502000C122A000147D4000177640005E17700012F36001062C70001F2C800033BEC000160D1001102890001D7DB00119B8B0000D21D000252B600080FBD000667D1000166BA0002BE7000013A850003078E000270F40002D9F30001ABD2000B61A5001063570001B90C0000D59F00025CED0001763F000DE1870000EBE60002227D000426F70000F41A00014CCE0001E68E0000F42C000253D8000167FD000143A00000C4050001665700049AAA00022A480001B11F0001C53E0000D0210001EAE90001382B00115FE00003EEEF000268270001F2D700023F5500022DEB00026CFD00021ADC0001BB560001F5110000E17F0001E3820001220E0011622500019B78000816B40001A36E0002C79F00026B3000035BAF00013B230001C50D00041DC2000261A1000F599E00011B29000171F30004A0BA000B76250002A0400000D1CA0001B47B000229920002DDA6000146330000F0690001E06B00018EFC0001D0D0000121F6000FB7AD000245C00003FA700000CD930001B80F0004ABB50001AB01000507F900025C5E0001E61B000347620001BC350011673400026F420001A8D90000B5B9000291BB0001831F0005A6470001289300058B6000069B7E000F8D6300025001000160F800038B39000289E200041D550001A579000800FF0006379300010E45000E02A10000E15B00016317000223F20002A8510001B0050008DB710000F4E3000CF6C600015F260001973A00013C19000113E80003B5D0000487A80001AF82000090350002B485000B44910001BA0600112D830001F8130003C8660005D8D40002966600023B5C00035E92000233D0000BEE6200023CC100011E5E0002395F000214630001BF97000279FA0001386400011EBA0008BBD50001A03C000199010002591500012AD000011D820009DB0D0001581F00042EA0000372440002171C00032511000B32E40007D01F0003AC010000F20D00012D0D000163450005A17C0001C807000154570001BB3E000BD78F0001569400021A5500058FE50002AD8C00023E98000852E90000D38A00027B2B00116E820001303A00050738000151470001C7150000E3170001E629000197350005E6C30004E4E70003613B00013FC20000EFDF00020CEE0001E2FE00029AEA0002E60D0000E2830007F94C00019F2500111E550000F83500012FE30000F0CD000266E9000236D70001CA2100044ABE00018C270000C8B40000E8B30001A3390001873E000EC26400022A5800046EF90001B85E0002424A0011DD480000CFE4000534A6000B173A000256FA0009C0E30001B9790001D4D700018C5B000181DB0000F4DC0003970F0002A996000774500005612C0008FEC70002BB2C0001A98500024D710000AFF6000184890006D6F50001926B000152F2000AA49B0001285F0000F12000017BF80001C9B1000110FA0001848E0000E0DF0000D48900012A30000372C400017FE9000192BE000B8DD60010F32F00044289000136F00001987F0001C21F00021B2F0002572D00019FC7000238E6000151680000A6E10003311800013D7A0001378F00021FD6000B54BB000E830E0000E1E10000E62600033513000498620001E8EE0002BE28000AE5BD00023D0B0002F0AE000104FD0007ED38001148D900021DD8000F313D000284EE000251A40008771C0011564400042E42000CD04A000467D20002BD0700025C320003BC5800028EE400017B4A0001562F000365500001165A00026826000133EF00010436001128E50000ED40000A564200013A060003BBF30001CF3200043A1D0010FF0E00017218000302A00002DEEC00014E670007A9D00006F06500024BED00032B9F00024D0400016AD2000101120001ED2900021A7200016B2D0004110E0004B4360001043F000A26BD0004473C00011EF50000AFEF0003B93D000B523500037D0000012BAD00045E6D000186B40008D18E0010FA1500025C390000B002001110CB00020152000260B500015800000827450001A8D30001540A000145900010F0CC00027C8D00087969000AEAFD000280BF0000A25D00018FAF0008E50D001113030001EFF30001B1D300018FBE000146C2000170310000C9A10005B6A8000AA92D000116B9000298EA00083D34000214A8000AC9E7000282F200047C91000111630001B368000148D40003203300038F3B0001B9540002CA010001F5580010E232000592DC000E1330000BC83900079CD20000B0230000EDC000026EE200021A7000015BFA000169770003E7D3000DE1E800020C200009064D0000DA310003DFF90004CA31000125FB00012C590004A21400037E650002400700038D13001137C60004CFD50011F6B00001374700019FC7000196AC00012600000D98210001AB8700012FE10003159A00024D23000A726300010AA400035196000138130001B4FF000116550001EBF000015125000CDB500005A2020000E4F50005D5300002A91D00036A440000EBD100031C410004E49D0002C15B0000D0D90003A9430000E57A0000E38E00043C00000152AC001182E80000A0A40003331600023CE100044EFE00022C770000B1A100015BEF00023C4900024AEB0001112B00029739000297D300025A9B000184C2000241460011341000012AE9000657250000F150000FCDCA000119700002C03D00034CA500055BFB000149D2000DB65600028F710011268600012C4C0001D10700072547000233A700012C8700046FB400031865000120AC0000F25A0001B8D00001B44100075A9500040ACB0001518700012BB70000F758000176B90012274E00011B0C000535DD00019C2700018B4D000167DC000F07CF00011DBF000420BB00029F370002B2750002CE680003D1CA0003401B0002034600031D230002B03D0003658F0001D42B00022B91000238B100015D860001B1CD00016FB20000DF7D0001DA93000296220002593300027F370001B7810001C7E800018A4700014F3E000141A00001641B00020F950008119E00010CFF0002F52F0002E5650000C0780002787700015C650001DE8F001161C00000D0000001AE5B0001D8810011F185000145F10001C7EF0002E6DB000126EE0004707E0010DCC20004C7C90004510800014B840001A59400010819000275600000B04F0002A28500061BF700010E4000024228000145EA00011E720004B7140003ED69001122870001FACC000B9DF60003A8D0000509F80006496500011656000105940010C47B0003F7EC00059406000118FE000137900001B610000160C9000115250003A5D70001100E000275220006DB940001508300015CBD0001758900019E6C000218CB00016CF900012A440003EB710005C8CF000757DD0003F90F0001F86A0001B4340001799700019BD40001C9C5000258E900114495000476F700017E3F0003A90400011625000223BD0001F78A00115FEB0005CBE40008CBE20001C28C0010EE070000FA140006D1A30000CBC400022E450001F21300021A3E00021926001111A10001FA4B00050770000218310001365700040B3B0002A4EB00100E4F001081AC0001873F0001961D00016D82000328A70003CFA10001471D00031FFE0002C740000400A700011CED0001D98E001153E0000186CB0000CF520002398F001109D1000A3D72001188F500020735001160790001073D000250A20004F5870001676A00019BEB00037F9900015261000378E8000300B90001AE580001DECE0000D9E40002507E0001F64400044B9E000D4EC9000120680001B93D000113CE0010D380000B55B0000305060003A33400024E7A000162D8000178BC0001DDC30000F032000319930002192800023CB70002FACA0000ED920003CD680001C55B0000D55E00020D7A000956C1000209980002172C00018468000289D400025E640002832900011E8100014E1C0004035E0004E93D00014BA700078F84000F6B110001A58F00073D7400056A89000176160003DBFC0001DB590005E7E400031B3F000129A90000A02500055B94000197F9000120170000F0FC000F624B0001944200034BFF00080C9100027EC500027E8D0000B0830000E22700013A53000137A20000FDD200025D260004239D0001C04C000286E90001B2D700011C950001BE8600011A9A0000C8A00000E9450004C5B800114CD500020D6100016D8F000320C500112F7E00015AB50001D3D80000C010000254CE0010D56A000149ED000607DF0003892C0001BD6B00028B35000246B2000400A5000AE5C90001902A000135E70002CB1E0001DA7900037C1D0007BE800008A7EE000B25E70001CA950001CA7900011612000144A80000EE5700013684000123440010EF810002079200034E6B0003956C0003159000011B000001E7BD00018DBD0004099B0003705600028E36000234B4000122880001F50F0009BEB70002294E0003DF9B0002BD770001597C00017D89000168860011B0F000017D670001F9F900028F5B00018A49000BCC49000281AB00046D3A0011AAF40000D0750004A7B5000172630003A5710001BFD800019565000470AA000764E300031A4A000151D70003EB6F000185C900022A7D0010E1E20002386E00039D3A0003A9CA0001485E000319FA00030BA70001F036000198D6000CBE5F00078B630001A5A40001D3C3000154890003895A00033B700000BF830001FCBC00021A390003D9740001FA5100023E920004FA6D000EAB4A0001552300016867000DE6FE000414630000FF89000141A800041DDF000304C600014D4200012815000138A500058FD80002793A0001DE13000292FB0007CB02000482F20000D167000140A70004293B0010E26700014E69000221FD0003506100019F64000130A5000DA8910003B0080011386400024B1D0002D01600011BCD0002D3F500074671000459A6000411E600010AB00006F9C600008000000308F40001D0C50000BEB00002862E0001A03C000195B8000139750003A064000358D30001EEE200016DB900017F10000146AE00023AE2000853850000D08D0002F1900003D0D800096B8F0001B00D0001764A000748EB0001BF0500021203000A1D360002D677000169D70002ED040002F94B0003434D0004EDA900017BA00002B1860000EE950000C04A0001AEE40001D3D10009F6010001A4310002904400038A0000013C120007B585000BB1D2000233E50004A772000179DF00026D5B0001D10B000476F1000531280003E6BB0002903400111C2500016D700001C21F0000DBD70010B75A0001D62500101D0D0002286100013811000D39BD00026DD900043C03000208610001D6060001DEF20000CF0800019248000A8C2E0001408300026B760004AED90000ED3F0002A9840001AB280001DF52000AF2FE0000EA1E000216AF0003186E00014F7000014E9400030FB10000FDA50006C81E00039B8500016C4F0001EE410000E1DE0000F4F300094A430001253A000A72350000F945000484B70001FBE5000212CF00022263000320050002002700024B670001A53C000249D30001C76A00022A3A000302AD0001BC17000811A600032A2C00015CAC000131B7001001000008B9AA00014CA6000122B50000F266000255B4000325B90002BCFD00022FBB00032842000209B80002BAF40004C94F0003CBB1000100850002588A00027DC60003C29F00056A29000D73A500027D06000761BC00036FE900017C01000256E900016B8B000163B80001DBD40001704F00011CE20003B370000120240010D4730007E69B0001A08900014F6A0005082500023ECA00012E78,5120
80,0020001000,5,00109BE60000FA39000237A700090DA00010CF050001BFCD000245140002126600023268000197EB0001636100037E130001B34B000119640001EA8400057F780003D8B50008C2860003C11A00010CD1000126E60003715C00066D31000226A60004A3DD00024CFF000C6728000250C200013E8D00027C9C000936B50001F6CF0001763A00023ADC0000F227000116510001D8C90001377500011BB600023878000159950002B3EB0001BFFC0005A57000044ECF00036AB8000090040001C74D000186A200017D7F00115FA7000090000007EF120006C30100018CFA0003FEC000025485000156270003E9E80001E69D00010AE600044FAB00046EA90006257500019FF8001119BD000211850002DD450005EA350002A6E20006AFDE00012C3400013E1F000FF8D80001094D00021F74000158CB000244650001CC7D0001717600019FB80003A7710001D7A3000100D9000398650001BC7B0001349D00015BD50001FC64001129B30002BAD100023E960001463A0002ACE80001B9080001657A0001850800012B300002DCE8000205DE00067D83000511E70011159B00028E2A0000E2C700113D95000111150002F119000115670000BF750002F7680003B37000019BC1000115A20000B05F00040FDD0004327200086E7C0002B9850003C688000793700001696E0001D2170009EE86000F4DA000028453000450010001C7EA0003B78D00024DEB0001BEB60006B775000378AE0001C569000119C1000555BC000C328F0000E3430001C0AC0002B65000013432000A3FBC0002051E000154C10000E05B0003459D00017885000FBC320000C02B0001804E00018F4C0011A2900001184B00031F4F0001062A00038F0700026C63000ECD7F00032F5800014D5F0001774B000111340002379500026E9C0005141D000218000001F76A000152E10000EE47001129E500068802000137B40001FD440001FC9D0000CF4B00019BBC00053D610001547F00020A250001FC7500012E6400022C18000140E700015E500005201C0010211A00024C9300071AF70009E0430004DE7300022904000989FA0003A0C20001E521000107B60004C9CF0003670200018D640001BB4C00013EF50000EE2B0000FA3B0000EC7400012F9D0001BB5F0007279F00016DBD0008DA4A000107BC0001806200066A790003B2390002DFE5000403A30000FDB50001A245000B626B0010F9F200021DE7000AEFA3000161E400024125000773FF000378090002818D000100690002F240000275910001BE6F00012D840004102000012D4500015B4900025049000175DD0001CF6F00014E0600014C6900094BCE0003B9FA0001187900010AAC00010DBF0009C2A50000CDD9000117E50003331C00012C2C000C60570011397900107FC90000E9CF0002D88E0002AF7A0000DFA60003154900015C8B0001FCDD0005203E00022BD000034A650011337800015CF10010798000010A7E000387F8000117CB00028A520004A657000414CA000182E600013ED40001B6B30008F4CA0000F2D500020E7B000279580000F0B10000E36700022C3D0001B5B90000F5E60007646B00012D1B0001F516000219280004F79C00015179000925E2000AB97900012BEC000398B900017CEC000D1162000E95940001F1D50003299100017CA60001B2770002B7B00001290000013F43000851B600015E7600061FE600037A9700014E5D0002D9A800020B6200021ABA0000DDCF000476080006FAFB0002C31500032CBF000166480003A8370003447E00016CF5000226C7000112330001503C00032B6C0001254A0006E11F0001F798000A48A10002D3E90001C1030000BD6D000C41320002E9F500017A9A000785D40004E0F600021A5A0007D9290002B1C200023F51000177A300046178000304A80002F37B0002279E0007FA9000022A4F0001F3AE0001CA0600024DB500020C870001900D0001C2B10005939100026B5500011E1F000128C800016755000F6F5F0004A2AB000C8F86000185AB001123F50001C4E10001D2D900015AE90000A1FF0000B1C100110ACC0004A8530000E6CD0004007400076C4600012DB2000300C7000101270001F808000698930001C8140002A63D0003C317000179070001304A0007C378000331FD000180500001F2050003F069000EB18A000194AF00042AAE00014F5C0001667A0001BBC900018A31000E8374000A3A3E0001C674000542E000029341000145A7000156C200014AAD0001D13D00010FD200023AF0000BF8CC000143310001271B0002A73000020D84000454BD0001688F000122CF0001F00A00023F3E0009CA310003F6CA000129800005CAE50001989800050D7000047293000408D500015A350002CB0A00048F16000585740003AD4D00018B430002D5D9000462A00010D9C3000259DA000231A30000D213000193440003306800020DF100012BE90005624D00015BCA0010A8CB0002EE2300028DF50000F26F000F6377000243EA000D6C8B0005F53100096357000438540000E0390002214E000283CF0002AA0000025D6000044EC400014E5C00057EE800025AF000086FBD0002138800032A9A00121D2E0000FFC60003899500048CF90002156000049820000237B60003EB6900038F220005FEA70001C0B10002B17B0003D97500019B9E0000A57B000752D70002661D0001522000058CEC0008CA3D00053A140000CF4400025431000304880002DF5C000125590002F6060001434000020D7500033DF30002D53700012128000264660002826C0001E3D50001EFEE0004533E0002403200029DEC0001151D00041BC6000130E1000A30FC0001E0400007612100010AC800021EB000012C7000027547000276370010CE120003EDF000031752000368BF0001C38D0003BF760011A731000CCEF60001E7F70003FE3B000106E10001933B0002716D0001BFD90002C27600024C92000122CA0000B09A00015B300000A007000891EC0000FD79000181F20004681D000D6A420007E574000203A50000F01800012EAA0001D1510001D0D7000D261000025BDC00064A2300043E680002A515001112D800024A070001DD3B00012B0000110C070001CC03000290860001E6E00001B7F600020E53000171F4000176BA0001AA7F00020CA70000B48E00056E9500114C0E0000D365000260C70001874100015E7F0000DD890010AF760003C51D00023D4A0000E74900028AD200091AF6000181A10003FA6A0003EE690001A5B40001165B0003412D001197150001A8AD000BF068000314630003FF4000013B8F0002A46900019CE200030FC10001C219000215760004139500020D27000A1C1A000143A60000F7D50001647F000164E00001945D0002077C000DF7910003EAB10002AD690000FE850001468500030DDB0010E3B000010F01000186FB00022FE40001D9580000F9420001C0600000EB1B00052E4A00014AEE00013FB70001043800020719000305170000EFA20004FFA80000EE930001966E0000EA6A0001E22F0008679400022815000353B2000599D00001C654000136EF0005BCF400020593000301E400031D61000BCA9C00010D7E00024089000CD4C800020CE70003159100012167000580530002E322000196450001314F0011175F0004C03C0006F3DD00013ED1000377B3000DECCB0001FEBF00070CF5000291140000E1C100033E780000EC5100019E670001B643000B3F5400021A550002259A000176940002FBFD0002469B00079C1E0003C44F000138D800089EB700071F650003AF650002448C00012A6C0001AACD00016C660001124500022CC30001618200026A7900025A3600033D480003077F0001E5B1000992D10002A86D0001E312000CCB6E0001D1B60000FEC50000E11900020E16000237B20002EBF000024E06000D4953000D31A6000183CB0000FF840001E46F00036B230000DE59000179150001F184000127FE000D5B7C0002A875000501EC0000FC9D000459790004EAB30000F56700031F2700021FB70001D1820002D96B000B8F700001608F0001EAFD0001371B0001DC1D0002848C00011CAA00017E3B0002149100025B42000101770004AAC5000130AF0010F4740003F5810001855C0002EB3F0002C3B900018E9300014E120002AF050002BA1F0002FEC80002D59600022879000271DD00017D330001477400012C2E001187F20001166E0000E75E00013241000437C60001D4A500021F96000231E3001198700005582A0001F9B400021375001131820007C2620007F0860008BF460002DB2600019E610003D1980007DEAB0000EA9B000A0FBE0001E8E700013B17001048A8000375A40000BC520000E26300020A0E000145B8000321580001835C000155060001314C00031DB2000643E50001339C0001AEB70003F3D9000A6B21000ACB2A000AE62B0001BC2300046F3300022F8E0004C311000165570002E23F00083C490000AF980002F753000165D500063931000AEC1C0002C86800024FE3000211600002D4E20001953B00017A000001CECD0006B95D000589EF000403DE0001E122000262760000D2B60001BE8C00010C07000944040004786F0003A7AC00014045000265F2000C1E9A000131420002D7400006AB810001390500020559000182AF0005F16500039C6F00017C470002286D0000BF1F00096DDF000192B90003DE1D0001877B000302A1000175240000E8270002ACCB00028EF0000124D70001671C0000D4400000E7960003634700111EED0002F6E5001166D9000197DD0000F6EA0000C110000126220000A04A0001BA9D00010A9500016CE900034C3D00029132000107DB00033FFF000207EE0001ECEA00024B8F00010A2C00054B3800031FAC0001167D0003811A0002465D00020C7A0001287A0003026700015E61000145810002C55F0000DC9D000248A30001452900023F2F000E083E00010DAE0001A2F000018FC30000CA820004BB250010F36E0000FFCD0000F1610001A0F10002EABC0000F0E00000E51E00013914000128120001FDE500015009000147FB000144320000E2880001CA450000F85D0002829E00010C1F00010EC400011E3E0011508D000205C100019102000116760001E7D2000DA2540001FD27000101CD0001C3E5000CE85D000511CC000307EB000396D80000F511000270CA0003AD2A0001BC7B00024DFB0002923100016B0C0000CFE10001A7270001F23E0005633C0004E5C500018EF4000C63930002C0800001E3910001948E00011E770003D6FC00111D2800040E920001832600013468000B4C5900020A0F000119B300020616000218C2000160CF0005D41B0000A0AD0000D0FC0001E9AC000579560003542000116BB500018E690000EAB7000297BB00023D01000346CB0002EAAA00054D30000240C80003C2DF000198840001E70900034C4D0004100B00021D930002C29200021FDF0001C2B700014A1C0001973F000132600001B0A100022E5C0000E1E30001B4780001F4CD00011C7C0003E82500029377000594C800070FDF0003444C00015EF900018DB000018B0F0000CB1F00022E130001D22A000137A70002E6F00002248A001176090001E1AA000100AD000E95A7000425E2000467610004FF930001173A000101830010EE20000BC6A8000477A700012CCD0002514F0001C6F70000C7CA0001736A00041D6A0001C38D0000C04F0001EAC00003431900048762000176110005EA2E000481B80003A505000385130001B23400057B240002546F0003C1D50002748E0008A1610006953B00048AD70002D2A00001FEF80002776D0002FC4E000192DC00011168000112ED0011027A00013151000121090001648600114A28000113EB000EC12B00016A570002B8B8000288B00000E2260005016A0001781C0000F83B0001A63C0001F349000173050001E4420001917600021AF3000BB87E00073B110000E7CA000A17CA00026CBE000812C10000EF490001079C000180AF00033A9D0003EA5E000142330003911A0002CC8E0001D1EB0002C946000214040000D5E20000D03E00017B010011257A0004EC2F000234C60001B7A600117CE100048A55000268EE0009DCDC000162A5000447D800011FB90001EB460001B6AC0000A3150000D4B900106615000128260002420400038DC400041F5B000467240004A82900091A97000221D90000E0610007B0530003C8C70001A3FA0006AB890000EFD600017D78000153CB0002213D0001FF20000141D400015BBC00010C5B000150F600029835000363380002DA8E0002DF1F00030444000132F20003306000027B2D0003D1C9000438FB000305320002033E0004279200027A8600115AD8000342960004533600015C3A0011268F0000E891000145E60002C153000199C900038EF000045A2000009A450000F1890002F44C0002CE0F0002F7A2000EC07C00090E0C0000F7FB00016EA00001C05700013EC70001E95F0001999600012D1F00010A360002D0170001EB9B0002128C000176B50001A6770001637000038CD60007DCBC0004C5C100030DFB000E31BD000921D80001883E0001CCB50001AA3F000C4C0600014745000773B200033250000141A10006E5C800012D4C0002927D000DB0670001DDAA000502CC0000FEEF00028D7E00038097000260D800027780000168EF000254080001CA860000DFC500048FE200015AFD000174B80009694C0007040C000D0AF400017D6D0000C3790003BB3A000201DF0001EF17000109F10001580500010FFE0004FF4400015206000186440003AD100000F37B000300DE0000F75B0001C85E0001D526000BFF6A0000E2E0000307240002F2420000EF6D0000E3FC00031D480002950A00013824000102220002809A000215E00000EF9A0002EF19000205E40001634B0003C9DA000179E100022BAA0001C8DD00043BE000098D9A00026DF200089BBC0002BEAC00026A21000CB6530001D4D7000270330001D46A0001125D0002726C0001C6A10002CAF9000240100001AE750001AB510001BA5E000270C40001C1970002B8990001354C0004269400022EE7000D21BC00019E400009BE58000726DE0001EAA40004C7C9000B1DDB0003B9D20001376D0004DC4100014622000126B0000F83C500066CE2000A80110001498B000585D30002040D0001C8BF,5120
81,0020001000,5,0002B270000275E8000115D30002F4E6000117180001756B00029E16000104240000E44A000193690001F3A30001DEF600084C130003C10B0000CEAF0001A5850002482B00016C2000010A81000101570001AC180001C1E90004C5290000A56C0008A0FC000D6E9D0001F013000123FD0001D1E20009D77E000292560001A8E20000F48E000271E70003FB63000B0D79000357CD000454AD00026F5A00036B6200017D5F0002425700017C280000D31E0004168E0001D851000124C60001B340000702D00000EF75000166DB0001F6300001031C0001448700010ECE00026347000442AC000122A3000125950001CC2D0003DCF9000182E5000177FE000444E400015EAA00013D86000157E200126F7D00011A530000CEC800020AFA00022025000156700001534D0000E9BC00102A6300015243000227030000D1FB000213300000DF720000FBB6000191D30002C4BA0003C56F0001AA840007FD4A0001D6710001380A001193920000D04B0005AF8300051EEC0002A1DB000630E30001D0890001186D0001D5B000010AF8000188630003F05B0003BFF000077753000194B00001845D0001A0E6000237AD00039CF4000A7E0C00010F23000106400001B71500074E0A00107EC100013A6E0004218F00021F30000109BF000365180001A1880003613A00036BAD0000EC5A0001B165000190EB0002CA21000121830002990D00044C3900116A130001BAA70003F1790000DCEB00018E420005DB5A00015A130001C32600116A930001B01C0000E22700024534000275E500023B4600063E78000401AF00118F8A0003AAF100016B310002F264000492410001D5FE0001A37500024D530001953E0001BCBB0002A3D70000FA750001BAE300014F180005663C0002CDD9000122700001154C000537F6000154DC000188340002330E001142C70003051200037D030001BCCB0000F8C9000102ED0002CB5B0008BF78000D0C900000B88E00119B3F000108E50002C654000192030001132C000224190000DCD9000104A900023FFD000326A9000319AA0005F61F000642E20001580A0003ED4400015F8A00116F300001EB7D0004C8C20001892500029A1E000237680002AD1A0000DCEF0000C0530006194400010CD60002B0CB0003384F0001C1A60002A74A0002E7E9001174D00003591B00016E8D0000BF7300040EB60001DCE800031D3B000804ED00021F76000183EA0002F9DC00015F870004D078000350EB000236980004485400030D6E0005FE0800029D6D0002A46700043F630000BB4400018F260001909F000162DA000198800001A03700016B90000958EC00015CB000043A14000230120011AE340001EF91000473D500021CEC000298AE0005D1C5000201B0000175E3000281400000A07D000A570000016FEA0001398C0004655800027957000503D60002937E000171B10003477700050E0B0003A4140004AFFF00031E970001109C000217540001CE6B0003937C000881B300017AF90008D0250001B1990001DD080010D81E00020BA300037DF700012BAE0005C4A40001139A0003976400014CCB001174ED00020193000151CD00022D2D000D18C9000181930002D2D800019C8C00016C97000730D1000174CF0003ECD3000202C8000215B600016DE400017A500001A8F2000450C0000253C70004533F0001F1D10002594B0002568E000950620002090E00042DCC0000BF4B00018D4D00022019000282A30001CF6D0000DA80000FC37700015B2F000721BF0001010C00015D610005AFDF00024A890002EDF000043D410004814E0000E6E800019ADD0002BC6D0003287B0004154F00018122000178430001B66400076B2B00016213000A13B600016CA2000417620001EEDC0001B7A40002FF88000131C400037E640000BFDD0001F8440001E3120001963D00029AC70002DEFB00026AAE0001C7580001647900011C97000325100001C523000201E30001CD10000390670001D7500001BF4600027CB30004A519000A1F43001195CE0001DB370001A9B0000575C40001BB5A00018CCA000210B7000563E10001FB0F0000E1E30000FA4D000808750000E00C000196ED0001B9240007375B00013D6B0003DEA8000B43CF000137320004C79D0001B0340001139F00026CDD001198CF00013B4B0002E7430002CD180001A0190001AD9700020D000001533500059DEB000157DA0001520F0011050B000248430001AFFF00014256000CF0390003B0270002655B00027B270004797C0002269800086FBB0001693B0002E7440000E8250001BD4E000111B20001686B0002E235000177E300025E6B0001353C00047D67000318600001031C0007FDEF0001A9DD0001BDF0000173DF0000FFDA0001A42800026B0F0002F32A0001BE770002E1DD000707DF0000CFA7000105D70002CC9F000263620002B0210001D6970001D2F200014408000B99CF0001949E000194A8000122380001DB340002B7350001733E0000CD1900014E1C0002126B0001CF000001E7490000F69D0001BDEE00016F9E00045ABA0001ED0D0006829E0002E8A600067B3C0000F90C00015D9B000187FE0001119E0003DC980002F8C3000278180002F5E5000211210001102E000F5F20000952A10001396D00029E3900119C1C0001F3C900029E110001597800026549000099020003C708000197C20002BF560000E01A0000ECBD00015B5000063C5A0001082E0005188E00035DCB00012999000220E00001D74C00011D4E0002660D000201950003038D0001315B00025FF30001AD5F001224C1000182AC0003002B000240B20001E8210001A2F70001CD4D0001651E00013FF90002B5D90002DFEE00022CE50001EEF800031D43000403A20004907100028F8D00038BD40006B68A00012E6200087144000133D5000200110002442C000108E20007D67D0002DF6E0002A18F00051D790002085A0003239F000364AD0001758B000202490002EF820001396A0001725F0000E7C7000CB21B00019F72000774310004544F0011C60400013F000003FCBF00039CAE00014708000235BB000186C7000841760001DBFF00015D7300043D6B000130BD0006044D0005D0CD000524F10001992F000999720000E6480001515D000127D00001235C000175330011E7E00010CBE6000714B500032AAC0003EF3C00017E1D000198CB0003AFB40001A2210000DEEF0002C48D000234BC0003FBE800014C940002523F00029921000E2F650001E64A00012E940000D0340005467600043F7500021AD000051AD3000105EE00039A650002AA3100049CA20001A5730002892F00117BDF000465FE000AA6940000ED540002B7910002F1930002B0F40009DB6C00021C2100022FB90011A0B60001C535000B67720001F484000271FA000217DE0002AEB90003BBF50002115200090218000298020007F7170006F92300027A6D00034C1C0002E1C00003D85B0001A155000210760001CD860003855F000258340000EA1D000231CD0003E5410009B95500027CC2000132F40001341C000246BD0000EE880000DB71000198220000ED97000186C000043DB50002F9E60000B33E0011988B0003ED600001B4AF0000FA3B0000CFE70009D2C5000421DE0000DBD900023D220000DDC500012229000211AB000100B9000154490001E08E0001B12D0002AC1600021AAE0001CBFA0004B5C40007E8C100013FCE00033FF3000298C40001C06D00022D660003DD9400036FB300036C2000024E45000351ED000374780001AF67000102AA000228A6000164EF00045B49000109A0000380D80001E72F0002041C000166A80001CB060001EA8F00042E3F000161D100016427000101DB000331BF0001F58D0001BFBA0009EE2C000D202C0000C11D0004558D00014A09000146CC00024F7E0001708C00025161000231D60002E04500018F1D0001B090000133DA000158960002961E0000EA4D000179E50001B80F0001EAFE0003754900032F5D00015BD90004C8E70000C096000E8E790002100F00010FB5000142FD000126C80001D6420001241D0001C88D00040E140001363B0002C2A100028CD00002F24B0001E9920001D2A000031E53000519030000F07C0004BB4500083D3E0002F36C00013A870004AA68000234410002AA0A000162E80000E8650006655400019A7A0009E9E40001DE7700011DA5000BD8F3000377F10001217A00069E5C00035FC20004DD8B000117960000F1870001C429000163A300111E3C00016ADD0008F181000826DF00017BD10008A75A000430080000B75A0004D03B000244DD000277D800011C42000738C0000104EE0000DFF200012C2E000B31DB0001700B0011B4C80006DD920003BDD800017896000156870000D2B6000129200002F94900012EA8000280F7000300930008DDB5000125F3000171D50002564600014302000658E30001C1F90001FB74000B68E900019F7D00046B720001912E00013F7F0002F6780002E3290003577800011E510003B9290002789D000B34B600020C830002C9300002642D00099CDA0001E12600032E3000019AAA0004FA5D0002CC110001649C0009B1990001C6110000D27F00027B5B00011E890002A15E000552DD0001452E0011B0D9000360AB0001A6DE000707C9000137050000ED6D000530690003B1E800032A350002101400013B51001150C400029108000296E90001CE8200025116000165580000DF6D00024698000142B4000209E20001613A0001128D0011AA490002A005000B015C0000C84C00024C0000015DD1000A2CC30002708A00024C2E0000CF1B0003263A0001E2F60001C046000131A200024E570002BFAD00017435000212C90002386F00020EB30001022C00011FC70000C40900016986000319BE000155840001A2A50002E35D0001A6E00000F7F20000E0F50000E3000001F42700011FB20004359B000366BC0000CB5500062A6E0005FF470000DE6800049FDC000469B20002C1C5000144CB00047B5A0001EDD3000118390001C9AB0001D1160002CCC200059A8D000199D4000CBBA600083C210001EC8400021CCF00117B3100029D4E000C1E6B000386AD000104810007866F0004D93B000494E20000F9040001010E000154FF00018195000994FE0002E1020001D4E80000C240001177DE000145EF0002930800034E86000103130001F9340001ACD9000114460001CB69000103F000043FCA0000F722000BDE6C0000F0EE000296B700016B570003272F0001C54F0002EDBD0001E1D90001B93D00043F840004195600026D7D00029BBC000122940000FD4E00015C060000F5F500084751000356BA0002136B00113BF90003FD41000B781C0005EE4F0011E03100110A6800018FFA00010519000164680000E9CB0002688B0001910700114362000168A30002060F0004873800026CAD0000C1660001A5140001F199000C599D00016E960002DD810001276F0003BA5B00016CAF0001A0B60002F5A70005A7CD00027241000AD5E400014033000D3D2D000358D000061D7100012F3E00015FD500060AF5000339F60002BFE300031D590001E6A700064E83000176F3000338270002017F00010E7D0001790A00013591000124E00001A24A0002F20F0002828E00057C7C000CCE9C0004CF7600015B5600013006000257B7000235BA00017C220003FA8B00025006000136490001578B00016B4D00017BF10001F0520009FABF0002EFEE0001A94D000203D6000FEFDD0003AF460001313C00013D590004739E0002986B000215EA0005F50A0011A0CA000306A90001F1AC000A1A520000FE8200035173000111A4000239E300074C3C000354D200063625000130D800016502000187600001C18A000975530002A33100020346000262650003EFFE0000DC0F000189F900012B380001203E0001334E000332B800014E8200011CDD0001A46E0001E1000000D3F600013215001164C300017C400001D66D00017E6B0000D1460002729C000BE3E900049873000174F60001ABED000102C30006D0D60007A4EA00009F730003EA5600026FBE000187B10008BE160002D123000A7E5B000189E500013237000B24BA0002146E0003014D0001DC2C0000F20800016D81000223F60001550E0007A6A900015D010001AF770001B3370003F4EF0006B10E000313BA0001381B000231510001276B000166850004756F000900DD0001B81B0002932D000122CD00023AAD000269AA000149CC0002F40D000189CA0001011900110791000176E10001E7DF0001262C0002CC8A0007CF0400016A110001504700050F2C00036DE30000F638000112680011632F0001C595000495650000F03900044BBD000286EB000250BB0002B817000200B6000158110004D7EB00013FB50000CFAE00022D7300011BFE000131DD000F6F450006AAC7000208BC00085C180000DF590000F058000273F2000138E20001FABB00023878000161CF0003393B0001EE9B00018C7E000135A20001402F00114AE80001429A000251C00007686B0004DDA8000385CC0002375500023C0000015888000118A90005DABF0001AE21000134B60007979E00036E82000106D30002AD9B00020560000112920001A36D0002721800032FEE00011F640001A070000230FA0002F0B20004BD2F00014F85000C806E000294CB0003BD22000289270001A7DF000347CD0003DE0D000117350007DB4B0001F38F00074AFE0000CECC0003322D0002666E00025D040000FCBF00039A4E000250B6000231F20003A45300037F27000793E700025577000795BB000163EE000222B500021D5A0003F78B000239950002133F0002A6EA0001144E000443A40002E36B00018BDE00018CA1000447110003816F00049D150001398F0001E9620001554E00048D39000106610000C11D0002EBA10001ABEB000220160001DCC70001FD880001E7AF00022F85000367B000017C170001EEE30001505D001197120001664E0006F89A000489C70002F3DF000280530000F09700024B7200035CCF0002FD510003DDDD0001E6AB0003593300023C7D000172A30001EC0900019CC30002B4EB00044098000144880001EAF100014C8600022C4E0008A591000FD33A0007056800030A9F000376F90001E7FF00074E970003A1020002B74E00047B770001D878000182BA,5120
82,0020001000,5,00036FBC0002CF540003A2D40001E0D20001A66D0001F39E00016A88000455B200048D7B000176C50006F70300080861000227400000F22A0000BEDC000213C10001434F00024B7F0004A97D000126E30001903C0000CC1B0002FE79000133370001204300013B4500031390000264C0000225D5000759A40002C7790001509A00035B0000027EA7000506C50001547E00037E93000226000001D0DB00130EC000027D250000F11900014E030001BD7B00022C87000316BC00051CB80002741800010DBF0005C39F00012A790000D7C1000133F10001D5EC00022017000265170000F27F000119050001ADF20002442E000171D4000C5AD000011E1000013F140001252B0001C4B50002591B0001655B0005B76F000179EC0001C05A000121B100015164000238C300031E2400055D740000F84E000324960000B000000A0864000138BD00031B0A000166AA0001BC3C0005A97F000163A8000145EA00019E38000101E500013DE80001934A0003C8A1000171830002DAE70001583A0001CA0B0001AB9B0001FDDB000156EC0004CE7F000266EF0001C9A1000116D10001B1DF0000F20F0000DC72000118670001C5730005AC2C00016A240001BD170002DD5D00014A5C0002EB7200018D1B00013983000794010004092E0000D632000144E10000D53300039801000329530001BC7900028F670001791D0001A9B80001149D00018EEE00014F3C0003CDB20000C01200029AA1000558AD0001CEEB00045C4E000588790001644A000149D70001B0A80001E9AE0000F0C90000EAC40003C7640001ABCC0001166700015CF1000271B10002649E00037B420000DE870009E56C0001855900020E350001313F0001214C0000FABC00013D8E0000BFDB0009F50C00021AF400138AF600012B240003221C00062CD20001ABB900011944000145490000F26C00022AAD00011F8B0000DD1A0005379A000183A10005F7940002236100016A6600010AA30001C1BA0001754300011AFF0002C1C60001A4310001552D000347E2000333A80003A63A0004EEB90001255800022A760000E8F700017EFC0000C6E4000304B700011FC00009E621000355410001CBCE00012E530004FB9E0001842000016B54000203650001DD5F000111370001D23A0001663D0003AF5700019812000224A60000EB570003268F000153FA0003B5150002E0570004C32F00013EE20001C72700010B5000042F37000161CD00015B1D0003505000022732000229870003A3A90001A0FE000153650001A598000535E10000E2BE0002ED370006106700011089000615730001AE1A0004012900056AD50004CBD9000353B500027462000308C200011BDF00046BFD00020CA30001D8E60000E1170001BF8500037A380002F2560000993E0000DBFF0001A7D900020C7E0001D75900014F9300032265001231420001B3E600011A980001A5FB0001D17F00009F750001768B000626D90002B8740005B05F0001B9EE0003A8A200015BC600028D9A0005CA3B000682AF00016C7A0002BC480001DF8B0001BB130002622600022BD40002310A0002E58500138128000161110002BF950002829A0006F9BB00078B670003A9F60003BFAB000406D900017A0800010A8E0004E68300108B630003DD8E0000C2B50005902D0001D1140001003D000283690001F0EF000122C20002A3D00001A1B30001942D000427AD00072E170005F71F00020E75000202E600014C370005975A000223D40000D7B800023A5A00013BFF0001FF30000422240008D396000224B60002CDD5000234BF0000EFEA000121C8000A66860002245B000143080000F2D200029119000186E900035634000384550001C5680001A2AC0000DF8700041F4A00028122000122F000029FBA0001006200017F7500031B220000D07D000160230002B6F80002ECBC0000DEA700035EA800017C4E0001AF0F00072D1200017BE80001CAF40013CEFD0001FAA0000232BC0005044B0000C00900012B9B0002603C0001BB8600140D6C0002005E0001B0AF0000F61A000142920001258C0000FB030000DE5900016AC30001756200017D07000209610011C94700016C9E00024F2F000115A200030F3F00021AD10004C1AA000180520004D6B00001689100018899000172390005207D000467520001871900024CF1000209F700055537000125A6000840290013B9FC0001BC6C00038433000190D200054D0B000274D5000331050001A1810001465F00011B7100015C260005CA8A00033A9D0002A1A30002962D0001CA540001D0FB0000C24100020E4A0000EAEE00011FCC0001B687000480B700016A520001AFE30002EC740001A3C80003AA8800028FA1000276930001C39B0000B2D300014095000144DD0001C5580001D5A8000170AC00010F2A0008E51A00016D850000D7510000E9170000DF8500046BD20004390C00030BC000048A8F00030A7B0002E6970002448F00062761000122E20003DA3500040E8B0004D35D0002A62F0004F3B10000B3F4000641260000CE4C00018CB60004B1EB000198A6000249310004E5F70003C9ED00011D2B000150FB00012D6E0000D47B0003F0D60000AFFE000333CD0000F03C0005B8C10002006E0001B1D30001231600015783000656BA0001971100024F88000160FE0002F1E000036B5700025D6C0011BEF500010FEB001119510001240E00054F5F00016DDE0002AD07000226AC0001D54A0001C82A000090000000BB250001BA6E0001286100058E1700013E300002E10D000119510005FE9B0001B4670001BF320001FAAE0001F6D70003C0EA0004BA080003E1ED000186E6000136350001C0810002791B0002220700013851000359AB0000C02B000156070002C6ED00014C3900029C4C0000D63700016EF60000CC230003A35E0002D1A20000EC7A0001DE400007DE570000E74F00023BC200011DB70001600C0000F54A00011ADD000A3A70000312A90001515D0001860E000274FD000121D3000112C6000217EE000131840001CEB9000233E00001A93B0001FFF500036EE90002A5CD000390AE000145F5000134770001BD5200025C52000150FB000177260006148000010E340001018C0002393100012570000149BE0000FF4D0003F2A5000263790000E2690000E070000241AA0007178700054DFE000D2657000731F2000142240001F4DF0003E04D0001D889000111D50001463D0006C90800018266000169AD000135410001DBAA00018AA60001444900012A930001A2770003302D0003A3830000CA21000120960001980800050A49000244750003B979000114740002BDB10001C6990001D10300013D420002B0090001474C000287020000F93F00046AF9000146530000D1E100014BE90009803F0001F1D100033482000126120013A1760001643B000494DD000554A800054FE30000F0050007A0360001C1E70001957F0001DA8E000212D300014B210002654E0001893C00045C7A0001AE8400010EAC000103AC0001230D000215E900016C0B000204C00000E19600041EEA0001A98A000169C700016FC600069193000444150002D83000017AC300071CCB0001FD950002111F000124CE00021603000211DB0007550A00010E1E0000FDEF0013AB630002BC600004993C0004F349000279BE0007994C0002946C00013DB20013A8220002598900054CD100040E81000128570001B4F00001811100014D2B0001904B000137880003636300015E200003982E000122D10001EAA3000189510010457A0001534900023C050007F1AD00012E060000E5AD000557020001BAF00000FB2D00072BC2000183B7000236910005A67000021B94000392EC00034C8C000137DD0005913A000461860008A99300020A6800010F1D0003248300021BCD000124DB00012677000163F60002740D00025A9D000198DA000392BD000219AF0001529F0000BF390000F871000383AF000121EC0003D4C700064B990001B30600062E910001A606000669AF0003E7BF000487000001E41E0000C17C000132DD0003C343000132B10003216600033CDA00010FD9000672280000C1670002A2F4001145470002D06D0003F41D00026A150001520C0000F367000BD3ED0004ED7B0007143C0003247A0001A9EB0001C6C800021A650000E1A4000143190000E06A000124D40003A6FF0000E01B0001103E0001A4580003C26400011F9300059CFD0001D3BF0000EA400002E7B7000127F1000611D80002003F00010DC1000378220001A4330001F25600028F300000A0EF0001C695000195B600029B1200018101000183EA000154650001985800044B240001509B0006ACE00002520F0007BCF600138FAD000131780007E86F0001DA8B0003095F000350770006F641000232510002294D0000E04C000107040009AE41000A4D1000010FD00001DB5A00061095000167CF000145B10001F53B00020D0D0002F869000107390001FD5F0000DFE30001B723000200470004610D000182F4000CA1A90002584300022DA000011FF50000D3B10001A06200018A210000FBC900021A570002E32F0004604D00014B890006782B0000CAEF0007E564000650C2000136E5000120F2000833660002AE2F000776FB0000E35C0001F0250002C3B6001230C90004BDCF00040F060001D4EC00061E2300024C6E0002FDF80004ABC90001D1E0000305F20002FE1300014D430001512D00016D89000129F50003B0FD0002A878000127230004E5D7000229B4000844FD000691CB0004D31F00048A0D0002DE6B00020E0F0000D87D00045D8B0002A1E50000E01E00029DA1000185710001F7AD0001B1390001F52D000148890001C791000243070003B5480003F589000198200001FEA9000F4D78000224080001EDE000028AC30001A1F20001518F00034320000341910001BA03000209BD00017085000146110001CD4E00090D72000C9D8E0005CBD60002253B000107E6000613380000CFF30001E6C10004F535000383770006FD7A0002398B0004BC45000149790000F0400000A5010001588A00145EFA0004658D000241BE0007493F0000C18F0004AA2D00032A81000146C900017F8F0000B0270000EE76001089120003D0FB000237150003A5B10000E2920003362A0001D51D0001001B00016C110013B928000220D70003677E00015BC2000168390001D543000521550007ED550013E6A800015085000161E900043E7B00050E0800056425000251FE0001325E00026B930001ED9600013AD50002304500048F760006EF88000133A00005219F0001BCD000012422000620A100078A6B0007E38A00066F21000457910003847F0001E18C00036CE100049CD6000968F90008A3FD0001A04E00030CFF00011DD00002FC850002EBD700038BBE00044BCE0013A7F50000CF4C000149C70001339900023E94000152ED0001DAF7000101FE0001664A0001BE030002DDD20000E092000376E900012619000399830001BA2F0001C7EF000139CB0008D86A0001F7FA00024B10000173710000DAA700019D63000272DF0000DA32000139FB0001851E0013A1C00001E7C70004E1F1000690F30000C43F0005FEB20002A3960002086400012255000109760003BB9D0001919200019097000143E200015EED00052C4500139CF70001A84600073FE90001F093000104860000E05D0001437300010C2C00011BF5000201960002310B00028D5E0002F31000051E39000190F000028C2D000148C40000CFEB00019D690007244D000163BE00038E2E0000E6850002E9BB000217320002ABD10001A3E20004A9C200039B35000298E40005B53300010EDB00015676000211BD00017CAB00014617000311B10000E7AC000185CD0009DECC0000C16B000134960001762D000107D70001D06C00042C520001902F0004245D0013A71B0002765B0012B65D0000F777000240340002BCB7000988860001F1FF00028A4B0000E5A80003C5250002DCDF00029D030002F1DA0006D8F800014EA90002241300074E430001255B0000E39F0002681800021271000436EF000117000001F0050001CC5B0004183E0001FB820001BE160003D6820003092C0000DECF0013EB950005EBCC00013E25000101CC0002CF9400011A28000244F400026A73000142F100029AB5000131650001311600026593000135EE0001047C0007445100135DF00001F1AF0003F9D90003B1A00001FBC30002692E0004218C00019FB1000368CD000110300000D73500087ACF000241AD0000EB62000124880000DCCE00014DF40001B9A1000416380000FD630004CFCD0001459C000309300001ABEE00009495000180D60001E70B00010F130002C1380001949D0007C1720000EC740002B6570004DAB400011B81000201A5000EBB5F000124C10004717E0003C48D00094B9F0002DEA5000137610000FE75000171DB0001840B0007ACC600024515000267550001ED1C0001A4C000072F7C000121710002617400025C6F0001E27B0002F350000219090003675300011D8A0001102100016E6D0000D9490000C61D0001EBF90001286200013C070004A4600003019A0000F02C00042AD30000EFC800028F450001542600042AEB00027C0F0001517C00018B550000C9230002906C000A53C2000483BB0001415F0002F13500026BBE000158340002C38D00017FF700023C7B0001D7740002F07A000259230002D2C7000266A10004BAD200013D3700052BAD00026348000702D90000C0B1000167FB00013D51000B3326000174D900094EE20000DFA20001C7FE0000ED670001C4FF0001C40800010C610000BF33000336F70003B47B000162500002D41D00044C3E0001313D00019EBB0002E926000B2487000270BF0004714A00028F8B0001C53B0002AEBC0001ECC50001AB730000D23D0001926700022CF3000347E3000196BD00030B4D0000F2DE00029050000244AD000220250000E08F000682E10001DCE40003F42F00019E000000F167000CBE6500009FFD0006E6BD00014962000865C1000139F90001AF1300013E6D0001BB5600012602000126E500013AA4001218320000FD3900019971000163D300032C5200014BFE000215B60001261D000253CE0001EC1400012C6B0001D2A1000349050006764C0005D80D00011C5A0000F0450001F3A50003082A,5120
83,0020001000,5,0002F41B000174AC0001A5AF0000D14400020010000135E7000224E20001AA1300027B990002ED1C000100160001DCFD00022BEA0003EEC40002FC25000129130002271C0001E19900017F7E00012F6D0001A415000396AF0000E16F00049ED90001C2F300040A130001E6020002CB990001555A0000E9AA0005362D000111F900012F600000D8FD0005E8150001FCD50002A81700031D5900017FCF00027E2200020FD6000F604E0006400A00011388000143C90001323C00015AE800015CBC000170E10002DFBD00032E8B0000EF6B0000CEA4000157140001513200052657000804DB0002817D0005F8CF00040A450001B9800009B5B80002EF040000FC5400032DE5000146AD0002A0460001D05100024B650010B1AD0000D219000131BE00080EE500016CAB0003425C000289A30004AD360002CF920000C1410003283600013A880008F156000136CA00036354000295E70001F65700015EB8000266610002B48700035B2900045A54000421B200019D900002E9BE0001EA78000242F9000163AF0001E4250001ECB10002203600028177000540B200023D91000240CB000150320014689B0001111500035ADB000623A80003D9380001D1290002F392000153C30005919300012C1B0001AA3200026079000183CE0000FF750003074F00015FF10008E9330001478C000171F70002E8B6000319B00002BBDB000134F30001F4840010643400022345000293A50013DFB500054724000253540000CFFA0002994A00025058000680160003D9FD0001BD5600026CD10000F2390002EE870001142A000963160000ABE3000168E00001C2F9000187C60001A9C30001AA8A000342EB0003424A0007E2940001C3AB0003F2640001D1FE0004F540000168EC0001229D0003AC7A000100330000D0AE0005647700025C6100057E6F00017B340001545C0013596F0001C51200015B61000234680004AF5D0002E3FD0001BD6400019D1500140E830000EA990001EC0000011307000315FA00034391000211D3000131B8001422070004331A000178AD00026F6C0002EE48000165AF0002361700021A4300145CBB0001338B0001A36500021BCD000259C80000B6D80000F1AD0000D23B0002DEDF00016296000179450002C3280008CFA70002E78B00027620000170750012211D0001246F00073D6E0000F78C00050B4F0001A0B60003B7780000F05800012CBF0000E7D00001E3A40001AFAF0001118F00065C4D0000F5DF000120620002B70700012C3B0001D36E0001B1540000F68900013D210000A46E0003535A0001DCAC00010D9E0001D41F000824E60002700500015FD70007D4900003214E0001BD54000198850000B5C60004AB400001C428000488A000011DDF0001349E0001C4C40001F7A90001A79900017ADB0002575F00022BB9000210FA00044D09000FFD11000E87D300012C58000193E100051E320000FD7F0003A7B0000133F8000402AD0004141C0000F1E90003B65C0006DE0E000259650002E38400032D38000166C80000E0870002AD650000FC5A00019E5E0001224A0002DBB5000DFF4B00016C62000271CF000239080001DDF10002ED2900040FB300036EE50002882600018E5A0001771E0000D98F0002A4A20005940E0001C27F000120C90001B58300016AC700014D19000225C5000212FC0011B2500004B145000106CB0007896B001419B6000165FD0004EBF10002AA500002822B0000C5690000C2D80006802D00023B8F0005B08300026CB40001CFD70000FB2800010329000152B00001F6C20000D7D00004C8A900014F310007E6F70008042900034643000C0E510001BE800000DDFB00068A400000DBE100050A730003B3E50003710300034B47000517CF0001C8930007B6C60002963700077ADB00017AF600038369000238D700016D90000117D50005191E0002FE390001810D0001275300022B87000621250001433900029C01000281C80003FCB700057E64000323340000EE170000B9430004EC70000252C50001A4AC000152AD0004DD0D00058B2F000186AC0000D55D000273DC000F53E700018F9100029FB10000E08D0001A36E000517740002139F0002F1100000B56000072CD30000FE160004D1950004F01C0000DDEC0002B4F600027151000279B50000D8970001ADAC00026825000259110003DEF30001C498000120110002B0490003CC73000127D700022DF2000282430002AD430001598C000207B5000284370000BE2300049AC500019EA3000110FD00015D0600021ACF00049799000235850000F2BF0002B9550001C36300023908000271CF0001AAD3000126B60009F933000203870001E802000322CD0001EAA6000151EB000858550001C68C000218E800017D010001450F0001A97B00072FA20002DA0F0005F313000221260002D23D0003ACFB0003C5A500020DB80010B4C10001105500055F3B00033DAB001117900001CA02000154DD0000FF8F0002762A000427EF00019E210002504600026AA5000111CC000191BB00010DD1000148DD000171660001D2A100035B8D0001CB050002FD59000245FF00023C9B00038ECC000302080002964100018B78000221810001991700014DD90001593D0001D9A20000F0CA00011DB7000180EC00048D0E000594150001B45900014B9C0002DF9C0004426D000189760003AA0F00030B000001731A00038B6F000184360001AAD90001491D0001D2550001471B0013F04400012AA00001128E00013A8700031C7C00016EF9000197D10006C8C30001CF0B0001F13800019D2B0007B2E70003616E00022D93000177B800026585000404BD0000FE2900008B01000153DE0000E4ED000260470000D1780001BCE600015EA90002EB8900073FF3000562450006BCF60006F9070004660B00029BC5000224870001E6FA00013CFE0001DAB50001FEED0001A7FA0003A5820001320B0000E56D0007AC7200093C190003C4FC0000FD9E00073026000766D90000B9FB00142D8E0001281700020CD8000414180002230700017A50000B85470007E6470001FCBE000112070002530000024E1B0001674E00066C20000193300001A3B60004E0B50005FEF80008CB480006AA6500039CC80004247F00015C50000790AD0003051B000301510002D59C0001FF160002CC510001BEEF00062D740001926B0002BC4500032D2C0004B9C30001021B0001DC3E0001631C000345750006B6BD0000CFC3000122C20001497A000256950002E19F000F11B80005E5390000E37200014305000254E10001433B0001521400137323000160610001041B0001791A00140E450001715400015CE70001D034000328F10001F72B0001EB2600070ACF000D2AF70000C14A00021EC30003AC3200019ADE0001FD410000FF860001D16E00019F88000517820007A3220001DD95000176500000F5010001B8630001AC79000292060001EAC9000267A60002369E0001EEF800014ECD0002942000021C7A0000E35C00015FF900017E9F0001E9990001A96D00053FE90001FBF100021B43000623F90001411F0004875A0000D0610001C56C000363DC000533F60000FF64000315740004A7EF000224DE0000E6FD0001D1B2000770E2000202E60002ED6A00007FDF00019CC50001A49A00030C3A00035CE300024D700000F5DB000208290012DFC10005C7370007260300010428000A3ED6000300DF0009A5B90002532A00017F000000BAA7000182CE000189350000C24D0003DA85000160E50001BFE60000FD8B00062125000224620000AF8F0001764A0003FBE70001110800018AB00001027300049C54000121570004B65600012C2900042B0D00027FE10000E6AE0014089900009E63000100E200031DC10000AFE800042B1F00017918000182390000EDB90000FF4D0001233C0000F54D0002D634000651C20000AFF600011D410000E57E000125EC0002379B000277D5000169AF000144800003C1CB0001320D00039E7B000105D20001F6B50001335E0000EED30000E15D0001E5570001EADE00031FA70001F90D000283A30000E2BC0002DEC2000111F80001C6F3000262320013F8AC00012ED7000260F20001108F0008363F0000F6AA0006D7870001B06B00012175000276A50001CFBF0001343E00012A370001DBB500042E0100034DF2000165E10002D53800041E8D00028B420000D591000183D800025C4B000182DC0000BC0100018B4D00013777000179AF0002CD490000E141000398330002654D0014318E0001AC7B0004A680000161F700059E570002B63E0003FFA80002E22B0014954D000170A400078AEB00022AFF001302E60001155200024D2E000402F50000DED800010F2A0000E7C500023B9D00016E5F00013E3900040E92000365BC00026CFD0001E12A000339B700058A5300026BD7000252BD0001994700013DA900034E8B000164260001A9380005750E000224C70000804B000176950007A1C30014809500018C53000111A10001178200095EA200068BCF0000AD70000255170001FB330000B0080001207A0000F16E0001875F0000F50F000644860003A9990013ABDB0000EEE500046955000169BA00011F170003A2AF0007D47600016243000959D50000E2060001F2EF00020DC3000320400002171600027BBA000172420002D5BD00015748000381B100028D860001A7A10000F08F000838F300072C78000532D30001038D0000D7020001B7480000F2BD00045F500002469C00036166000275CC000285140003C4CB0002EC88001483100006435A00035948000650DE00022343000174A3000150840001C8540002EEBA0000AF990001272C00011B79000165B200043F2B0000D0DD000328BD0001ED0900063FA900025C630004531900025E310001AA9E00020D4E0006C8B30002EC8500039CDB0003573D0001B8D30001A9F000011FF9000341430001AA4A0002DD550001482E0002A4430002D419000251840002550600013AEF000140140002FCC00002105D000698AE0000D1B400019CAB0001D04B00025BBF0004D16A0001072900068C490003014000018640000287CD0003594A0001EFEB0002270D000B0CA50003EC5100020F1B0001F2B10000DA4F0001760700038A8300015E0E0001AE5500023B080007E26900040EDF00022C530003A2510001DD2E00037AA6000355A000016CC50003A28E0002BB4D000212370004BEDE00015BF10000FA5A00013E2300011ED10001B42E0000BEB1000460F1000216890000ED3C0000F2DA000219DF000128DF0004F6150002B0090008DB870000D00C000163C500023FB50013926C0007B3F80000EB4B0002B4D800024F040002D0430002579F00035A170003EC880002864A00012712000276F900045B650001B5CA00052E9E0002275500031C380001BDA700034B46000194A60002C7D50000EE8600026E18000106240003741A0002B38B00022DC900013622000255BD000157EE0005D0C300033EBF000216A90001F76B0000F04F0002EA72000824FE000187310001E1A7000132A60000E02D0002F7310005396B00018B5F0001CECF0001EA39000287DB000140970001A11A0002AB4500021C3B0001E0A20002F3A90002C34800022B1F000184C100013C6D0000DF770001707D00012B97000ECAC50000C0220000C00500021AA6000F7D580003AF360001D1BF0001DD750001FBF9000163AC00013B650000AC5D000114F50006EABA000319210001249900052B240001453E000254E30001040800011FA90000EFB000065CA30006E380001427D000014B340009CABD0003624E000347110003B58D00028A0A000455EE0002D9DE0001D13D00027B3400019B1E0001DFBC0002D7630003C71A000505D40002E3970002C01B0000A12D0001EAFC0001D05200013DDE000126AC0002CA1B000101D10003B39F000766BF000147CF00018C2100020CC90007B9330001CCD20001FA190003973B00013A75000152FA0009517A0005328A0003DDEC000338C5000354E3000090CB0007C80E0001E705000BE675000481F60002507500011119000C9624000153AF00040BFA0000E06000020F6000016D290003FE5A000156950003516F000143640003FBF20005410D00039F750001FF450002699E0002CF7700010F9B0001015D000403900000FB020001A2E30001950D000222770001303D0002BD1300016B3900011DF50000FEAD0001138B000113E8000F50730001ED9200015CA9000245E300010FDD0001B695000349190000FEBD0001341B0006AB3400050AE4000282AF0002EC010005BB62000521070000F1C30000F4AB0000D0720001258C00021855000C0AB700021E480000C3EB0001A8DC0002313D00021A21001460F300016A020002059B0001121E000361C7000290EC00024B1C0000F32600025B0F00020E11000157D50002284A000106890001F20D0001712A00028D2200016FF300017DF100014F780004709800008FF50000CA200008A1690003AFA70000E89300018DF50007115D0002882100015E0A00023AD30003F7D700025BB100131A3900012E9C0002C6AF00022D58000164DD000248D2000189C900011FC100142F080001A25700031FC00001D824000142EF0001AC0A0000E97000031106001392900003955300056DE8000282D80003159A0001132E0002E91C000232D300092D450001F9640003534C000131ED0007912900036C42000815880004C8E6000111780004F8970003F25F0000F3210007007C0006EC4600026BD00001693F0014296500028F0500021AA90001AD5C00017451000185B10000F0840004A04A0002DBEA0001EE7700033B9B00021D370001C0970000FA460001C07B000896B50001CEAC00034DB600016CE90002F1B300016DD1000175A00001DD7200045C5F0004BA83000368B10001D7890003775800017C720000FC3F00077797000713390002A95B0002BF3C0004917F00015FA3001408490001BFDC0002645600016F83000133E20001A6650002BEA50002018C00014BF3000113070003AB960005BB5F0002E3890001AC9100075032000191680004E16E000113D800077D700001065B00011071000201A20003200B0001FD7B0000C01F0002D2D200051E990001623E0002805F0006772E00036109000359240001011E0004925B00019048,5120
84,0020001000,5,000418940004F06E0001BF820002338300019A0200043EB80001888D0001816C00025229000183360000F1B10001AC7A00077E4B0013E03200012C9600013E9600022048001484DD00019DE50001D994000128610003626F00019E7500010F630003241500025581000154B7000106440005B39600021EFE0000C6CA0002EF2300021B7F00020C1C000177100000CD200002F53F0003EAA8000224B3000234BB0008869B000100D60001BA8C00042744000173A80003B7230002D58E0004643200029A8A00016A760001BED60001F7C0000202AD00080F2B0006436D0009E1D900048EFE00024AAA0002517A00016CAF0002E2F5000114B70000C00A00011F4F0001CC92000130FB0001BDD10001E7F90001D39F000317A7000294CE0001121D000195B10003460300070E7100031CF000010CEF0001A80D000182520001C7740004A77200014F5F0001BAA20001A83D000247A700016CC00005B43C00036C09000847A60004FC4900022A2D000222C30000EF120001DA4300010B530005B2A1000318460001F001000166A9000226B9000185A00003189B0001231A000153FD000127FA00029CBB0003AC8800029EA90001614600058B08000180170005189B0000EABE00011B750006C93A000141690002CDF10001169D000102DC000594AF0001831200010F3B0001134B00095BAE0002255D000170E500034D03000735BC000A3CAF0000E0ED0002D6790001BF160001CCCD0005ADF500011B650000FF3F0001E6FD0000C7D50001484900059F9B00018EBE0000AECF0002114100039933000105580002105F0001DD0F000389A6000206240003F3CE0005022500024D1100017D51000DAFED0002A6CB0002B05B00036D5A0001AD060003CFE2000140AB0001C0EE00148DDE0003D379000122BC00059A410003360D0000D31200015BB80001BCEE00010F630000EF8300032346000084BC0002C4D20001B6A000050CD3000173E40001B89F0000DBF600017AAE0001D4320001882700018FF00000FA8B000445C80001846400014D93000375C80003618A000AF9F80001F31300026AB40000F50500021C2100021F000003F0BD0000F16E00022570000280A3000129AB00016C3D000183C80000E293000132FA000166EF0001A0C3000146160003DCD4000348D90004048500017E56000188BF0001A4580002F6F400013B5400041AC70000A01B00027E2F00022F360001333C0000BF5B000E6E010000C928000A52620001066B0005016F0000C27100035B20000647280012E686000254060002841400022FA300019AF50001AC6200051DB30003EB1D0004D06C00062C500004D7830001AB550000D9770002229A0002C0970002E8850001B6C80002A6650006FF96000126C50002D58B0003490F0001765D0000F1E3000138C2000297F300013A32000824170000E0E10001F0930002B9B70001188C0002B8BE000274A40000F4E500014953000220110001A5BD0004D4BB000404F40001BDC9000164930001D9DB0001C3C40001E45D00019E2E0007959F0001477F00018B780001B9770001A5F80002814F00014ADC0001F3830000F56D0005FC96000279ED0001044C000738380004574B0002EB3A0004B595000130CD00020ACA000275C90000A0490003C4090000BFFB0013A124000184350000BB1C0000FDF30001DDF40001E17500024C440004F0BC0006B44F00044D9C0001CD4B0001346C0001D0770003B2DD0002628600018F1A001447FF0002C2B10003A5580001809600017AC40002CC700001EDB90003F3B60000E0530001A6F70003BBDE00019F7000034DAD0001D431000285F60000E5370002E447000356490009B7B50001FEDE00018F90000716F20003323E0002F2BF00009DFF0002A69F00034FFB00017D8E0005651C0003E31A00038AA4000328C40001B1910002A9370001BBB600016B120003C30500012F1B0004E4570001A4230001BBE10003D3B80000F0A000023C8B0000F17D00019F870002C0D500013494000420AF0004D549000363C70005F5E200070DA10003F0090002D7450002849E0000A0030001623F00013FA100015435000445D700021D6300037D990001593E0001ED4400033F8E00056E540001AF2E0001F3350000ADAC000090000001C1C9000706BD00011F6800044DCD000508BA0008ADAB0002A4A100052CE700012CEF0002BD3F00015E1100019BA1000316EC0013E5900001FAD2000390A50001C6C700145B0D00035A9D0001B66200017C880003D687000218780012685E00072E860008C2DD00011C7800020B8D000433250000CE160001AD19000199690002311800011069000173C40003C70B0000E6BF0004B34000027C4E000207BA00024E6D00018F97000121B9000226C500013E8B0002EAFB00023C4A0002E6960000E05B000CDED90002FAE00004301900020591000264620001328C00020AB40005719F00143886000422BD0003A1250002234A0001C2E300024AD00002E395000127AF00016DC70000F1D000055DA2000310D5000425C60001B74900019D56000587F70002471900065790000324A10001AF5E0014CC03000212C300088441000182E5000A13BF000148330000A0130007F7C40012E723000281850001CA4B000258C100013F1B00026058000118DD000236FB0001BE93000242EE00025C190001D5F30001C21F0001547A0005CABF000254C8000678BF0000E2CD0002DAD10007C51C00011EDD00020DA6000346B4000242050002CE1F000130C00001A26E000282CD000263800002250C000123C30001E6890001969E0001F5460001522E00048B390001A9A50000D3550001E1EB00015A4F0003CF2700018C7A000123250001F84D000331AF0006F4BD0004BD0100013D7200049F050003D8000000F78800010BBA00143A680001C07100010A5D0005941B000114B40003D15F0002E61F0000FF370001B37B0003B599000344920001D6740003D8080002852A000129E20001BE07000451410002341D00020AE30001776400144E3A00016E7500055A230000F0540001BD04000653EB00038DE5000314C80003584B0002A7B50001A0C50002493E0014568F000214FF000396200001342D000177CF0000D9EB0001E6FF0000F02000019165000397C50002654B00022DA4000310CB0000FFF800025C5F0004DE7800010FF50004D3C9000415E70000FEC40001471C00031D63000483E300016BD30000B0630001E3D90001878100037893000E76100001C0A80004D47E0002ABD20000AC15000186A700044D6D000246DE000176600001A892000199EF0001495100142D720000E772000457470007FAD100055262000475F00001EABE0001AF820001D2ED000177E800041435000643A70001B0E90001FFF7000C7AB6000303EB0001082F00016EC90002C68D0008F9FA000258FF000414FE000786BA0001D83E00010DAA0000A0030002409B0006C62600147F6F0001D53600012CE50001E4B10001E0F0000151D200010AA70000C005001490850001B6780002A4D700010C0A0001943D0004644200016C31000149FA000244DF000100E20003E67800010F46000239140002048900010CD600034FF7000231790003D1C0000357FD00014516001431830001963800024B9B00023B58000298510008A6E50001EF5500037ECC00010DE10001F06E0001D52F0001BDF4000126040003D0E8000186EC0002811B00085A290002608C000AAB4500028FF9000278860002A13D000417360002161500014B9D000166DC00015BFD00071885000BF4B90002DBF40004CBA5000304B2000245E9000269E400087725000172C90000DFEF00025FEB0001FE540004F1A40001B101000191A40000D0200001C0DB0001031D00029DA500013B7E0001B4B8001446D200016B1E0001A5D00003A390000331480002A5280001D6990001C873000718700001F7C70003D759000129100001C12E0001B0B900040E7400011BBD00027DFF00030539000387340000ED6000028DFF00021E7F00011BFF00077A9C00028B4E00012570000226BD000116620001544D0001478C0001E8EB0002D753000166730001003300008B50000235C100010DD300014B7E0000A2EB00012BB100014EB10000BFE50002E07C0003A70300013DC900034E510004D63D0001632C0001D2280003E30F0003F6DE00053302000350FE0005E7040007B777000513A5000B61D700018007000144EB0000CF680003915A0001AEBE0001D1CF00019F7A0003763B0001E6680000ECB50003875F00019B42000279030001990D0001799F00014E9B000133E4000404D90005A88B000342BB0002ABD300013E7A0001107A00013ACE00013B9E000166210004FB430002479A0000E48D000356DE00013F920001318A0002A6FC0000E4250001089B00037049000750410004F576000166BC0001C5DD000101530002C2A2000794700001B4D60002947E0000B02100016C84000109230000DE9300050F47000264D40001D3EC00021BD800027F4E00038C190002588100015F70000452C5000129850003DFA90001A92600053DD30004838A001075F70002665900017C700003068B000341B9000122890003B07D0001819D0003CEE100011D7A000255BB00014B8F00038FA50000D6F90002C18A0000DF220001BD690004664D00012D590003B3AD000139AE00013A0A0002F25200094D830002500900011C180000C1A400015F550012669F0001184000036877000211240002BD1F0001761800027CEF0003AA390000D0EA00035E7100016DAE0001926500036749000256670001B7350000C0070002CEEE0001D9FC0001CBF70001EEB10001ACC70007677C0001052C0007C9EC0001F64F00025A560002757B0005BD5800015B8400018E770003A2F50002416300024E060001D1EC000136860001F110000138D10001A7EA00022BC600067D150006E75F0001B9CF0002842D0002630D000265C90002E01A0000A0010000C46E000127FA0000A0010000FC570003CC480001ECE60001DCB500010D5F000892570002B2150001567300027ACE0002345F0002E9DF00083A950006AAA50006FF91000197170002C8F20002C1260001476F0001413B00020B250007AD6100011E8D0001A70100018FCB000224410001C382000243A100014BA60001BB950001BAD100027695000135B0000388E50008F8FB0000BEA100015C37000295BA000192AC0014AF1000017E8D0006B55700038D9B00030F590001297A0002534D00054A5C00019CD90000FFE00000AC3500010DFF0003A07D000326E50001F92D00025F9D000253A40001B58D0002CA2900013043000114090001F76E0001DAA80002E46200026AF1000146450003AD7F0001E50A000182510003E120000912F5000245DD0001BC68000109B90001333B0001FEEE00010AD20003718A000174A10002D5A000018A68000359C900094A2B0000FD1F0001C71D000214370004372100041EBE0009E872000343A5000409A90003808700017ADA0001ED10000293FE0002C7D10001B846000514190003D1DF000AFCD300031EE50002D4CA0000F2080001ED380001D7EE0001E66B0001928B0001592F000896470001E7EA0000E3BD0000FF210006DA5E000192160001814B000140AA00147BA300037AA10011CE2F0003170B0004020A0006114700012CBD0006477D0001A2C0000403B50000B22100033336000287DA0000E0D600049D4F000176A80002DBB700014B4E000118900000EC34000122350002BFC90000FCF1000711B60014339800022C060003CF6300034FE300014697000142E9000130A60001D37E000125A8000171DC0001D7C50001707300011C5D0001C083000963A10000FD8A0002BC2D0001A95D0001D3E5000318CA00020D000002E98700024C030001B50F00036E3B00015A530004B2BF0001664B0001C0230001530E000447340005D0CF00038CEC0007FB0C0006B22E000301B50002211700016C3300018CA40001B00E00011BD70000F3FA00060C9B0001BC5D0001720A0000FB970002C6E90001CF2B00012B840000E5200006B55300025D5400029B8A000628740001DA030003C797001453080001833A0001381300020BF30008504300037FC50001C9680000DF5D0001B4820001679D0003D2050001860D00015A250000AFE30001C7E9000620D000033C6700058D9B0001828F0013DDD10001D8E60001EEA50002E84C0005E4FB001442A20000E22B0001D54D000574E70001F1FE0003976400029E60000126310000E9B9000234660001C15F000490A3000BC40B0001218300016A190001FA3E000215E600014F4D00023D250000CAC800012CCC0006C22D0001216A0004D822001204530001686D000165C30000F43300012B050006BAAE00025E42000401F50003158F0001D1690001CD2800019DC70003A027000193810004B6B5000201F6000212B0000E86C200021B7500010E650003A6950000C98E0006F01600019DD800024929000113EA0003132E000886C90001BCD40001B4680002B13D0009899C00044B6F000157170006CD450005E7470001711B0002744F0001390A0002BDF30002A451000136A40003D086000120A6000150A40003C960000114C90005E0370003939F0002034E000B9D9D0002565D000112C50002638900049AE6000106BC0002E95B0005459C0004AFF600012D750003C0EB00012357000285ED00018C1300032F570003493E000175A9000560EC0000F81100032C1200023EEF0002F7D70002CDD50003D7F7000506B00001C154000208E30002419A00016A680007C30F0003402F000189DB0006231F00081C330002AFB30002F11D0002BE680003F6A30000EF460000CD7C00029F7D0003DE48000248B30001280900046B7B000278B70001D83B0001F63100019CB80000BFD10004FF8500011B41000538B90002E6E10000D288000579E100016E470001B7BC0005E9C0000580B50001150600017ED6000214C30006CD4D0001684900017FC70004C29300014EAA0000F4B00002584100013F910000B170000454200004F9910001DED500013AB700031DED0001235000026E2C0003073200011B39000159BC0001003900012EE0000227470003453700016E1B0001CE7D0001B02D00020AAE0014BDDD0002578C0003D2DC,5120
85,0020001000,5,000167E60003FDD700010013000350A6000124010003A14000080FDD0001D332000311710000BFD7000130F9000280AA0001BEFD0002727E0002A2140001F5E90001D01200142F200000F8F0000472C8000127100001519A0001070100052F35000264490001856D00027B650001F27600013885000211480001F7FA00031B7D000179580001434300019F9600017211000112510003DBA40001336F000874ED0003987B0002AB790003EDA500010E8F000177B40000DFCA0001B33B0001E2FA0001287300016E0000017EF70000F5330000FDD1000180070001277A0001BB2400033EE70001FF1E0002DA39000185EE00013D5B00018A900002CBA4000292E90001596B000F065500019E4E000177D000042C1F0001FB67000197FC00017AF60002929E0003AE4900016BA500019F8C0000A003000498A20000E68100036C380003B448000257DE00014BD400012EA4000165700013AD4F000181EF000318700009432B000179D400039E3C00015A3B0000DC9E0001876700026466000F64940001B87F0003308B000186F90004D2C500022ED80001C53600062C4E00061ABB0001912F000255560001013F000179510005DE870001E716000239D8000309E30008008D00030DF90001A35500038C740000BFF30000E05C0005A3540006CD5300086F7E000270B400012393000161790001492700038295000256030001D32A000189070002479F0004A2320001404C00080D8500013E9400019542000303920002F61E0013DCAD00075D1D00011BD40004709D0002F6830001D5900008BD9C0004D7BB000245D30000FB88000163320002756C00029CAA0001020A000F4384000244CC000129C700012FB800023187000186A100012CBE0001DA260002D1F10001B0C30003BA4F00052EF90000DA0500016A0B0003212500017CC000012CD600017A9A0001FFC500019A9D0001AE210001CDC100024C260000C3F800015E1B0001A87A0002398D0001B1A20000EB650000902B0001FB860001B8140001A3DB0001B6E7000102AC0003AB69000312280008D4DC0009DF3500026D880005D3D5000284A00002577E0006448B000262530002AAE80003A74400035906000138F20013991E000205C00001319C00020EC3000165F50002567C0002311C000157A600045851000111A70001823D000137C0000266030003F210000321E50004EF8500013F7000018F3F0002ECC50003EBAF0001657300050E130005BE7C0002E9CB00016B350001C92E0008A3070003663300015FAB00101F83000170660004CC450004AC8600141BB00001CDDE0000BF1D000330870003C77B00026E1E0001381A00033E100001B96500016D0200029E9E0002A1490004499D00037A210001EAE3000699FF0000CD860005B6E90000CFB20004D73F00032E3C00026A6C0001D9650001F519000182A4000409DE000AD6C20001F6630001C3400008EDD8000205340008039500147AD90000E0BC0007BCB50002504B00017C8100026F64000F0C55000502190012580E0002E5A20000C36E0003D0E1001361E40001A3A20000D17B000880E100142D5100011A9D0001F092000167E00010AB6D0000E23F00018058000278B50001E1ED00014DC00003189C00035FD5000360BB0002AF3E0001DECC0001329F00057B89000451B900024F2F000103870001B1660002BD730001627D0002761700011050000607F800024E6600011471000270C7000757F20000D89D0011D776000114890002D92700041E99000150AD00039EC10004CAAA00013BC5000138F300075F67000124CC00027FC400014F38000F2347000432D7000144B400025601000092420001584C0002805E00011B6000027B29000110410001C770000502F800037073000181D20003B0B40013BBEE000837DD0001AD590005D2480003985F000189750001E4550003F59000010822000299D10001CFB700014714000137400000EAA3000174780001E4F50003BD450001B2B30006775A000240D30003C45C00009826000139A20001F6470007D5CF000177340001E70F0001B20C000185C300029E0B0001267F00018A870002E24A0007AE8A0003B20D0001263700016EC1000225340001CA6100010E4A0001C72A000112380006CC170001176B00011601000228A300079FF50000D9390000B2050002278200011FD30003670A00028EB5001479590001E9C10002209700026A260003A081000293C80000DD2900012A670003F5580001A3D40000F0050005573E00040EC10000C0450003DC2C000222360002A7A7000818780000EED00002BB310001CD7C000358180001B37A00014A150001C4600003CE680005EEFD0007EB7700016A97000153D800040EB600021FDD0000B0070008523D00037FD9000110160013FE1F00029E2B00050AB10001F35B000243120000B90F00026E590001AEE90014CE8200033C0C0001B2B50001D135000259730001A1AF00018BA90003BFCA0001F882000267E70001FD8A0003D28D00049FE70000903700013FEE0000D128000330E80003F8A500015C5F000169130004CFDC0000E1D10007A467000104B20001D8EB00015AEA0001DA3A0001DEED0001B44C0012E5DC000157FA0004DD79000219500002092300048B9E0003C6750001EAE0000633BE0003425F0000FF110014C4C70003DBF50001E28A000281B500040017000438320001A0270001C0510001822500037A790001F9710000FF3600148424000226C800076CB3000410130003CDED0001977D000427F00000FF76000244E30004189C000C982D00014A9100044A690003D4E7000204D8000316330001D33C00031DA200012254000949D50002918B00009E120006087C000177900007D6690001741500027E030001261300019504000106DC0003BAF70001C83B00114D930003FFB1000366F500034FD8000289F50001F60700028104000105CB00084D25000314E0000321220003299E00030F7400040AF9000242CB0001F5DA0004C9F70002A7F5000237A70004C1730001501A0002F82C0001B0F50001C1140001742B0002CA7F00023BDB0004937900012A5200029CA3000138280002BAD10001771B0001C55E000165D90001F15E0001C9FD00021C7F0001D9AA00013CB300057BE700030F650001C4AB00016A5B000783750001C67B000A80000001A8CF0001B6F30000E8C5000383E400016B170001810B00057F490000D5A00000C59D00027D9800026006000234BC0001503C00026CF10002021D0000BB9D000144760001CDDD0001106900078B6F000143E00001AF0500011F91000242B90000BF9E00018B160001844200026D8B0000EC610006EDDF0000C3F300083C270001FBC800013CBF000349EF000728BA000210780000EDF600042550000229D20000DF4D000FAC750001621D00022A280001DAF30004850C0005C4BF00023FC30001F76000100AB00000CE830004874A0002E4E800023BE00002B6F10006F076000203E000145A3300089ACF0008B6B00002258D000348D5000812F30001CD0C0001488B00146D540001370E00022FF300036AAA0002F66D000121DB0001574E0000B52200023F320000E8EC0003D56F0001239A000BD4C80001EDFE000288C00004503A0000A1710001103A00021EF90000E2BB0002BA5C0003657B000158E40001C4BF000354EB00011CB10001EF6F0000D0090007843B000102F70002B85F000539B4000536000002586000015C100000E00100026AF7000098D300014CEF00037201000166B60001B9010000FDA70002611F000494230000E41B000806FB0000E38D00139390000185A30002DA7C0001D7B80003E2EC000175DF00029BC20000BDD9000A5FBB00021D49000130780003E2050001A22700031F570002068A00014D6900012E800002D4600000B52100069F550009BE020001416D00012EFD0001F73A0001B8290004222800015F00000263BE0002818F0001813200033662000279A30001FEE60001B0C600045C170001F0E900027AC900024E8B000190830006C03700030375000625F9000141B500071B2000016D4E0001122C0002EC2F000287550000E1FD0000F047000162EB000112A40000E79300013769000486F00001EC8100036A86000136DF000344F20000F07F000142830001B66F0001E19B0003C8C4000118D40003428100014A320001834C0009380D00018E7300021228000234AC0001E84A0001C5680001047B0001671F000785C90008320D0004C10F0004CD8300020335000831C90001EF9B0005548B00059AE600020B780001F5360003C4FB00024E6600075DC70002E92C000146B800019D010000EF1400013E670008298D00039570000119EF0005A3810002A47E0001F26300011B310001FC060008D83D00027EAB0001EAC00000BEB2000334490001C6490001C2090003873B0001A80A0000FDAD0002D4160000D0350003D65E00021D8A00012C2B0001E1D50001CCC70014419300019A720003AA1C0001626000139A810001371E0003962F0000C0590003699700043AFA000244A50008B8A10003F6200001BEA30001FE100000E89B00141DD1000231190001C23100028EB70003E2F900015E1B00017749000C746D0013FA7A0001E7570003552000010D530000B2C60001C55700024FD90002127B0002B4790000CF280005512800035804000100FB001229E1000209B7000468FB000222AE000219E5000217480004F56D0001E2F80001DB9C000278A50000E72C0001C5D40001849700015D4900021BAE000372D2000550C00003CA33000147E8000203A000015A510001BB070001846C0002463400019D0B00015C31000374EF00093EF90001AFE10000FF5D000570FC00035B740000E56F0009836B0001F4DF000164DF0001AE7B0008E5F6000271880002167B000617D60002E3F100023E210002EB8B0001434D0002B75C00011C5400014131000143D80003502D0001C813000B859100076AE100038D220002C4940001712C0000BBB4000324190005218000142C150000B91E0004472B0002B270000519F4000226650001A38D000527670000F0400000CCC800010F5A00072B4F00018D3400070C16000B35F5000113F60001038A0001E8DA0002683E0000DE4C0001F3C300013C810001B7F900069EE600011FCC000132E00009F2BC00015F7F000164C100011B400004C32C00013C4800029A0C0001AF460000F7150011B83B0001ED830000AE700002DD5F0000B04D001197410001677C00017A9A00078C3D0002AFED0000FC290000FC680002E7CC0001E1890003017000016C7D0003492900026D4A0001450B000511AF0004886B000287D10000CFCF0002815B0002E1EF00135AFA000198550003E8790004541C0002F5D700072D4500024AF50001C854000206BD0001ABC90001BD0A0001C35400029D58000147840000DB5C000144BB0001D2130002F6470004BCA50001A1330005D15C0000D8350008A9E7000445690001D1870003EB6000023B090001E02F00020C980001A238000108400001CF6A00033BF10001A6EB0002CE2F0002125700009B2C0000D06D000158410003733C00013EF700014EDD0004F9AF000240F9000284910001AA6C0009CD7900012CB600025E1B000467BB000149B30001066400020E76000DCB260001F71B0001F7D00001B562000633B7000362AA000137800001AC7500015217000176AB0002FF6C00023CBD00068137000383A50006A1680003F7CF00022D250001B28800014F5F00029869000159E9000118EA00019C0A000204A50004CFEE000188A6000198860003E5DF0004381C000199B600014F9B0010B24D0001AD810002434B000228D70001BF0C000155A00001CF3F0003579C0006D92D0000FF790001903B0000C01F000203CE00010E2600031E0A0007AA950001E9BC000149120006F1F70004121900020D7300015CC30001BD920002706B0001C53D0002AE5C0003805A00055E5200040887000291DB0002C6E00003DB6F001423580000A86A0001EAE8000302A30002748A00012CAA0002450C0000FF720000D85B000751A90005D4D900027CD5000286EA00018AF800016C630001F3520003610F000144D900020D680001C381000236FC0007574900015E300001F0DF000192450000FD5900019A6100062BDD000204700005205E0001E5230002DAC90002B6520000A6C80001F4C20001515600022401000167ED0002104C0002178F0002A9990001AAF500019FEF0002329A0004E70B000115B7000128110001374800027877000130AD0001843F0004966C0001CE3C00021C45000297C10000E16400142D690006A0EB0001313F00028D8400013C2D0001E75D000231D700093EF500044D940000A00C000442670001AAB80001577C000362F60000B0340000FF180002B30A000121D000017A2C0000D5870001314D000362D70002171700037E40000216F70001276E0001E23E00015C7200011AA5000166C30001C34000024CE60000EF2200044C800001D4BD0003022B000471D6000392CA0000E80B0003EE0500023F6F00010BCC000103A700013E6C00057F8F000205C5000185E00001C77E0001B13A0000FF67000BF9B2000820D8000506B7000193D500040AD00000B8550001C20800019E250002F39D000164DB000397DC00047FFD0003862E000246FB00011181000381820001D46500025EB8000EB6BF00015255000180000000C95E00023AD50002AC0F0001EE800001CB51000308EF0001DCB200083C8A000874D600133DB10003FEDD00037E550002D61500033E9B000683430001ABD50001B70D00021C3D0000B46B00025DEF0003D7D90001D8BC00081E730002AF12000417190002705A000304280000CD1500023BC900033CCF0000C5630004858C0002C3460003AC8B0000BC710001425C00015F41000227B00000DF5500027D7B0004B9860000E419000197F50002984A000139DD00051883000FC17100011E850001FAD20000E67D0000EEEC0007B30C000355A70001E91A0001E409000C21C40001F4DF000167950000FFBF0002281000024B6900019CB9000163370001FADA0002042D001420B70004F1F000021DF30001982F000AFF9F0000BB9E000175E3000184E6001436B800031239000100C40002F60100081F7A000143BB0001370B,5120
86,0020001000,5,0000F7F20000EF5400015BDE0002762E0000B0290001087B0001553C000177CC0005560100108DDE0002978800094571000230D90012F4CE00063DA500012D00000A1E7F000135BA0000AA880001F7CB000143B40000FD890003832200054940000111C90003A0C30002CCF800054DC30000D4ED0003495D0001106800018EA2000242DB000371310008A42B0001561100015D830001186600032B310001042B00010FCB0001369E000158480001C46B0002C18B000146C40001384F00009FCB000191D4000102650000B72E0000A1EC0006495A000266570002A62F00027E710003861F00120E7E0001D3220002242C0001F8C1001190220002764200029B1A00014947000227210001595700034AB100017C4C00018A0F00043D09000136650002CE5F0000C9560000C1090001FBD100048C330000D0480003D68E00028D2800013C17000424F300033730000131ED0001D2CC000E69000001401400011940000441450001A6950001AEDA0005607D0001450600026CF100018636000151F7000124CE0002039C0001DFC6000214DD0004F2270001706B000222140001D3D4000296AB0002085700018B1A0001C8A90001BBFE0009F6BC00015F710001FC160000CAFF0012666F0001263500032FFF0001720F0000F13F000128960004F16C0001B3F2000155500000BFF4000167B600072B540004A5EC0001FA490001016D00013A660003995E0001863F000202BE0004FDB20012CA60000122040000D12D0000CBC90003597100030404000454150006F64E0003BDC90003F5CD0000EDC0000311E80001CC56000171800000B01C0002C2A4000322BF00014C7D000403160000C0060011B22E0001B1330004B70200098B90000217F60005FC5F0001A4010002E5700000C51F000190590000EF0400018EC500036DEB000227DC0000D25A0000975C001238E200016553000128B7000423A80002DB6A0001C14A0003B0E2000100D700030273000176960004A91D0000F9EC00028E59000232650004C46C000177630001BB8F000368B10001135700016B65000E820F0000C9F90000F09A0000D78F0001710100012F1900017BC400021157001257F20001936700048D4A000153740001A19D0000CE450001A5DF0001CB5E001200170003C8A50001DBC50001CCD30001E7210001797100012AA60000DE670000F9BC0011F085001329F90001CF2700117504000182010000F1AF000328440011133A00024D170001FFF3000155D200013BA30002C1DE0003D48C0011C5CE0002EA890001465B0001C8590001199100059EE10000D0BC0002D6F40000E7C70003C70C000119C700029FBB000123C400025D1C000139AD00024D0E0008586100128EA000011BEE0008641B000B684C00011A0D0000F2E400037D5600017293000529A80000D8360005D8AF0001860500050C4B0007134000045E770003DB4D000D47FF000138FC0002DD4100022979000371930004B7290001E29F000384000008485900011E64000CD5450000ED410004BE900008328D00017BAD000364ED000189C30003F6A00001A7C30001DD8300032E6B0000F8F5000168740000DF7F000BBCDC0001D8900000FBF00000F1400003AA960000E16B000287D50000C8FC0001DCEF0001AF540000F2770001E05000018CC7000386B90005B7FE0001705300036F780000FB2C0001E39B00034B9C0000D192000143C60001B8D70001A28C00121F2D000156B70002066600009702000181E00002679700025D6E000159310001F1760002F43100010D0000018F8900111B9A00020A88000143670001A9B80012A5FB00030BF70001A542000202FE0001ADBB0001959F000115AA0002A44C0001803700022524000355980001915A0002CA850000D92E000336B0000AF2AB000E120600035D5F0005848200033A5C000173B50001CB340002C8790003F4DD0002C20B000366CD00033DE90002C34D00015B32000090020001B9320001F4C000023D0500017D4D0001379500051B4900019DFA000402570002A8430001961400102C7B00027E93000222DD0001D8C30003CE79000537AC0001268900032235000372430000A93F0002CAF9000B230200016D270002EC6600019013000F0C02000389D60000FEBF0001CF8D0008D9C8000A26C1000206560001A6370000BA770001A8710000A1C30001E32A0001AC2B0002541800022D1D000F42FE00018AD70010DF59000945B6000213DB000268E7000225DD0003592300027405000244FD00015B2C00013DB1000268DB00059D10000201AF0001424F000113BE0002661F000289E10000B04C0002D18E000122540002C41B0001B4990007FF4B0001CBA40001D47700042BF5000170B50001BA5E000540A2000237670000FA050001D41F0012BE9900017FC1000223A40001427100011A6500039DB10002FB4B000378FC0003D5CC000723780001790C0001B8E90001342600027BE70000D9A500025B3E0003A61F00041D810003560600013236000149CF00019219000136230001D47A0001176700034EEE0002378C0001C0A300102B540007D5D00001BF5D00013C8A0002E3770001AFAC0000F5130002809D001258AA00010407000298EF0005D33500026976000103440001D375000080000000BF71000156600003221F0006E5EF0001AE090000C4F80002747100019C6A001251670001320A0001E8EB0001232E00016F1C0007F2DE00028E43000268CA000102250000DB7300019B5C000188EE0001E5590003CAB800018C5600025CDA0002BB1500021CA5000CB3E40002D43E000159D50001C333000554540000ECCE000185C50001965E00019D0E00016BAE0002565C00011CCF0002F42400012F750001A4CE000641D4000575B700071648000124E900013CCA00015D08000208EF000663CB000304A50000E1D10000B003000095330008974800048C4B0000D0270001ABF7000558FD0001013D00016056000155010001CE7B0004146000028C0500019F5A0007E4D1000131370001C8F50002EB460000D00F000286BA000DF707000A210F000103150001638F0000CF990008E9AE0000DDA900020661000113390000FB6100011A6B0001787B00018E910002C6610000EAB80003E9CA0002F0A20000F1E90002209100104E410000FA170002778B0002C0B30001BBF90001C03F000381F10002319500085C140001C0A6000312320000DFFE0001CF910001C3B3000C77090000B06200030A6D0000B633000CD0B300016476000328C50009737B0000ECCF000244BE0000C41D0002160B00015F1B000432850013095F00016C2A001233120000D8F4000736EF0002670E00016EF0000136ED00028DFA00010622001226DB0000FCFA0004AC6800012E840002484300026C890002E7140000ECD50001E0B500022D6900063A09000149BE00030EFB000117540003A22400011EDA0002012600036EC000033C3400034019000119B000036343000231C100020930000CD8520002BBE3000240180001E26F000147F7000610BA0005301F0000FB990001F88700055EDA00010EB300020629000E0DA00005A28A0001613C0000D39800011F190001E54E00014368000446E6000A56B000011E0F00016EBB0000F739000848770001DA780003975100028B570002D6530000DCC5000193440001F6EF001036590001E58E0000CA24000350D70001745F0001A35300045FA0000ACCEA0012217200078F050001F7E40001E940000771030001831A0001F63D0000C2340000E5AC0007DE720000AAF10001EF570002131600079982000C906F000118950000B1540001A93000012BFF0000FFE70002108600087E3F0001A10900058FDD000118EE00016BE700020F4D000248CF000597180001C2ED00017A4E00018D3D0002AE0B0002B0F500026AD10005D1440001E83F00024BC9000542CC00011F47001226C0000270CD0001E47600022ACD0007F5AE0003735B00024059000561D10001044700022BD20007EEDF000203FC0007B0900000D9DE000323C40001055B00014E670002AB76000604F700010F9B0001CB7D0003C8A10001CCE300014B11000304D1000300730004022A000A12BB00033A210002FEA00000A1EB000556AA000BF64300014DCA000491250007A8E50001A4A20001CAAE000E77FF0001E7CB000311B700069261000200050001AD710000DE57000101B30002138200025E3C0012286B00055EA00000F7980005973C000189680001DD5D000152230001D4D70009D680000CDEF000031BAF0004358300022A18000255780001631E0001B8A0000C570A000219360000CF850001D92100013FD5000374CB00135661000222EB000129A3000286C1000390520001DD3B0001E7A40002231E000434AC000102210003DE8B00016DEB0002032D00013FA10001071C0001191C0003708C0001162D0001C4150002843B0001A473000131FB0001EFA00004FF710002D2E8000ADA7C00014D350010ED2300010321000139CD000A68300000ECC000020AB10003759300063F9B0002F18D0006816E0004B6C10012B73A00085C190001D66D00022B5D00015C05000131E2000112400001DCC600083A75000A9FCF0000CD2E00089B55000F9F6A00020DA200030BBF0001854C0005258000023B800010C292000146F20007B82C000104AD000308680001490300026AB500049E1D0003BDDC0001918B0000EB0F00055FF90003427300019505000251880000A9CA0002D9200000FC58000151B50001234F0002FF21000257940001070B0001AA910001952100091FCE000214BF0006520E0000DED80006F0C9000165E3000122290001AD6B0001DC92000244AB0000DE7100028B2800014A4C00020F8E0001C5DC000211A40001897C001258CC00014A480001CE120003897E000111DB00046B2F00019F36000128DF001243BB00026EAA0002155E0003CAFE0001534400017D350001DA5B000206E60000FF760007FA2A000417450000E5E70003A21D0001342D000309440001E5520002ECF9000368FD00010FF90001E84E00125431000243A3000309E80000E7900001DBF70002D622000112580001CC780003592400032486000220B100017C83000FB8940000C0EB001108190000B2C3000D23780001C6A100018A730000C81900124B100002A9990003D9300004EA3B0001844E0001BB22000101D40005BB330003636E0003E1CE00010C5300028C4E0004C1BD0001C11D000A00BA000211B200012C90000237A3000195080001899600015EA70011F5F8000344360002D386001241C90001A3090011D7310001E94300020FE7000724250001FE7C0001BBA20008C7D2000AA4AE0001B79800072FD4000EF4DA000204BA00012E170000F0850002866D00020E600003DA850001B1B000016C4F00041A04000B4CCC00014427000371C30000DE8B0003B5970001AC3A000283860003041F0002987D0001FFA70001845100018E030002E20700013A08000504510000CD3200015FA30001110D0002AEE9000197B80004AD16000A2FCB001266B40004BF89000141AA0002393100126A3B00014B040000B1170001795700125CAD0001458E00026C6E0002901C0003E1F5000149B300026564000B4792000540A30000DD6300034BDC00026E6A00125A1D0000F02600020C1900037FE30001826A00012D8F000278CA0000E6190002968D0001DF32000375CD0001B4CF000F50D500015369000B8993000124A30005A2F1000131B60001D9B9000180C5000504B90001DE48000E32690000B0A90001C41B0002211400020023000192A800039379000444FE00015ABA000345E8001271B200024DD800013FAB0006BB52000138230001167C000495AA00012DCF00011F8D0004B7D800022039000160F300031FE6000681EB000152260000DDAB00101BD9000350B8000266B700021D0700028FB30002A6010002AA510000EB2000028BB90000DF7D0003008F0003221B000196790001DEE600028A9C0007B3DF000427A3000209070003278D00017F8E00025872000149D700013D7500012939000577FD000110E300021EC4000313EB000F73A1000193D1000193130000CEE20010AE81000184100001997100028FE50003B6CF0001FBC20012983B000115820001BE930000D085000166BA00017DFA00129658000310DD000168050001B738000359350000C02D000144C0000633EB00034A730002BF900000ADA70000D17A0001458C0001900C0003BA770001752E0001E6B30003701100020A33000168EC0001EA410000C177000334490000DE0F0001222100019551000156DF000215A100019D2900019C0F0000BEBD000100F4000200A900025E000001FA0F0001EB0A0000C9D300023649000172080001280D0001CA0D000100EB00021C1900047FB90001A50F00013DBB00013DF10000C01C00009F650002F9A3000542A100021A3B0011CA9C0006CCFB000153E60000BFAF00014DEF00025441000541DA000178010000E05B000185780001F40A00036B23000156D20001B02200014D2E0001132B0000A0000003688F000146E200015A2C00127FD2000119D500011101000533FE0001098D00087905000453AA0003A63F0004382A0009951F00036CFE0002B81700025D210005BC000003921F00020470000561EF00020C210002143C000818A90012519B000418370004F09F000383D700100DAB0001EE6500018602000194D900122851000090470003EB2B00017EF500012CCC000153E2000244AE0006817F00028B570000800600018C0400016C0D00128062000109B40012DB0600015C9300026CC10000D3E00012FAFA0001F4F9000102880000C1BE0000FAF600011D0700123DCD000170BC0000ADED0001D0EC0001EFFC000EDA99000F535C000267E3000329230001529800017CE6000303420001CB5200013F3500012DFC00067E1F00021D7F000142AF000863E400012ECC000151170001663D000425D500011E390001A95D00020D0100036EF900071E7A00039130000225360005589F0001E7E90002642C0001472400093EF10002F58D00031E3B0002EDA10001775100027224000329A100064D590001013200017BB600017242000379D50001FA48000194290000E08B0000AF8B00053233000285110001B2C4000180E400132731,5120
87,0020001000,5,0000FC9700020B3A0008234D000299CD0001B6690012B7A500012B020001AE150000E69E0002F371000187A40003E670000141C50001DF3400013B400009AC440000C01C000095540000D8C7000400F30005AD560001D7A30000EB6E00017E0F0004A5D3000133220002F0C90001585A0001167500018AFE00012F50000262A30000EB5000121C0700011AF70001536D000111850005C6D9000127110007D0BC00014693000B7B690001F91D0002AD89000113AE00024E560001AD04000601310001B0E10000F5D00001143F0003AFFD000792F10012C6D400027F020006426000015BA60000F2F2000105830001B9E00000DEAE000110F400073A160001116D000697A00001DD98000FF39B000463BD0000C05100020BD200016145000CA93700020CFB0001A73E000130170002336C000B0EC7000241840001AD9400010CB60000E7790010C39B00063CF4000376720001528400055A8000017DAE0008F31A0001936F000DEACC0000D6A200020D48000161220002AADA0006D3BC000143C00002843F0000E04200113732000647630003206900013B38000167E50001383900012898001250CF0006E2E900025B7B0002D6FC000212F000019C7F0000CBA70000B9840001302D0002019D000D84250004BD340009F991000139530000F0020000CEE50000AFF80000ED8D000297980009ED490002CBDF0000BF9B0000F2B20002B670000149FD00018CE4000897120002D1F1000476710002362200022F810000FBE4000144570000D9BB0001A90A00054C9A0004609D0000CBDF0002A2DC000334180001A2C70007341D0001836A000167040012A79A000296C7000169B7000129660006124D0000D7EE0000C70C000560A200020084000189F5000224080001B047000118F000013FB60001402F00012CF70002FAE9000210F90001F69F0000F8D30002DA8300014B630000FD120002BA070002DEBF0002110D00064981000220A80004F93D0008AB9F00042CB7000658F200028E680002D8FA00065814000285B500122CA0000479B60001609E0001B4ED0000F5F90001AF85000325E0000114CF0000E185000099480003BEA10003E5CB0001FA760001E8090012EBB100051500000199D30003FC4F000138D900013A1200035ED8000621C60002EB37000303DB0001C74B0007674900012069000197DA00015151001252BA000F2A2100017F5800013BF60007EF230003256B00061388000406110001C40A000228ED000180030000F65D0004386B0002EAEC00012943000B723D0000BEDA0002A8C30003049E0001422E0000CDE200065B7A00118CEB0001220000011CDE0001A82E0002EC580001520F00086E71000101FE000C08E000014ECF0001534200014AE70001B79D00030277000262390002771100010CCD00087AC70000FFE500024AB10000CF9F000186F200013BAF00019339000147120001BB1500023D11000154C700010998000566B30001ABB500051D9D0003C103000210B20001CC570000D08A0006018700014EB7000483EF0006DF0B00011F0C0000F54B0001C7B80008D0C40006A09E0000C2F1000106D500010B8B00024F0100020CDA000220520001DF94000152C10002373400014BF20001D60D00085F77000B564F0001B5D6000EBC3800014175000338A5000211EE0001216B0000EF1A0002EF020000DECF0012DB760001B12A00053F570001BE770000E0D8000183FB00021F2F0001158800018A87000158BA000176A00003188000016E9600026568001247F90000D33000013F540001697D000282B400013FD800011B4900041DD500017299000111CC00052E3100026A370000FE6D0001B3210001C19F00028D010001764400105099000145630008E1830011E70800010758000771DF0001E302000484230005B8A30001381D00030DDE0002CF9700016F5B0000E0380002011E0002B1BE0002669900010D2700031FDB0000DF4B00038493000264AB0001B304000506C30004E4B30001AC76000119190008EAC100011C570002AB51000E14550002BB57000951EF000228B8000AE92B0001B88600029EF00002109B000133A1000411EF0002286B001212800005561B000401070000EC13000335650000B6F30002751C00078F8F00019B9F0002579B0002AE4100027ED60001B3080000EBC100013D0B00092FF00012093B00022E53000107C500023C810004670E0011E7450002CCC5000152E70002006600091B3C0001D0BD000561A700024AFF0000D5B500011FED0002CF300004A1DF000A38BF001225B300042E03000160DD00014A3300029F3300024604000344FD000AC7990001BC3A0000FF19001310780011B1190002885D0000C9D10009CCAF0004170800011F8C000164F7000377B7000179D40012849E00022DD40000D20F0003E86D0005301500010A130000F55A000239AC00035D270001625C0001A6770001366A000161450001E54A0004C0F500041AA5000158C70001AA920001E4B600017DEB0000F4270000D5CB000171C7000222C200024BE30001CE220002474D00012A700001E9490001C5E600034C870011C2DC000473640002EE8300021E1C000312D900011A5700015E54000247BB0002E74E00028D18000A4D040002BDAD000126150001FACB0000CE97000E5A560000CAA900010EFE00014E8C000271370000E420000315830001600800011D640002115F000398AD0002DF3E0001F8DA000083450001E55B000129B000023CF70001686A0001E6A00003CAED0002D3AD00015DEA00109C4600015BC90009DCC700026DCA00039D7E0000BEAD0003585800088A540000DFAB0006699B000316DB0000C48B000275DF0007EABD0001EE7D0002031C0011E5B90001F9120002425C00058A5A00016F700000921B0004AD4200011F340001BE98000191600000E0310002C70F000AFBB40001653D00029FBF0000C07500013B81000C574200023C3A000180A700017B8B0001D93B0009389900011A3700014397000218810001BC3F0001C29C0001D4C80004CADF000B09D30003405500009D470003E1AF0003CA2C0004206600076D2800027CD40001E979000363C9000146D80002DBA7000939F5000240F500012F350007A87A00016193000518800000C5270001029100012A4700021EC50001C29E00051CFE00015E4700019AC40011F4C2000327280010B38C001168D40002375000012A1C0008E6590004D516001142A900020BB600018AEB0001231500012E9D000114D70000AAF9000114B6000ECAE4000115AA0002E54E0003059A0002BF6D0001426C00015D090000BFE60001D439000752C90001E48300016B5D0003F4CC000130F600013CD7000108600003DC6B0000F6320001A2820001C415000154050001C3DD0001778500017203000C6B5F0007C27B00015E29000300680002AB0E00013B4E0001EA440005F8470003FC7B000321F900011E290004543100124F7F0007B7BF00019FC70000DF8300019AB5000232550003414A0001750100018999000321630002C8F5000119E7000275B300009FCD0001D48B00010CC90001D138000220910001434C000323110001C1AA00016ECD0000CF1100011E45000409BB0000E4760003EFE10001A35200126BFE00013179000107000007BFB40001E4500000CFFF00093A3E0001819400044BA9000352110001B7D1000174800000FC410003CB19000242C10000C0170005CEED0007DDC30001A5FB0001BC6B0000CAED00020D8100037521000317500001F4BF0008E3A40000ACA60001879C0011C92E0001108D0012B57C0000C0050011C1F40001B3630002726B0004C96E0011CC860000F0A00002B847000165950001A781000198EC00023448000254960005D975000276C000015113000219650002F935000189FA000379EB00033A630002360F0003010E00026DE4000304A9001255F8000147C70002806C0009AEB500011E4800013F010000E3930000BE7C00015770000104DE0005DD290001B5E3000264780001586D000263370001DF8D00075E0F0001AE2500029ECD00010E1D000D91B800018FA6000E9A70000105F1000277250002F71300028943000216000003A1A50012733E0001EE4A000636E600024ADD0001E3510001A42F00013C7D000B583E00017749000139D3000160A50000E6D000035B26000169E500010D51000194BF00012575000193F50001C9C40001B4450002119C00020F0000021F8F000227F500020924000323890001B9BF0000B509000129070001392900019D8700118F5D00017ADF0004878000091B4D00024478000111F00001BECA0001A69400015A870000B3A5000370EF00026E0800013F850001ECD50002246C0000CF6D0001029700010E720001EA7B000173DE00025F3B000188E20002B8AE00036C3700012BB50000DF3F0003643F00015C750000C0DF00024E630001533F0011986D0000CFE000018401000190CC000158950000B55A000254F50001C6C10002342300016DF200015DF100044A31000102F70001888C0007BF0F00030F3B0006D7530002E30000056C27000C260400015A1C0001410A0000AC430001D8E000030D810012A00400023D210002F88B000A02C200045A3C000385F3000469CD0001D5BB00013B6600009FE200015E65000249140011EEC10001CF490002D48B000B2A5E00010F670001B9DC001354B300029F2D0005728600018C97000194C30007C0E900039FDD0006C4130004203E000115D10005A1AF00017C070001CB58000248EA000354A600014DF60001977E0002F4AF000265370009B1AE0000F46900016AAE0001211E0003A49F00130AA10001958900030F0100014741000A296B00085FA90002750200096AA60003BDBB0001FC230001973B000147C10001CD8100015B6D00016466000E113B00134FAA00016BA50005F66700019FFC000175B9000182AF0001133B00013CA500094BA80001112100011D1E00019FAC0000E1290011DDAD000229E70001DF8E00049515000321E900019EBD0003C9E90000B4250006953A000152EF0002055B0003C584000240D800051265000365DB00016E4D0006B92D000200720000DE65000330850000B12900021A43000559C4000288E30000CF78000249940000B0470002873B000422D20000DBA1000746C50000E99D00073A3100019C730001AB120010D05A0009133E00020AB9000758220000E3A40002A92900116DDC0004191F000172FF0000B21B000379AD00022C690001CA92000400D8000A28200002384E0000F0470000FD1600026F5B0000E8E8000A7E0F00011A9B00010193000464B000023D080002597900018E01000144AE00038E530001C71700016CF2000239470002460E000229A000057A0B0004A5CF000226C50004AA450006E76900012D440006D91700010540000293510003F2B900023DE3000389A50010FD9400019F930001128F000EDE350002138D000103440001AA2C000107D300083957000152A80001D7950002F5010001236F000171300000E64400026F3E0003D569000153270002055E000141D400028C230000EE05000144130003C5DD0005ECB20001D6770004AF110011946A00105EBE0005214D00026A28000129A70001BD1D000223A900017F3E00040BEC0011AE3D000723390000FB0D00070D3B00019EF0000392A3000106700001406C0002FF8E00020D4B00027A7F00014210000461480001F0EE0006ADC200017C36000188E80002891700032C970001CE340004AD2A000278E80001B3EF0004116000039FE10005FA6E000653B60002810B000433A5000139CF0001D1530000DD760001363F000137670004F89F0004185E0002FCE2000187490002093D00032DEB00037983000170B10001231300019C270001F9490000BFE60000ED350008E9C30001A12800013FDE0001810500031CA400013AB0000173850001D8AD00018E9A0001B2270001E27A0001BC900000FF0E0001385E000184870004FD7E0001DC4C0002BCFE0003AD6B000134B700013BA70003E12A0006825E00022D9C0002F0020000BEFB000222DB00010EFE000185A2000150D0000317260001565F0002EE8D000251E90000CE4F0000C04300058C5F000A0368000181840000AA2F00023015000557D80005664E000303000001196F0002418F0002DCAD0002418600041D8D000165ED00013E080000F981000132450012A1550001DA4100052BC6000716EB000174650000D56B00131DF900073597000517390000C494000319DB000609FE00121D2E000210B500010EC20002727A000CF98E000162E1000595C90005DD0A00014AF300029A830000FC45000179DC001272130001023D00036BA80001B291000ED6F400024C42000224230005F6150001A08C00009FA70001F56E00061948000278A300023D340001A73500022F7E0001A2C800015C7900026EA700023FC7001222A90001D0240001E7F30000E6C500043915000658310005BE300001A67B0008CFD10001069900024871000108B200107C5200017E7000017BA900010D000004A26500029DF300045F840002096B000297790001CA2B0000B023000150BD0001E14B000141FE0000F5070001236F0000D2BE00068A03000657300001A7670003E2720002096A00058EEF00051B05000186DF000600DB0011F76F00026AEE0000F10800028C6A000214B80000A00500011C420007504F0003427D0004BB0A000149320011C5F300053C5A0001216D000FC51E000280CB0001910E00016B120001C8B90001697400028BE90002AAF5000E1DCC00012F0E001311380000E1960002E9B700040BB30000AF2600091951000119DA0000FD0000062ADE00018BEF0006E4F60001A3690000CC930000FB010001024A0000C91700012B2C0008A2E00010B16B00051561000233F800061AE800028DD900020825000566C70000C0E2000D8BA10001286100015FDA0001AC5900048B0500027D970001C8BB0001FAE400038F85000102AB0001D315000212650012BC130002C9590000C1D7000167BD00012AB4000155580001F65900019CE200044AD10001B421000E5F3D0003D540000157AC0002180900021277000457300001DA87000142310001734E0000D2AF000394E60002B465000273FD0001BA86000217110001C2CF0004E3BF,5120
88,0020001000,5,0001036D000104180001FEFB0003152A00016A7800039E6300017EAD00043A130002B1F3000542DC0003117F0005AFAF00018A6B0000F1240001BCBF0002CB4F0001CB240002348D00023FD30004B579000619AC000619CE00016DFA00052FD9000100EC00139A930000BFF8000180EE0006DCDB0003CBD300019EDB0001BC530000BF730001A3820000EAA900012E160003533B00018AA50000C2830002C51200017AD10009202100019DFC0001BF590000CBA400012D740001F51F0000D9F90004BE8C000E176900018E30000172F90001C3D40001344D000294B30002AA460001C3D900053AAF000117F6000AE6E80002A9C500036BED0001B18000017D28000141080004075100030BCD00061A11000255130001853C0001F4BF00058703000191A40003FC250002B48B00025233000212620002C9B900012B620002BF690001B7B800015B820006B7AF0002E26F0001B433000445CB0001167D0002E3DF0002600B000146770001D2920001BD7D0001FF8500030E780001C76D000353E80001600A00018A910002365900019F3D000387A600024EE00001C83B000296D50006215400017CBF000162720004359F000297FB0002A515000174330002166900011192000277F900014BAB0008F1BD00013E7B0001F23C0001518B0001478E0001751E0002616B00018D530003E76F000171C90002D12700017E0600057D48000122A0001425B00003B2F40001FF6F0001244F0001E7C4000213B300027F8B0001D55B000187E4000553FB0002F6A400066999000675DE0000F7630004AE6300026639000171270005BC8E0001D1840000C231000DEC2F00056CF9000253220001D4170004AA4500038B210006672C00063DF90001466B00012221000132EE0008C9CC0003EBB500020EBB0002F8AC00011B9E0002382300010EAC0001E8F000076E910008E74F0001774200025069000190F30001112E0001B9370002AF2500013D970001C76F000133B7000163C90002DC280002061800017F8600017BDF00044B68000146FA00018CB50001826B0002177B00018B5D0001984D00080E7F000963820003EAF50002B02E00027F450001045E0004529400038D870001D51B0003CDAB000151AC00010C340003CA510000FFAC00012E31000102D100017B59000522A900024D0900031B060000EBD400059C6D0001C2300003809100041E2A00045DAD000B1E2D0001C56500042C000001599B0005CCDD00019B2B000564810001A4500001FECE0003B0480005831B0003B33B0002635B0005D46D000337750002C9BC000150750002BB64000515BD0001AB3500012B6A0002A6FE00018F0D0001957B000152E700010E720001569B00023657000158B500012F2600025B0100012E72000143020001DA2500046F79000144960002588800069C0700025D690001C37500064F4A000332970003D6AB0006A116000264FB0001FE330001572C000A384D0001213F00014B8D000278F5000101110001FE990001206C0003E3840001025D000416400001F8CF00009EB70001D22B0002FDF30007CE370000CA54000105B100013C9D0001E33400013029000279B50001E29F00068289000379B20007759D0000D2610000F11B0002996E000199E700019D340006C04F00089C340001CEBC0001DE0300012FF70001549600044655000118BF000333690002B6C2000161C90004483F0002D65F0008C58D0002A81C00011BCD0001B3500000FE56000138BD0002F5760002980C0002F5240001381D0001E84C000240EE000155AB00015BDF0001822300011E6E000676DE00017C8B000224A7000123A90002798D0000C18900010B9300011168000125D80001DD0B00018CD50003312A000114AE0001D616000394AD0000D0AD0002750A0002C9020001021600013EE7000D01490000DBE300038FD60002E7590001A5910000F4E0000207EF00057AF90000ED88000178980005FBCF000330320000D66E0001E26F0000C8DB0001C0170002A9BF000121710002323D0001833E0003437B0001D901000253C80000AFD9000159F0000168B20005441900016F0A00042DB30001D79800025D3700020131000165AF0000E6A20001F996000363090001A2EB000243940001B318000379D30001520A000164FD00017E4B0003508A0001A9BB00033B2D0001EC89000485F60001D6810002EE17000182FB000177DF0001BDAB0002CE0E00055C98000266230002BBC500018B2F00034F5100015D9800038FE20000EFF40014B8050006C450000181C300018F5500085A5B00015BA30001B3B80005787B000492720002C7B60002543F0000DFA100010A9F0002CBFD0009543E000206D200042BF700035976000243870000EA670000FF950001137C0001E87C000270E90003134700057A330001237D0000ABEF0003306400009FEA000245190001BE150003196E00020CA5000C26C000013C790001B5210001BB6F0000CE600001691D00069D1B00014EE8000293FE0003C84C0001885A0000DEA70007E6750001C50F0002C0780004FAE40002AE00000197BF0001779B0002F4C90002768300015A410002DDD300076F70000834160000E540000105C10001717A0002B3820000F02B00019F92000140D100023F510002C7D60000DE690001C36F0002D37D00026F410002307B0001FA1B00021C3A0000BEB40003766C000266820000EF95000150B60001E70000023CA4000233840003E2A900141B7E000284120004EE5A000374D80001D251000271500001A6D2000158CD0001FEF6000643AB0003AEDC0002687900026803000588D10004151B000111830001F7AB0001BD830004D51900018C900000E2D900032E3800018564000178C200020233000194F300022B6D00017F4600012B2E000214FE000195FA0006A3110001CE09000357330003B24C0000FB7C00031B0B0001B5630001474B00096999000258A5000214450006A15F0000AF6F00067C7E00016BDE0005D9770000B16E0000EE170002B2F400022DB70003ECE30002014D0000A953000208A70005B6E0000333230006E1EB00027F690001559D0013C056000218D10001E7B600086F3D000605B30004F578000426650003A7CD0001CABE00010F3F000E363E0000DAE60001D2F300028A840001DB8700017C8A00013BF2000715F400014703000150D9000115CE0000EFCE00031AA00004045B0014A7090001AE4C0005F33A0003FB1D000246070003ACCC0002FBC80001AA0B00012009000216DF0001532B00019F58000191050002F9930001C2BD0000ABEF0014720F0000F5C60001F9F70002CB5E0013D1E60001F282000127890001A4BC0001E551000486AF000180A00002171C000270CF00017D4F00013B39000100710001D21E000138B10002DA490003A8300013CDF100014235000217E10001EE50000521BF0002E61B00012D8D00013F4C000101050001018B000518D600012DA5000397D20003ED890003F9AA0001BF640002FD41000169F2000192B50000E11A00019FDC000502CF0002ED01000113980000D43A00011C2F00015A340001B0C500146769000332BE0001396A000129A60000C1B30002397B0001C14000010F9900040B6B00016FE70001EB100002022300144CDE0000B09C0005859A00015A1E0002F7DE00025F1B0000D2D60005C79B00012C9B00041882000241090000DBBE0001EAD2000235B50000DE6A00032D20000140DD0003EFA10001303D0003F219000201C90000ECC10000ED4F000283DE00091B7800016E3400010FA40001B25500013F8D00046A910001954B0003823F000286020001633B00016F3B00010E980001CEF40003E0AE0001041C000216E60001AD8F00020E5700027F440002F6750013E73A00025F4B00013FB10001E6FC000120490000CD3A000184930001203D000214450000E2F8000544E4000110B00002BFA000013EF5000193180001AAAF0004C32300019AF10000BE150008BA560000FE450000D59C00024D0B0007796D00017FAF0000FF45000214D600011638000211EB000112F80003076F00011FB700014FCA0003F9E20004398A00062E0100025A490001FE560000D02D000255530012B26C000644B200014DEF000580B4000209230006A4D30001DDFF00014231000C752E0003139B000B367100015AE30002751D0000AFD90002A2AB0002C0180005128400039F780002348A0001CF0E000249B5000117B00002CFF300040522000371C80007AE860002336A0001C188001220ED000825A700091EC50001001F00044BD7000193710003268E00036B210013CE0F0001A0C500037D2D0001722800031EED00019CB9000157EF00023116000232F5000267E3000226720001A0C10001B6650001E75E0004D90000064B020002708100032C3B0000E0940000D00E00011B22000181840005725A000121150001C89D0001E381000150FF00015705000320820004385B000230FF0000CC850002B521000217970001D65F00027FC700023FAC000227E90003B56F0000CF0D00034DE900035C17000184F50003092B000BA3AD000523D80000E0380001995D0004425D000182A1000186730000D25A0001F01F0001EC090002E44400013B1A001420780005C6E90011FD54000346030000F017000752EA0001AF240002CCFF00032C53000263B5000135ED000279680001A5A00000DFB9000E5D910001593C0001281F0000FD7F0002500000019E130002C9CD0002A6D6000120B90001D38A0000800300073FA200043B9B0001393F000688790002AAEB0001A8E70001F2AA0001084A0000FCA600011FD5000195FB0001F1880000CE5F0004D1CD00067ECD0001E9B2000129FD00042901000180750000CB6F00025F0A000B9F55000356EF0001222E000190A9000205CD0007AF6900015422000120B100028EBA0004CA0000094C0D000211790002164F00027AE5000345470001EE110005C0980004ADAE0003B8E90001211E0006ADA1000336F300018A110006FB5C0001031F00028A8A00017DFE00013C5B00065029000163B80001A0FA0000F805000245CE0001106A0002E17B0001110900043ED30000B0F40001416A00019463001017A500023CED000115E00001A9DD0000E0C40000FFF100012908000199AD000175240004C916000193E400016C81000174850000F3B30001AB8700043AD200085D29000446F70001CA71000144C70002AFA100023E060014C941000150BD000206CD00013989000163DD00019E090001A3170000EDE00001E7550003F6160001C2FF0002DF9B000290850004589C00019CD1000186440005703400014F0B000391C2000105D6000360E10005B2C900031E6500031F2B0002492B00026B960002B15B00062FDC0001731B000282E600035D4B000113C10001C2B60000BFF4000592470001E2A2000FA3010001ABA500020F3100071F750000B9C40001142D000114F30001B33D00144A81000212580002E75F0002BE0800015D340000F12000053A71000686990002C2150001CB410001005300018A7300018C19000527050002A3B4000164A00001DAD700018DDE0005F507000788D100026BB10003BADC00010FDB0003CA1D00019A94000127EC000F7D0000019BC30001974E0007DBE200011D7C000114E80000C255000441F300022CFC0008350A0003D4210002B7BF000105CA0005A77000014CCB0000EF4E0001245D0005BBE7000225590003FF400002DD5A000580A0000157430000DB390002A2A40004C91D000248550000EAA40002A7A100011A420003261200027F6F0005F1C70001A097000128790000F5A40005D0BF00011D1200010A0F0001E34D00017EFF00011F4000017E6100073517000431740001FB95001423F500033A9200023687000225F40000DF770000D0050001C2BE00014F8200021AD90004C9010000B12D00014AC9000208F30005B2B100068FFC0000DB2C00142EDE0001321A0001159B00012F1A00024EFD000162250005BC9900039B8A0007C15600011A3200024E7800015CAD0001A4410007C1C90000C06B0001A9810003FD2D00016BAF0008232B000233750001491900051FE5000218B50002C06B000132790001A9C50004C9A700089DD1000191970001A0CC00019C810000DFFE000214810000D1E1000173350001E71B0001CA93000179500001BCC00008310900016B8A00014C99000443B100024DE600015B310000F011000302A60000DE15000274DB000172D4000196CB0001AA7A0001BEB300013F30000207CA0000FF82000368D500012D37000119DE000166CF0001D1AA0000DE5900043A3F00013209000267C60001E9F6000356DD0002992A00027D000000C64300020EF00000E9F70000CA690002EE7D000358B600024BA40002E2F70001BFE1000141D4000172CC0000913C0001C5A8000C8A4C0008282B000155D700038AED00027C010000B6760001FE930002AC6500027F29000157BF000154930001693700029995000768680001AC270004A4340006AB670000E0D50002878900023F250000FBA600013CAB00016C710006E2630001111E0002BE79000116D0000180510004E9960006990D00018E61000466D30003DDEA0004CDB700014C7B000125CF0001F03B0001AF6100015EDA00015B7D00011A1D00054AA200013C9C00063D040001B1C90002820B000454510000E16F0003F7030002B7E40002254F0001A001000765510001659D0004B04900065E4800024650000330A30006A05D0001316F00028E4E0001234B0003CB17000143F600014DE70002B501000164250001DF5100073935000291380003A0B30002C1160006DC8B00011C7B0000EF7700039E7A0008C2C30000BBA200012F9F0001F32400009F900001BB96000AFD790000F181000141AD0002AFFA00021E340005349D0002A49C00009FFD00041A0F00074D65000264340001069600033CCE0001955F000273A8000130B3000163220004D3020001ED30000225390001C2A30001309A0004523000035BE9000224A3000130BB00061AFA000617570000DE8D0001C95C00011C30000161310001A0700002944C0001982300015FC1000241B80000BCDC0006A0980007EBC70002C6B80001D46D000263A90002BD0E000213B700078A5600023CD40000CC2D0005FEFF0000C49B0004A519,5120
89,0020001000,5,0001FDFF0000E2730001B2FA00010C4E0002A0F20002E86D0000BED10004465300086F47000288F40005DA6F00033A6B00011F8A000455A70002746900059CF60001170C00039C970001321E000488130001B0DA000257320001797B00020303000708AB0001CE8B0004A5F50005112F00053E8F001478B20000DF9D0006C94C00012DA90002C5EF000170FE00042C60000152970001A3C3000713A6000177080006CFE50001AA730000CE030000DEBF000137DC000951550003FE6D000313AB0001EC0500010B6900025DF7000116E00001835300028D0300016FAA00076B850001BBD0000221FE0002DAB6000257C100017953000130DE000383210002D80B0001F983000219420002DA6700029FFF000101BA0008154F00018E910002CE70000199190001496D000171FD00022C7C000132C30001C03900016B970002C52D00075F600000CCAE0002BDBF0003BD590002F8E90008DA380003567B000138E60002C6080001353B0000A02900015165000199410001C35100016B2200017368000283820003AA7900019A0B0000FD0A0001879A00059B5D00013F85000239730000FD1400025459000233350000E02000066713000241920000DF630003DB1D000189EA000348710002941500013BF5000116D9000132E70001411C000162CF0000C39E0001F431000134290000B7C10007C1540001E8240000F8C000017B5A00017ACB000394A7000126080001F6B50002BBBF0000E52E00017F190002B0470000DE04000F2286000136A80001C7ED000247E00002E441000126A800011C030001438300011BC80001C7CD000338DA000125EF00011C3900010ECD0004428600015A610000DFC50001DDF9000889690002F64D000C0B7500040C650005F4ED0006C90600013835000211D80006543700029EC70001BFA1000133E50001834A0000FB3900021E230002356300058CA60001127B0001338500018F7C0002FA7B000130050004E9B50002DD35000367E300088B7C0004F726000113FE00087A930001F7E000011BDD00076E7600029CB90001B7BD00012FE40000DA5900037D9A0001833100029F63000177DE0001454D0002AA36000169E10002710D00022BFD000196DA0000BA5900011E100007076900014F600003C035000128340001E339000122190013ACED00015DC90000E12900016010000606410003458200050A2F0001FD6D000270D300014C6D000241A1000546F30002135D00024B5D00085C160001B2570000C23500021D39000138170003D3720006126E00080C5B00029D03000249EB00047C090002CD1D000113740001BF45000AAA2600016BDE0002396B0003FE140000F7150000FE2B0001059A000242BA0004830F00011CF00001C5A10007BA310001355B00021DB2000395F70001239700011A330000E6F60001F7AA00019F530001520700017FEE0004C6C30001F26E000188C300029B8E00013A4200041F70000113CE000531410004D4AD0000FA77000141EA000124EB0002FF490001751000018FA10002D4ED00010D040000E64A0001E5A80000F5A50008D60300011B120002A0F40001EFF700026EBF000274A60014E5E900019DF50002677900010D570014687B0000EA1900019F1E00011E710003E13A00013EF5000161FF0003299800019B720005E13900022C16000602690003111C0002450F0002A3FA0000F1470004263B00030A7E0001FE0100018ECF00031BE50001462100022E340001EFA300022B6A00013EA5000383310001298300014CEF00022CE8000286A20004A0830002D3B20001896C000373C50006550C00032E2F0002E3A500017BE2000105F10001973E0000C04D000279F90002D0EB0004A7C1000246CC0000CFF50002083E000DCBC70001881000041B7E0004894500028E0800070C270002000C0001D396000387C10004F4B600012D01000140F2000174A8000176C50001AF7D0002FEBC0002E1CD0000CF990001C2750001ADBF00028141000158280000C8090001B1E100030E71000523770001A6AA000263C20004CC870002262200019EA40000DFE200015ABB00027213000743FB0001991F0003388100020DA6000137E50000D9010001DD3B00042A130001681D00019DFB0000FEA6000113750001AB6900011239000134C2000270470000FC5700034CBA000291010006ED9900011EC90001C61000019AFD0002C27B000C2EDB00036DA30002071900013C640000EF660001336300011C9D0000E8D70002087F000399E5001483080001A8980001E9770001A903000118A70001844B00046F400001C4EE0002DBDB000133090008D3330005A07A000809380002BEBE000327C900028AB30002571A00010E2D0003DCE900012BDD00013E1500011CAB0001FB25000243D80001CE3100034FF10003FE410008363E001464CB0000A50D0001183D000168AA0002A53B000351EA0007F30A00013287000248490003456F0002DC9C0002B55F00030C850001128F000215EB00027A6F0000DA30000205D000038C07000260D50002D47900048BAF0006CDF60000CF0C0003DD45000348CD0001A27F0000E1240004A21C000142480001101100017EAF0005AB8300014C02000207E40002BB8D0005B0AE0000A7FF000112B000028B7E0001BD8E0001631B000139D00007642A0001040500013264000461D9000149B9000141C90001AA6300012C9F000656D80001020C0001AE82000227220006441D0002DFC9000520DD0002C7470001DDA200016D8A0003F0B40003A13200016EE60004FB8D000122070001FC00000101E800014BE40001A129000162B900038DCA00012DB80001214400014B9F00067C61000151740002AB630004C4B800012E7600036C890002A49B0001266B00052DC40004868E0001EF65000389F3000138A00001C1040002FACB000179C90001A6990002565D000219130001D8850000FA8D000463790000FCEF0002A4D9000484AE0000EF9B000457090004D316000692010000F459000292C1000518EE0000FE7000014EE60003D5D40009C42A000205DC00055FC00002077800012B5C0003670C0001A0E5000823590002521500014827000479BD00013B260001F22F0002BE7A0003FF3400032CDF00013CB30001620400016E5B00019AA50001E2CF0000C0100000E547000141FE0002830900016DFB00013BF90003C1CC00022AB40001AD62000133900000DF8200019B4B0001303B0004DE9C0001E898000488A90001106500018F550003034200043121000269F200143BAF0000AE97000253BF00010FA000028E8900015CC80008D6D40004185D00024EF9000689BD0003BD81000188A000020B1A000206900001B1E90001E0C400033CDB000260A700026FBC00012F3400069A290000E0AB000182590002AD5100019663000249D80008505100075FED0004A1D10004F6150005D51D00014BB90000CFD200061A650001F71600012F8100059A190002A0D000010F3C0000D6FD00074485000099130004E27A000210090002B5D00001A8EA00019E78000115310002EC3C00013AF90001ECC5000101300002810900122E6500022666000140B900148A940000E28D0001D1320001A23A0004A2580001BF5D0002F551000142CA00142BE40001D2CF000213570002C6C400030095000214690004A1FE0000F751000182A10002C9B60000D33B00032E9B0001594C00013E790001EBDE000416C200022B9F0001A833000836270002189F000194E1000164F90002331B000287770001B5F00001D5C9000167D7000124580004D88E0000D7270001D2F5000494E7001015760001B4160000BFC9000288780007D1660001202C000821A40001171F00017BE70000CCFD000147400001608E00019323000165CD00040379000250FB0003686900011B330004413B0001CE5E000203EB0004A2670000B0030001A5050001092500015F5900042A1100070A9D0002E6E20001C0210001B0EF0002457800014CED0001CB3700033F61000623D20003196A000227C700029FDF0000E88100015AED00013EA900016B9F00019D4C00022C96000123C90000FE2F00054C0C00021BF700016C680005820C0001A93300024BFF0001BE190001D4D40005F35E000192330005A5B6000243E5000679F30000C2D30001609B0001D9A30000DBCA0002BC6900023909000383CF00013EA0000203A5000187CE000104780006E38F0014767900018E830006DCCB0002027400021AA4000183840001739D0001830E00016D9D0000FBF9000181BF000280C00000A9D10004E26D000164DD000247DF000398B10000FE930007FDEB00011ADE000186F700017EDA0005CD490002E0780000EBC70001B6AD0000F41D0004C13A00015CF40000B065000280CA00021DF700047F4B00071D0D0001432C00014BFC00031E860003BC7C0000E61500048145000206B700084DA20001A3150001A7C90001037B000193170007134D0001BBBD00081D0D00018F830001492F0001B34E000447C50000F39400020D5300018ACC000143A40001A4F30000B98100025AF00002958800034AB10000D9CA0001E2380001006900031F650002DE6B000344EC0001CF4F0001C24500028D5F00018A7F00012C77000239800006508C000385650014A62000025EC80000C11F0003426D000303DB0002771E000795530000E3630000B0190000E113000382E70002BCA600014A7C000486700007974C00017EDC000171E40001755C000183650001008D0001F23C00032B020002440D0003F52E0002B0ED000161D30002675400010D36000198ED000462B00000AF61000256020001E42D00029F420001A24100027FAF000739E70005805A0002997C0001FD05000572220001E4830001DB110001DA2300146C1A0002420F0000FBBB00033DC700027F5E0003ABE800027D1300020EBD00031DBB0001D38F000218F20001807D0001EAF80001A0E500015F4500010DDE0002E7BB0000BEE10002F8850001C6A4000148DA0001FB060002BA2E0000E3DE00021B6300010DB40000CCC8000118240001CE18000230C100021A220006262B001446F20004A78D0000DF7C0001149B00011B7D000144A90003B4ED0000C0120002A91B000157ED00024D510001037300147DDC0001225F000123DF00023CEA0001B5B00002189A00018D130003197B000393FE0002AD0D0006372400026AE5000FEA40000150D5000784EF0001DB28000340240001711F0000C0200001154A00021F960002457400034B14000446EF000151B1000137C3000350810002BB830004E11E000487250002AC33000114FC000156B2000175600005853C0001597D00127C54000420620001DABC0007BAF500068A9F000169790007BA020007FD8D00141469000698A90000B96000017AAE000466150003554F0002680B00024F1600144B8F00023B440000BCAD000100700001C5870002CB1700022AAD00010CA700037D630000827D0002C86D0001094100011FEB00011CBD000135700007127600014BDC00022CF900012BC50001731D0001F7EE00011D1C0001B455000136AA0000BFCB000164720003930A000395EA00013B2E0002395F0001AE2D00021134000268150000B0080003AF27000147790007C9170001E9C40002F525000304B50001C2A9000102C20000E9570000E01E0004ED8D000284E80000F6F900048C9A0001761F000305A500039C0B0004DF0A00011D860000B7830000BF2D0000E1F600011AE5000144B10001CA6300020691000126E70001842800060E360001C2E60000BA470005C0F80001477E00060686000212BC0001AADD00015956000208AD0001026F00033EC900026CA400021FC800012C760000C0100003D36D0006047C0000DF940000D3E300099B050001328E0009C7270000EC3F0002CE2E000237F400030257000116370002A0920001E76700061A0A000468330002BBC700018D560000FBF4000269320000F8850005D03C0008D491000183030004436E00044BF700019F150001B00D00049BA7000227CB0002E5020005A8440001AA64000144370001CF780004007E0000E111000197530001F5ED00016CC30001A4130000DD4700011F070002EBE3000120610003A44700048BE10000ECAB00046F9900043BC50006743E0001EEB50003D3720002AB980002F47F000611250008BBCB000188A8000B5D5D00018E0400029D7A00029B9D00119F8C0001D4C70003BDA50001559D0005ACB20002311100029D97000558390001084C0003CC4D00019EEF0002162D000686290000DC3F000248D7000293B900015F600000D87600042CBD0002B67500017A7600062CD70000F44B0001E8E500025E8E000274430003486F0000EE2C0001128300013B890003231D00020E1B000A436B0001EF1D0001064D00026F97000172760000E7010003A8C90001634600084F19000302460002A50400019030000080000001DEFE00026ADD00019F5F000121FE0001E8D90002C60D0002365F000409C50001A17D0001C3990001F0270007DBA20005FA2B0002E6C400013B13000116AD0001B02D0001C11500024ECB0002BF940001D56F00012EC90001C93C0001A7A700028E11000175FE0001B9050001008B000684C700017F8600018DFE0001829A000609B20004DED3000178F70001AC630000EFB00000CE630001709B0003216000016889000178EB00021F38000C5EE30001B57B000118A300024BAB00021113000121820000D02A00011FFB0001CEC10005E97D00040526000272D1000232A30001D5E5000321230001740C00044165000256D100030CFD00010B700000D1A200027EAB000243220001DF810000ECA90000EFDD0003617B0001947C000380770001CDED00023BEF0002B52E0003CE8B0001695500024B5300059A1D0001B44800018FC70001379D0001A9230001B11900012FA000012C7B0006B1DF0003750100014EC0000141930003627E0001A8550000DF970001573D00026D2D0001212C0002CF500001AF270001F71D0003BE4800014520000381C90003CBDF0001E6B5000412440006754100011C280003E6930000E6BF000833320005C94500045D35000165A00002EFAB0001A448000198FB000110EC0001D2B900019634000AE4BC0002C04F00010B5600014E9C00042E960000DC570003521B,5120
90,0020001000,5,0001E5E3000163BB0002EE3E0009D0AB000104350013F0CE000258090004EE9900028ED50002D0E800061CD00004CE22000716C2000160300002381A0000DCD80006862100025F5E0002F92700011EFB0000CE920000A00100011ED0000427360002068A00012B2B0000CFF400013DC100011985000486B700011F2D0000DF8B0001B6E10013EE3D0001705C00010B2600011C1600016AB3000170A70003B8E5000326140001815900016E040001995000029148000186F90002F1EF0001616E0001DC900002F99700029B3B0002797E00014D890001DB8400015733000567CB00030A6E0001E73700010272000129060000B0AC0000F088000459430000D9440005E9DB0001FA0F000171910001032B00062CC20006818A00066EA10004812D00012F39000136D50001F13A000A1E1700010A4B000195900001766B000186690003C8900003477A0003903F0003045000014992000185340005AF86000AAACA0003168F0001119D0000BFF90007617D0001680D0001F8630001BA1400016F0E0000EAF1000593E10000E20C00018F5600023D810003EB350004B57400028BE20002A4B900012A320001B02F0005934A000201F700022F910001E4EB000251A9000289F40003B14700011D5400028FE70001618500019BB40001224300030DB600021C53000295AC0003314100030C4D0004D7C3000122DF000210A70002F37B0003F3660013C47B00024F0A000272AB00037C9000012B5C00012DCB0002C4A100011319000313CD00014A030003FF1F00013C8100047BA10001F8CD0002532700016785000127FD00012292000566C20001C887000A02A100020C64000815470001B4350013DF4F0005040C00039328000586120002DC12000150FC000206BF0001F1DB0013F4C90002105F00011EFF0003514600015DC100028AE200015424000119E8001399810002BBE30002737F0008BA0100024013000309EC0002457F00024D130001964B0001206D000149FC0000A03F000153DB00014E6F000221A2000173A4000183FC0001C4C900028C1C00049E75000686C700021FA40001C5A200017B530001C769000430080002382C0002CB29000A2726000147410001E771000132D500018CC300045CA600040F83000190A6000253D40002982300014DB00002D9300000E01F00018B5C0008E65C000200A00002B89500015D32000214EF0000CF1B000137F40000EC880003C1830000DF1F00015681000676240001532300015A4A0001BAD00009CBB6000393020001800C00018E910004B2B10001F48500015716000158C70000B4520002C0ED0000F82C00050CAD0000EEF40003A4EA0002552F00034FC6000160460003047800047A51000926170001BD0C00026CC100081BAB0001B7D500014A9C0001504200015F890001C06900067527000189390002A0180001186B0003B1360000DFEE0000B5780001B2300000C3FC00024C1100010BF4000F31990001A3330000AEDF000126E20001CEE8000109760005A7B90000E389000A97F000012E740005B05B00020D770001E8FC0000EAC80001AF5900014E33000117D900016B790005B8DF00019512000210130001DB4C000124F10002E1890001DBD8000105DF0000D567000200400001919600025A350001DC5700038D6B00020F020000C007000173E1000694A70003AB090001A9B70002879600034F180001D75A0005996F0007852D00023E7700033354000331060000D0090001CC0C0003F3760000CCF80003EC530000F4130001E850000132FE0005E0A70001B1D60013F1520003F398000183E2000272200001BE5D00022B2400037418000117560003D98D0000F3740001C80F0003E80D000342A300017F85000611BA000192920003238A00025DA700066E8B0002D4310001E4330001B8B90002AAB10001084B0001D9750003FC3700047CB600014BD00000C0940002561900015EA200038F6B0003406900056050000131D40000F10E000141AC0007B2C500010E6F0001262E0004C1030006DE1700015C2B0001F4F10002F70D00026CE50014C0C300022C750006F3E3000259A70001695A000123300000C0060000CE6500029C2E00016F6300021B8D0002E15600048A4000022CFA000389D0000105460006A8E500038067000366740003ABA300010C540001F2DA0001452A00013FDB0003BC710000E197000B41470003BAC100032E670001626F000196B6000192D7000122B50000CAC500026EFB00032A1A000138A50002F269000174A50001079F000142160002475D00141CC2000132D9000613710001A3920007F6C00001F4030001C0750001743500011AAF000203CB0002E34F000288410002E53B0003A4D10001523600010F42000232180003E6CC000116220002857D00016D4A0002BD710002713A0001E1F900012A3D0002A5000001BCEE00025BFF00012D51000173B600016C550007232500015BB100019BF7000983950002777C0001E91D000274410003F01A0001C83E00020A030001A4300002198E0001AEFE0001C24800027078000818220000E1550000E1B4000263C2000495CC0001C92F0001B8D700060E08000289D60003D58500012AF9000146D90001C0D30001AF450001F80D000181FE00026B3900012D68001416EA0001BBDD000434FC0003532900098E9A0004F2910003BD2D0001751900144369000147210000BFFD0001571900056D9C000181B300024F530004E4700001C5C500031CE900021F8700014BF100029C01000581FB0004A75C00018DAE00016D770002CE7400017A8C00048E9A0001BE9800014FA6000566380001582C0002ACFF000143A20004ACCF0006EA390001796D0002DF66000807DA00021F3A00138147000145CB0001BC170001FEBF0003F1C3000258ED00019F1F00021F300001A79400037EE10001DEB500011CE300033ADF0001E0A70001DACB0003EB9D000367560005DDB50003B503000106140004842F0002B55F000602E5000246520005137000012ABF0005EE2E000136AF00013BDC000159620001B66B00014A23000287F30001443700015D910008205500017FA500032379000253E50001A67B00019EDD00014839000299C500021C570001D8DB00032DB80001AF5A0006764C00019B6B0001996E0003F17B00021A0A000924F40001122E00015D97000D79FD000180180001F9780001F71900014F1D0002D57E000116FB000829AC0002BB760013F9DF0004EAA90004D83E000162400001D69A00032EB500035E61000368BA00010747000159C30002D5AA00020FD700018E4E0004028C0002534D0003C1FC0003F8A30001D7690004D749000167D70000E7EF0005EF8D0002B7680001C7040000B1AA000148C700012F0100029610000208F20003620E00076A270001410E0001027F0000CC560001B64900011FF1000A9DF300038C9E0000FCD300013E800002951D000696CA0002606300012D1D00014D2300024E29000537AB00013EA3001242F20001FEA000021F9A0001926C0002D40D0004ED65000193CA00017A43001218250001B7AB000371CB0004BFFA000164840001C71A0000FF550003E7AA0002288D000553730002BC1C0003CA49000253370000E4A10001D6770006FACF00050E090001341B000263C500083E230000E0180000FE850006B47300010431000695B700010FC20004ACD70002D736000564BF00066EE400042E5D0001818D000278150000DB010002B68E00025EB100063F48000188990001B64900009EC9000151B300014BBE0001B519000348700001733900017D640001F9350001AF03001297010003BEEA0002E96500014CFC000348510001170A000251A200018B3B0008AD79000129A3000123820003E3340005008F0000DF5D000224EE0001260A0002B413000154A2000179F10006A0F70001BB160002961900033DC50000D2C100019C980002205A0001769F0001875700039F570001071600042DC3000302260013567100027AD90000DADE000115270001AAB6000187F700045AA3000259FA0002C9EF00021AF3000114C80001491400029D73000105170003234B00012B1F00010EA10000C2AD000490A30002AAF5000263A00002AEB60002F1BB000629B70001F7CB0006786F00022515000228D300037D33000101EE000103690002025C00136F0800033FA60002D20A00010DD000027C3C000186F90001E10100042C09000119CB00014EFB00056B52000172760001765C0000D7F100010ED200028EB9000131AE00018CF5000E89FC00016942000256400001E3830001004D0000F0970001529F0005ECB70002617A0001540000035D9E0000B1D300020D790003B5D200022F390002912F0002D51F0002D76900050A64000272F100014DB3000217D20002285D00011D0D0001578100029668000131630001354500015A39000105BC0001CFDF00012B3100013FDA0001F5340000DFC30001E68C0001C59B0001B9560006CF4F0000EA5F000193E2000656EF00020802000194190002374500020C5C0002095F00012F85000A85B9000579E700075CD4000218C100018C280002873300018C8300041B0D000159B1000280BD00084B010003A76E0001E5030001228000025753000244FC000150E10001E77E0001E39600018E620002F63900033EDE0000FF6B0007E3FF0000D57C0003E28300032E280000C01600048D5F000112FC00014B070001960400033AA3000238F1000410FE0001427A0001F4570000EF800001303D00017DA70000AFC200014134001327110001434300011CD80006D8A10001884B0001B49A000182730006590C0001282A00017A16000334880001C81A00140C5A0000D019000421E10001DBB500020D8B0001351B000190B900057E9D00017B1D00017AEC000203430001173A00023440000162590002C5F70006B8C500016A93000106B4000102E100018E0400019CB8000154980004B70F00026E330001DC65000167770002CA0000010B910002A6950002C9C30001B47E000602EE00039D2100017B7C000250330003F27900014845000141770002A5040000E1DF000310690001775D00069CB80001219F0001982C0001C44C000882A100019B7F0000F2C900021E7D0005398700013451000312F40001E9E7000418520003DB59001413C10003D3F40002B3C3000108A3000B051D000163C50000F6400000B73A0001F0870000CBC200015F4B00029ACE0003696400012C340003A82B0001121300012708000287E00003151F00023C5F0014470000013A26000C0B6C0001693E000D038C00013B3E001491100001575900022D960000FAFD0002EF26000470B500013C4D000155E900013E8E000162530002FD4A0001512600010ED10001D5BE00011B080002B76600022BE7000123EF0002248C000191E200016C640001A52D00121C36000222BF000353B3000328420001130C00016B170001416E0001D2400001A423000212820004A1FD0000B02E000384760000FF2300044C850001D2590000F2990000D5D90001D1F70000F3A10000F4080004F02D0001C37800031AFD0001A0B00004F7630002640400022F6D00017CC70002B8740005744D00016EBE000168F7000164B1000135ED0001B5D400036B080001A5820001CDE500017FFE00039FC50001575C0002EA340002E5600001BAA800029C850001B6EE0003D0F90003B08700015A710009B8C3000170A10013FC2700046C8D00034DDE0002D6BF000146BD0001769000015934000619E600135E3A0001CFD00002666300027F560001A9D50007212B00016F0300014B2800022A2F0004831C0001F0C200026EAD0002437D00025960000299AB00021FC600011649000338E8000165AF000240D80005A4FF000127940004792F0001C6370002F997000395E8000247710001822F000198A70001F0490006E041000139BA00019A8B0001D4EF000454930002C728000299BF00017C350001EE3E00028EEC0004247200009FA30003CAEF000134B2000360D100015E8A0002C7B700024A1F0000EE6E00038B9D0001A4D10001734100010287000179F80000ED460001E31C0000F0C00009C47A00022E680001E37E0001532D00031A910000CA7E000140A30002AC330003D5D000059A7800010292000405860000F02E0004E1AD0001E5DD00012AC20000DF8F000174BC00017F8400012851000516630003023B0001309A000239590000F1B3000117290005B2CD000331D300013FD00001E56B0001B5E10002380E0004EF8700028F0A00012F650000D110001421BA00065A2D0004487E0000EE6D0001EE7B00024DE4000080010001C20F0000F51D0001BD3D0002998C000381B0000141150000FE6D0001999500019A9300012A6F0005315C0001656D0001E6750001F0BE00012B7D0005DAD30001951400015ACD00024050000144CE0005AD57000181D90001668F0000FF7700012D570005EDBC0001FA6D0001833C0002ECB30000CCBD00015A5A0002B3D300017B4B0001AC3D0001908B0002FB6A00028A0C0002E9A9000213660005FC42000395430001281A0000FB8B0001AAF90002B3FC00051FE3000605980000AFE10000E72F000194130000EF9E0001EEE3000153080002291B00015A3E000131120004753300020ABA00019D01000218FD00104A430001836C000174F3000194E30014241C00010EC700017B250000D01E00019A1A000292B20001E9110000FEF50001847F00015B0A0001CD1500038BD70001EFE60003F0EF000302E70000FDB70002865700010C76000224050002AC43000357C10003BA39000639460003071E000B89450002AC0000012CDB00032D910002C9D60001036700028EDE000163C700021E880001AC7F000415E60000DEA8000167FF0005A2630001BAC00001880100037A750001578E00027916000321E50002A9C700039BFD00017BEE000320360000AFBD000225F80000FC4A000217300001FD66000394EC000394E50009426B000EB8E70001752B000177320007F77E000384AC0000C00400035AFB0000F1120000A0AB000281E2000117E3000678D400040BC50003271E00036DC80001435E0000A00F0003C9810000E6450001BEA500014981000131C60000C0030001428C0013EFB300012C910001F9A70000FD5A0002C7CF0000D0F60000DEC5,5120
91,0020001000,5,000123ED00026EA400011FE20001B07F0001BCE7000425BD00018CAA0002D484000630C00001618B000141230001648000037AA3000AD95600011182000214270002124D000560CD000170160008DD550004034A00141F1300031FE000040EE50003A76F00042F030001CB32000193930008E55800016A14000249A9000177240001D78F0000800100013F1B00019A1C00031D4800010CA4000192490007E02700011B7300145D4D0000FD7500022C2B00016A2C000D24B90002DA4B00024A02000B378D0001B5870001A97D0002BC9A000141B80013C678000721AD0001AE0900013AAA0011B5B90001ADA10002F6F30001B3ED00015CBB0001BB2C0001F19F0001166A0003AD850006CAD200027A310002063000035786000228400001FADC00012D0D0001D9570001915C0002987300014196000469020006B3EF000215C70009DC140002FFA700011C910006E0E60003470B000190040001EDB5000F9A470003F850000109EA00014C5A0001223300019DD60002695A0002C3AD0001F6DA0000F156000470D30000EE7000011B4400011CC9000260D40001795C0001C70F0001CE5E000915F200017A6000029D1E000417DD0006665D00014FFE0001BDAB0002A781001410B1000234D30003AEA500020A0600022A150001AFD60004BC550001860D0001908F00046C62000211260001F2FA0003CB57000437A80001BE7E00026DA70002425F0001E887000152C50001819E0001A92300010B550001C4D00001CB0500013C680001944600049C6D0001ED670002136100040FB9000503E300011D2C00118D3700071E570001948000012A100011DECA00016F4C000191A9000434AE0004ABC000023DF5000277740002D083000324AC00060B1700013BC50001788F001386D70001C79700013DC50002F9BB000141130005832F00017D280000F1FC0001FEF10001F3CF0001F1350001B45400036551000585A600023C370004860B00015AF50002DF8D000172D8000297010003E28D0001780300044AE3000164D20012DF940002EA0C00091B030001D2A10004EDE300032FF50001D3C200044F6C00029A950001B5D00001DA3E000170EE00022BC10000F7240002D1EC00047A75000EC1CB000181B10003B4F800022A1000012B540000F076000133EC0001505D0005AD010003B0B900050D190002FD850001A4990007E494000481D100013220000128B8000131A800021C5400014C6300017FA100012549000126870002820900018E2B0001F205000204740002339D000268D20000FF0F00016C760002FDCD0000962A0006EB200003162100051110001180320001D13A000216F80000FD20000270860001AD6B00011C6100020E050001FDFE00016E3E000247AD00033BD10002CD6600010246000162E30000D9DE000202C90000F47C00014F8200012E6A0002B6E700074383000298EC00065DD60001AD7000022FB30005D5910004B70F000598350000FFB00001AFC100031C2C0002AD5A00011D9B0013CF4B0001FEC0000392FB0002A5860000BFC90001841C000168660001A50A000E0655000231D10001A402000730FE00021AE600012708000428630000FE940004493B0003E6D4000111E80000B9D20001A4EC00028EAA000505B90001611D0001F2D30002F6140002034D0001907700022EA30002512A000BE22C0000D9510006ADBB00020E94000257470004F4E100144FDB00090D5100132E8B0001736E0001956D00010F350001337E00022D0000048C49000287750002ADE00008243C001480660001248C0000C11E00023DB500016ADE0002FDD100039DA70001877500029E990001E0DB0012D59A000111F2000407BD0008483E000175880003B4D40002573E000233DB00039467000101BC0001180500043CB5000DC4F100023F9C000587C3000593BE001321A500017C4E000155EA0000F69C00016CE50002245A000375BE0000C15D0007A8D9000152F200021C7800015CAC0003C0C6000246570001CF1D00013DB00000E4B70002E0520001C1790001AC25000242D6000391B1000321E80001ED6200015F45000172B90002CAB90000E5BB0004389200023624000446A60000B8C80000C6F10002474B000475D8000165910002166B0004634D00024A970001E8A40002AA500001B36600031F100003BC44000903880001424700021C1C0002FA76000438B40001B5F1000186440007DFA3000188EC00019A170009C9C100012FDE0002A6A500022EE4000368D7000141920004D72B00036546000148480002924900037F62000136D700033FE500012B910000F79B00012F18000280320001FAC70013DD8800011C010001CE300001C06C000217270001ACDA0002E1300002BD97000179680001DE5F0001B98800021B370001B83600019BD200084E340003222C000152250004BE1500021F65000204150006C1E30001AA8F000227C10000C5ED00046175000530510000E00F0000FE1900017CDF000161340002E98A0001DCB100096499000142200001D33900012168000188880002654A0002AD5900020257000201AD000313C700021CE7000103070002A18A0000C9A20001A9090001D847000255AF0001A51E00013A600004D7D4000260090001D88F000215BC00040A3A0012BB19000220A90003631C0002582A0006B4090001FBE1000A64290004AA3A0002F207000122E10003441100011B970000E26600011F0400013A940001F5A5000439370000CF8100019131000246CC000146B900024DC70002FF31000613020013DC3C000603B5000205A90002B3E70001B76A000221240003779D0000BF4100017FA7000182340001267A0001BE9F00016E80000239210001E06900013C2B000330210000D7650001CC300002D95000027CF90001C7A30004F0F00004C7F700069D6C0000DA0F0003231A0000F5F90002BAD1000112B00003797D0001D76B0013B75B0000FF5C001323810001520E0001ADAB0001FFD000016DA20004FF6100010F38000395330001F35B0002814F000315CE0002FCAF000861CB000102500013DA240001008F00016E3C0000E09E00028077000377860009648D0002FCD9001185930000C5840004D2F800012A0A000259690000DC3F0002E68400022458000112B600018E1400082DD90000DF6400018DDE00014D87000110700002AA510013FB920000F3790002AE6C00014B6F000112430003CA540000D5C70000BF0F000453250001498C0002E59B0000BF85000202640002AAF9000185A3000190AF0013E0B30001ABC300036B470000D25000137271000172AD00017A7B0001A2E300027E350001E2F10001793600027A2100037F6000015755001353A3000521970013F26A000090000007B7C30003D71B00016DEF00016CF70002F8B800020DC1000EDC9E0003A3A1000236A4000812AF000219990001903900042E8100061DFB000134E20000E9AE0002766E0001296F00021706000407F400020FA000036A8E0001EC8100016FDE000982C80005276E0001060B0000A11E0002DC880001D9E00002638B0002EE440005286000062ACB0000EA6E0000FD9F00021845000113FF00029E9800058FD80000CD6D000251310000D80600051DCE000400430001FE4000138859000297B70003B27B0000E0C7000182F2000141CB000429560001BBFB000113230002011B000267C7000157A30004DE9100015396000361650002F6F900041BCB0002B7FE00010BC70009B6C9000147BC0003AFDA0002776A0002724A0013C27A00017904000FEAF90000D8D0000130A700037CFE0002DEBA0002BB1600046FCC00065E3E0001322D000364BE00020BFC0001AE8000150EF40001A8A9000259CC0002A0E8000272940001ECD2000EA9CB000213E0000166C200022F9D000127FD00016AC20000E0E30001A5AE000133770002585F00036D0500023D1D0013991500029180001241390001DE870001431500013833000157450001E7A4000108C80003A3030002E7B7000327D700116D530000F84D0001746A000121610000C031000165C600045353000310C1000C45CE0007D718000122980008B11C0000EF2600017679000401810001156D0001F3120007008F000141830005BE080002307700026BA6000596B70001B50B0002198C00027805000132730000C262000623F80000D23C0003181F000188E70003D4D80001010500024C1D00026DC600038E68000245A70004346D0001DB680000FA6700025EA40001EAC500014DCF000E27550003EBC90000AF70000530A90001522100023D4A0002AB290004FF8300016B460002FA7C0002BF840001D553000170900002B56C000211430000CD5D000C15D10001262C000C0DE70001C0EE000532780003CB2D00021BEB000230E30002220500017DE300019DB80003474600015E4700043F3600010AAA0003017300121ED30001260300025C39000686CE0004664E0000C1ED00010DD000018D870001F92600040D49000145360001BFFE0002F3610004DAF200042A0C0001C0D6000489270001B9C80001614800013BCA0001210B00017C3C00027C710001ED350004259A0002CE4500034BE3000151C40003A2220000E2410000E6E100017E0E00035E080000D8BC0006BF3B0003084F0000E924000124A20000DC77000123C500053D140002C6930000FF44000226970001213F000186440001A49B00018123000554230001B01C00026DD20002A0A7000155A90001D9B7000163A100022595000340B5000166FB0001BBDC0003090A0012A63200030CC00001BF030001E3590001E07B0001909A00011C610002B35200147FC80001BFDD0002AA650007E907001428380004D0CC0011066A0001BED3000D3CF60002DB24000221730001902D0000E62B000364AA00020D760004AD7B0007E0CC0001A9370003BE070000E0180014158E0000B9CE0002FADD000113510002D0A000052DDD0001638E0002F3750001C854000185340000DDB100008FEF00088BA2000117F00001DC210000F3330002F72F00059BE000012C42000762E20001995300094E6F00066D62000187B5001212250001F6730002738E0001034600017BB8000121C80001A7090002A6800003E6BB0001585C00014E0500039C1B00038CDC000251BB000141050000DCEB0000E50B00011D960004C55300037ACF0013E9DB00010E2F0007B96A0002C38700029A82000170AA0003C959000151F200029E5800012DF3000355EB0001FB3C0001812900058D270001E6FC00017DA300046A0200018E3500021EFB000453200006D1CB00020331000410470001329F000152A50003F70200015D090002D50200011BB3000ACFBE000135AE0001AB6B0007313C0002AB140000D65200016A160001B78C000193D800031E74000103AF00034FF8000205EF00011F7900088839000AC94F0001989B00021A7800038E620001B8B80002DC21000180590002E44500022F2F00013AD30001748800050E5D00045A490000AFB100020F91000217620013C26600012DC700033E6C000278DB0003D78D00028DA300025F420000FB46000206400001869D0007EAB300028A110000A0570002B9480001E5D30002A9BE0003635800016AFA0002C93F000200BB0000E0C80008C1FD00013DF20003DFC4000298AF000138CC00071A240000F342000134CD0000D3BC00029DC100027A5A0000E59300033AC1000257AA00011BDA0000E7CE000232CD0004B93A0007FE710003F61E0006F82B00089A170001758D001258B40001BB6000019C6700023BCF000927D50007BCAB0001A9FC0002994B000193AA0001CD6000019B200000FFD400043F550003B2C1000960F10006A337000126D90000C0170002EA280001D7330013C9B60001017F0002036800050CE2001075EF00027AEE0002D43D0002FE6300019A450002CB290001F3790002BEC3000FA52500015AF800021610000118140001AB180003CD0D0002BC010002A43C000369ED0001E16000030AC7000468400001BFFF0000FE4C00021AC3000565310003835A00048E24000BF1C1000157A4000EDA5700018C2F000126DE0001849D000A4F570007A71800076A2B000398770001E5D500014822000109D40001303300135C640000C0150003B992000945540008F62300077E69000284A50003019800024D7D00019C770002F7D400013A7C00019FD600012CC10002DD7F00062471000281340006DA7A000703AE0001780F000287A1000198000001E7B5000138490001A2080003178E0001BD0C0001458D00012C7C0000D8C7000528E70001FDCF000110B60003D679000347C20003B19A001402AE0001E044000256CB00031F35000267020000E2CB000336B40001275A0001E29300014F080001F1770001172F000386180001C630000CBE8E0001AA5600036C4100015AFA00024F1F00015ED7000C2A100007F358000288C3000878420001821600018F9F0000A0010004D31D0014472C0001FF4D000B8D500001EB2700034D6D000191E4001003B400037AB50001678500015C78000600650000D43C00038F8200028D7400014975000182040001F46C00016CC900021B9A0003B16D000208EB00020CD30013177F00011D6E0002302400017133000654DC0002CD1400010E7900010E6E000296350001B245000191FB0008E915000142D70003E9EA0002762800011FC90002AF90000192860013691400012BB500023B13000101BB0013D3550002BBB50004E09500020B580001C0B30002028D000214440005945200015A920000EB5700011BC30001637F000396CE000710E5000A5C8A0000ECB900028AA300012D1D000194CB0000CD21000BD97300017C3B00044EC90000BA9C0001B6C4000212420001E0F900010BB500084293000356C30002C303000156580002E38100011ED2000109C700029EFA00033CBE0001A6190001E648000486B20005D22F00016D3900019CC700023445000100F800035E5A000434FA00017F020006888B0000C9A80001B30A0001162B00011EF00001989F0001A152000368240001FA6300012E7500021C79000316A50002D92900016364000197F3000164AF00042D54000181AC00029DDF00021A7B0003C28F0001E12400015A5C000156B00001AAAA000225790004914B000313390003A41300010073000190C3,5120
92,0020001000,5,0001C76C00019A77000279820001389D0001D9770002B62700016C01000188790001FAB30013F3E00001A7CF0000E32100012E5D000364510002859B0000E643000617160001AAF300010D070000B42D00013BF20000D987000511E7000160730000CC890000B62E00017DE5000188370007B7C400015B5D00058C0D0000F7E90003692100042EB300014EB30001A05E00014C550000EDFB0005307E0005BB5A00011865000170F7000164CA0001A10A0001D6260000FF610001B0BB00018667000345FA00008F38000170FA0003D83400038EE100039EE70005B1630001D377000247060001C234000136740003537A00012B7800011B9D00016B190002B894000102C000019BBB0006570B0001F8F600022BBB0000F38D000116710009AD930003E33F0001600D00016D8C00016EA7000111160001DB620002C53D0002C77500014497000272CA00036872000AA78D00014627000EDD670001636100026BDB00055C870001B41700010F490000A5A10000934700019411000122DB00021ADB000107CD000216970003AC600002ACBF0001319B000AB1D400023BAD0002604E000113A80000C9070001F567000C75470002CE310000F1310001237B0001EE9B0000D21B0000E5B80000C0380001E6B0000435ED0001EA8D0000C8E60001BA0000020FCF0000EBBA0004CFE4000416D30000F8CF00145FC00001C7B900010C070003730B0005D5FD00010C2900024F4A000148C70001F6AF00066BCA000179A50003663B00018C790004197100021E2E0000DC58000533090002EA6F000E484700012EEF0000E0F00000FEF70009D4300002586B000301F6000217080001CAA9000394E2000293B3000140490001D331000351FA0003ECB300018F550000E0910000E8790000D24D00023E6C000273DE0001B0FC00141A04000129DF00028963000128D2000194450004EC6D0000BE7500073CFB0003F72700022FCB0002E9600000F70B0002439100013B3700016AB10001FC0E00010A95000129EB0001BD5A0006D245000125AE0000D15F00018D640002D679000C259B0000EA720004DBB700057CFB0000F2110001D55B000135560003E6DD0002FB0100011F070004780F0005F0860000B03A00039D0F0003AF4200035A830001567F00019528000871AC0004254A00013757000133ED000133980000DF6400013D4800013D690001B28D0001703F0001801800017D3A0003CA4D0006CAA300119E93000210BF0000C0590000FEB100018EEC000242860000E0AC0005EAA50002A59700013CEB0002DDF80001722E0000ADC100031D3900049AFE000156E80002727C0001BAAE00024B930005CCB80011123F0001063E00095E390000EFA20014149D000150870001768B00020F5100028F030002EFF0000BB9EF0005FAE300031BED0001D58C0001C11000014C2C00137975000297C40001D137000127CF000140370000CBC6000202B400015A60000325D900026015000944E800019FBA0013089D00011AB100020C750001AB1B0000DBDB000175A80001EDE1000193E30000E0810000AEE0000250830002D3A8000160BF0001C50C00026CEB000172130001C60F00014929000195B20001E0CD0001752B0000DAFE0005B5E70002694F0003DCA40001AD410001B7970000A00E000323D30004881D0000B187000189AF00013B44000398DA00021B5D00013E0200081F990001DD7E0003BC580001C92E00021FF10000B1EA000812CA00020F480003D11E000180DF000140080004086D00016447000117C900069F4F0007878500016CCF0001769B0006D5240002579400027ADA0000E7D80002099B00014F33000115510001064B0001A5F500025E30000155230001D11E00031B0800022D170001F939000544090001A3370000E6810000B56B0000EDEB0001E537000173E200139A36000750AE00022DCB00017F2D001137FA0000CD4B00015FC80000FF75000129880004D6C50003A3DE00036C1100011A87000608BD0002A1370005122C0009493100054724000434BC0001DB770013FFCE000412750001A72900021E7E000112AF000116B70002BB070001C19F0013AAAE0002618B00019E0500009BEB0001F9D70000917D000343ED0002A8E10001ED3600011E3200011E77000353D60001186300018D640001195E0001BE530013D6B40002BAB700025B8F0003099D00018D330000B2D40001B4AF00019DEC0001A3BD0000BA4D00011D070005FA0100012E450002586D0001D46C0002F511000282D3000373EA000297B2000193DE0013ACED0001CDBD00023D3D0000DF79000756C400020BAA00033F430001F813000666E800131F130002251600010FFB0001589B0001542C00077D5A0004F4C3000663AB00044A92000425A200031BCC00011B7500024D650000EDE70000AF6E00024B4F00014F3C00011A9F000121B900010AD50001501A00016C1500017A8F0000BEBB0000A1910001108700022F190002DAA1000346A30000C3C9000128230001F13B0001D93100019695000126610000B4A40001C2380009DDFD0000901600013A730003B50500027C9A0000AAC900011E850006D40C00047F6400026606000E06BD0000E50C0003A84700012A5D0000C3FA0006F59300013FE70004AD740001FE2F00020AE10003D31E000174DD0001F05B0000E4510001F203000229B800023E0000017DCE00024CED000333F20001DA920002A1DD0003A8170001623A00024C0900029BAB00013CA50003516A0004817100015159000126CB0001A9E10001B3B00004B9340001276B0004874A0000F72C000130D900023C39000189EC0012E15F000321520003E54100045B11000480360002D97B000121670003FEAB000266270000BF1D000368A00005BB60000F07900001D27F00030CF30001B1E10001127A0002DD2600027ED60006666F000F5380000516B20006A3490000E25700015BC70001481C0003B2A300025837000AA1BE00014BA500028DE8000520A30001ABCD000520020007454F000149E5000187A5000392A100056490000207E20000CE1D000108C30011979C0001F66C00017D87000401B6000335AC0000DFAE0002D46C000220700000BE65000126A90003577A0003FCB90001A959000115330005DD9C000463130003F995000141F50001C41D000136EE00015E3F000246480001EF200004B4B30004BC64000363070002C321000228230001B6D900026F7B0000F4AB00013CCA000186DC0006BD9B0003A90A0001E5800004321C000316330000CA170001D6E000019F79000510BA000265E50002EE7E000D8643000392BD000224010000E3F800011B400001CA4F00010C950000FE730003988900013FF90000B48C000144790001EE190000C14900018DD900011E4B000157D70001DE550000E9B90006D84D0002E1420001D511000414AD0002237A000718DF00025B8200016B0F0001086D00015BA10001A8DA0001A2D000019313000372910001A1D80000D6DB0004D72D000158610001BB91000197EC000104810003018900017D6900018C530003B5F00003E25C0003F4A60004DB4F0004E7340001B48F0002350C000124320001D75E00037879000134E50001C7FB0000A003000507F3000151140001B6020007B38B000ECE7F00013D2400016E67000539AC0001C2CC00026FD600010B510000A254000221790001F4670013F2A8000653870001605500012DDC0002523E000754D40006FEBA0002618F0013D5E10001E1B90001006D000192AB0013B54F000145F70001C35800034CCB00026ABF00019AF5000871B300029BBB0000A637000153E00002BC0D0001086200140ED0000123050002061100022614000DA62900011A82000238C6000148BC00037E2D00017A0D00014CA000008FDE000185DE00039340000251470001A4490001F1B400020CC8000262060001C7130000F8500002295B00014D5D0001D789000126D00004D2F500042E4100014E7E0002296D0000D4B70003FF0000037E4E0013F04B0000FD7100062B74000157340013862E0000D6EF000883A70001A93D00022E8F0002AF5700010FBB0000FF440000BBE3000169FF0000D7080001EC1D0002FA1C0000E41300026BFF0000E9C70009DA1900029782000CD93B0000E94000017C25000238CD0002FFC70002CEAC000231FB0006D8FC0001FA5600016148001345320001C9550007A6CF000182FB00014DC0000223E10001C7A7000512370013266B0001034700034EC90001BA78000250AE0002D4BD0003F9C10003E97200024E820002CB150001564B00008BE50002785D0001FB28000492B90000BFF10001B5DD000199EB0000FD83000107500000E4740006FC990002D4E40004D85D000194F30000E52A00011E0F0000F45A0011BC7200011BE8000248B80002293800010973000185B70001B4170000C17D0001DAEF00021116000170100008240100015D9B00012D81000256570001E2410001AD21000134B000026700000175950004D92B0000968F0001BEBB000332ED000230DC000226680001E5650001DC3D00025089000182EA000271B600026754000149BD0002A3A20004D91200026DC80001088600013EFD000109E50003084F00036C1D00012E3A0001347C0001D2AE0001ADA40002AFBC0003B0D400024703000241EB00070455000211C200025EA100031C99000210790003717600071D3B0001BBAE000157810005841700013B830001B5C30000E1C30002DE020002E06B0001C6C100022D8F00020DDD000687F700013DF30001E3B30001BE710002D45E0001B332000618AB000157610000E6F30000D362000196A200054EC300012317000231A8000138C700036B0C00010FAE0000E22C0001243F0001119000062CD20000A81B0002204100041B9A0002C5B6000509530001A022000201F70001F0F20001DEED0001C57B000163C80001010B001090070000D5E600014FD50001E67B0002429D0000801300016C770000F8AB0001AFA30002152700011AE500029A9A000259C90000B9050000CB09000150AA00038EBF0000DF810000CFDD00021458001374450000FF47000172840001F1C40004EDF30001E89F0000FE83000343EF00017172000272CF00017DFF0003BA9300140B1900016F850002640B00036598000254E80003393500084267000593620001C0330000CFA10000C0DD0000C0740001CDA900027A360000D27100011FD50001631F00030FF50007BC5E0001D1510010A4D40000C37E0000B0AC0000A003000257EB000208080000CFDF00018AD800032EDD0000BEC10002A5E200014AB40000F6730001BC2A0000A8A200032953000119160001116E0000EA040005B5770001751200024E670009E8EF0003881B00009033000185CB0002B0000002E8160000A0A9000153FA0000BFFD000129C00000A559000605A70002742C00011D570001990F0004DCCB000765250001737D0013988E00019E8800033E85000351520003375F0007173F000FE7E30001CE4100137D230000937300059ADF000317E90013E762000148920001DEB900016D48000477060000C04A000607E3000303E1000AA20D0000A2260008F9A900012A7B0000C19D0002B28B000177B2000162BC000306B30002799A00044E5500017DE9000C1F090000BF210001A96500032CED0003BE370000DEBB0001EE1F0001E138001359E3000277860001057000011D7D0000FFD1000377A80003CA1400013526000256FE000168ED0001206A00017ACA000576CB0000FC1B0000A0890000B40000071644000162AF0003F1E90002915F0005892D0003E9CF0002EA870002DE680001601B0000E2700001065700011F0400024C09000243130001614B0002DA74000115BD00015BF10004F0FB0002815A000173E300022318000281A200016449000325D30000A3A2000144390002538500118C840000BDA90001A849000133930000F0310002DD3300021BE10002CB2B0001F88800018DEF00020A070005075C000779CE00012C170001DB980001B561000264A700023F050001168D0002B8BF0001B4780003083900022A9C0000F770000110600004280300043BDB0000AF4F0001146F0001023C000342710000F3E900027D4900011154000221E70000E05B000217C600010A010002E20900016AFE000356CF00028374000128D700037DFC0000F4060001C6B7000159830000D6ED00031D500004EC6900020A21000635E800010A9700033C5C000373F30001516D0002BEC800010EC2000124010000D0140000D3A70002D66300012F5C000216F3000A884E000149790001B92D00016C550000C80F000121620001A56C00022F6B0001739A0002220F000132B50001609B00011C8900024E780002684C00011F3700059F230001426000014B2D00025B8100018B2A0001FC190000C69C00014BFB0013E0930000E5640000CE170001C2EF000251340000FCE300063F100000C8570007311B0001737C0001F1CE00013D7C0000D8E80000BDCC000906970001C71B000264D30000A229000110810003968C000340A50003D6D30003348D0000E1600003602D0006621C00016DE70000E9F0000281F50002291F0003329A00012BFD000E76300001B1FA0001CD8A0000959B00137BF00000F0540000CEB3000226110003D21E0002145D00021F97000112C300114CAF00010744000247A300011F340001CC57000608AC00026C9B000396D8000152D5000132F000015BD500012365000149D000019E870002CDE500008FFF000104F10002172D0001011100052B570001D2E9000378B1000495370005B586001121ED00023E1E00016DEF000614350000BE9D00018BD10001E4E3000117A30013AD690000CB8500019028000131400003C38F0002C37B000110F1000183D00001B4CB0006C4340003B1550001695B0000E6060000D4330001A93D00038BA5000107290001F3850000EEC00001B6E900037AAB0001946E000176B300012C4A0001165D0000D2DE00015EE90000C164000270DD00039A6E00013B7F0000B6D50000E27C000195800001270F0001D6930002BA9F0000F97600009EBD0003A3D6000214390000D3B80003E2FF000179FE0000E007000114F30001A00D0001C98E0001F9F3000101A90000FE21000157B8000165520002543B0001E41B,5120
93,0020001000,5,00097E7D0011E25100013D1D000116DE0001F4490001548A0001D10200046CFD00030E540003324B00008E97000252210004F5A100034A5C00011C4A000299F2000189C30001102900014E9C0001C33C00011BB7000208850001027C0000F1D1000720E900011E790003EFF50002278000017E01000195090000B0FE0002870100030FB10001FA960000A00700019AD4000138590002B67B0002443D0002052A00042F960000D97C000151650000FB1F0001742B0001F9940001665D0001E53F00094DBA000149E90002F0CD0001C2BB0002CAF500010B3A0000E0080006100C000133800000FD710000A0370003C8DD0007ADD9000369140006612200018A53000671B7000244190002C2CC0003C7EE0002213100011DD20000E81F00046331000165AD000121CD00020853000743DC0000E4F4000158400000E04D0000AC940000F36B001026060000E599000883E300039BF70012223A000174570001667A0000E0120001136A000238180001C9460001FC93000A3EAC0001B6EC00012870000143620001417A000159580001D8CD0001F60F00064820000209B00002890F000268530000AD520001D7D700018DFB00018330000126650003007F0001EC1F0000E9530002E8DF00023482000232090004DBB800027453000571070004949300011B0E000119330002D15D00029AB70002F91C0001F7F20003EB4200069E090000FFC70011CA4200010DA70000FDBE00010808000165BD00013E6C000137E600047FBD0002AF820001EB580002E357000200BD00101F570000FE5D000324D70004AC840000F2BB000261B80000E6AC0001D50C00024E2D00012FB30005EDBB00014C070002FDCB0001563500017A630000EAEC000205FF00015B3D0000C46200018A5900039C9100021B60000255600001345D00113CCF0002EA72000319410001601B000194D20000BBC900011DCE000103A7000123AB0002A7F500052F200000F1000001906000019E66000118AE0001B3490002A8790000F15C00038CCD0002D9F7000E0D650002B9B200022EDE00011DA000011067000231260004C4C20003C9C500103F100000AFF2000182610001F1610001BD3D000124730001D6E4000AC9F0000222670006B56B0005719D0003044A0000FD630002745E00126CDF000633320007474B0002831F00071F0A0003A3CB0004FA540001727500022C2C0001D476000196970000A85D000847D80005E1E40005A3840001D4AD000130A2000131AC0010F4FA000195E50000C15C0004071500124F1C000183C300030A550000B9260000F8F100020B3600016B390002195000021C07000193150003EE7600018EFF0000DFDE0003842A0001B5FD00087213000145E6000209CD000529D000013FDD0011C9EE00039BE20001E5620000BED300031F250005ACAA0002D2110001FF7200040515000621DA0000A56200013E520004CE1C00046DFF0000E3F30007E7B30001DAE200014A45000170180000FF0D000215DC0001B8540002047A0002A99100065CAF0005A94E000347160001AF5D0001D348000168E100050528000107A7000424C60001A3FF0002EB8300018DAA0000C2E0000176890002DA73000400D6000386F40006586A0001D27400026A360002B8D4000128140001CA570000CDD1000133030001BB5700016D6D000147E60001CF42000492230002784D00014E21000202EA00019173000389E1000103DF000270590007E43600092B3D000231BD000161EE00015AC30001505A0001EC4A000343CD00012C840002B666000141A30001CA470001927900016F1F0001CAD7001213CA000189B60004F3D70001727E00013B830000D32C00037E6F000176720002B2070001EFE00002988500030C7900012780000208130001CF0F000D44A3000333FB0001CA8400017B0700024485000328490000E6660001C79D00015B0B0001A994001207C4000194B700023A04000AF5FC0003E3E800027C6D0001089A000190060002614B000ADF6F00060E970001F2540001035B00012E310003612A00025FF80000CD4F0002AC4B000878C20002809500027F2F000293A800018DA0000757B3000197A600053DED0000EC260003587C00057FAC0001F13D0000FDA3000268140000EB8E00069BD0000252D9000122D300015869000219F300047DCC000284E8000170DA00022CA4000371BB0008BFA70002BC6B0000C8D90001E6C1000F472200065B240001C97B00023D920000DD730002B533000212D100029ACF0001E97C000195D0000202860004E7D6000127090001A5A70005570D0001FEBD0002AFC10001FDF0000150BC00010E21000326350000CFC30001E0E5000270220002556800016EB900011DAE0001497F0000D42F000151E700028EBD0006261B000FE7A60001FB3300036A310003FFF50001ED1B0003E29C0000C2A3000296BB0011B9F50001BE520000C0FB0005891B00015716000148A1000291FB0002B07B00017EDF00015D46000367BD0001983F00018A1F0001337D0001C3640001FDCC000252A8000E73F50001757C0000E72800011BAF000331E10002686800024B07000BD23A000265D500019E48000160250000AAC700011D46000103CA00014B3D0001BB3C0005F2070000DF17000243FD0011C5F80004141B00013F3E000712510001C039000730D50006D6830000DEA90011C3ED00044E170000A5AC0002D9890001732200013E72000285E4000B9115000E1BBD000659D40003A12C0000D10A0001901300030F670000F9F90009A2690002E8C100068FDD000167C4000162A000012B7800013DA5000430FD000A49B10000E80800008006000108A100029EC300027097000136590002EA500003EBE9000437470000D8460001B25D0001E2F70000FD240001717F0001DFA500015FB600010C8100027C6A00027B870003191B000253DD0000E0BC000153BD00011EF3001044F8000C67FD000230D90000EB50000290D000028DE10001F85100016ABF0011A2E000013CCC000187AE00060F380001725600084C4A000264100000D81C00017182000358990000FE730001C2E40004CFFA0003C0DB000404F20007E5610001EF74000121DB0001754500010C86000111470000D08100015B3C000160C70000C0D70002124F0002170D000521F5000133F20002952A00014D0F00072E0700043815000181D80001EC9C0004563100017B710000EF9D0002B3150000FF4500009BA10000A27700010E30000136740002E6E60001DD80000154A70002143E0000782800013D5B000191380001B768000223ED00017A9D0000E37D000253970000AFFE00020AD3000396700006412C0002C0980001CACF000A38D30002F76900028D9F0001D6B0000446F8001107C1001111990000F9940000D05D0002E83100016035000149C8000488FA000529220001E9BB00018742000277E9000112090011431A000211C20009D6CB0001B9C3000182440000F5F800027EAE0004305000017B6E000301790001D27E0000A7B800081AAD000FC90200015D6F0007678B0001AF3F0006A41F0002D63F0000E009000589EB00014BF60001DF890000DC6A000229780001DA8D00013E8200011E9B00020FE20001396500017D860002501F0008BF1700010C5900019C1000014BBF000202780001736B00012DEC0001293B000ECAF100013D810001C76100010D8F000124AF0001FD9F00039E9B00022E1F0000D5A300038FF00001FF860001E90B0002292000016E5800040095000801B800110A96000100D2000166D70002164E0001159100016CC300038775000185090002029900018BE4000112F5000187580001B78000019C7D0000F9320002E51800034D0C0000F0A4000167410001E44F0002827C000165C8000120010000ACF20011787700011BDE000251470003BFBA000199310004FEF1000150F4000120DD0000F6760000E51B0003981900027DE1000188950006F05500010F7C0001114100016EA50002D722000293B900013A7F00027896000115A4000414000000E18E00014D610003B7910000D57C0000FDB5000255F50000ED150005E0710002E44400041C8B0001174D0004A2F9000288CF00014E7200018BD6000237F70002A928000139DF0001CFA90002AA4500077AE30001BE340001870B0003A29F00019AF0000162ED000212910002342100022F3E000195B7000221D900028490000182AD00110CBD0001D2C700038B3A000345B100024E7C000247A500017A0D0001D4060002861300029A220007CC31000266B7000422910000F1FC000459A0000199F400017EE50002472E000270CC0002958B00120EE7000101150003397E000D8727000177E20007F64D0009252F0000F4A80001508200021A19000338630003F21100032956000101240001205B0004CD1D00011C2400012B5B0000F8A60002EAB10001873600050065000224FC000280AE00017CF700025F78000218BA000384E4000360B10002EE060002A80300017333001242C10000D0630004F54C00013132000E54E5000199A5000BC7AF000843290001C5AF0002B49F000FF6330001C9EB00025F480000DEAA0001A53B0000F4FB0001D50D00028A3C0001994700010F1D00009F510002DA40000183C60003C4640001E1F400056D0F000217030001A2C700012AA30000F5800002429A0001C1E800065B540001C1B1000132D1000552340000E7D90002C5DF00026F3D00024E500001D79A00018B9A000358610000E5DE0002DC63000155880001577F00029D790001579900010DAE0001FA850001E3B10000FB7E0001A4DE0006D5A20000CDE300024D7F000153BB0000D97C00015BC400014887000195790002E4C900013CD400122ED80002C18F0002719D0003A957000263F30001EE81000175290000F0320001CE410000F7BE0003056700024EE90005BF01000380220001B86D0000E9D40000DFB900017CEB0004219200036817000AE62C000195B5000195510009260F0000ACBA0004A071000187A500034DE9000092AE0001318500013F180001686F0000E5B40003C88D0000E8390000AFCB000FBB99000276020001D2510006A71D0008FD09000196CC0002E3E500057B15000400D3000131EA0001FD6D0001D65B00010B6B0002044700092FED000809B5000298530001DE05000407A1000110A5001146D50000A51100014A8600023BCE000DBA9600028EE8000156BA00050FA1000265A20003C4C20001AD0E000A1D0F00010DA2000319CA0000D777000197760001A3E00006FB88001149B80002E5D600017DF80001A3B800013F380002788A0004259800041607000129660001CF1F0004299300008EEA0001971700020923000387D60000E8D7000283B600040944000190D7000265AF000316D80000E0E00009FE5D0002809900037DEA00042D070001CBED000127560004A20F0002175B000510E400069FB600013FAF0000F84E0000FC890002B177001068680003E6260002B2800000D6D7000256B600015A650001C07600067DD700017A9E00010DDC001207CA000286860002B4BD0001D78E0000AC250001BBC50000F3CC00054C370001A67E0001067E0001E3760000DF200004516D000753CD0001EF870000EDFB0001D73C0001B9150002B53100019AF60001AE630006AE870000A69300012E8D0001151C0002731400017CCF00029FD8000192DC0000D3E40002C32C00051DC90001B4000000CAAB0003FE1100018C70000F09CE000891160007BAA9000197710001CF290002D47900014F2D00028854000163C10001A74D00017DF30002F7090004ED9D0003D14B0001200D00040719000139F5000122920001741A00021C4C0004C6370001A33D00021D9B0000D68D0000DF7B000157240003CC970000C031000174FB000689A70012823A000216330003895E00010A1E00013F100007C6400001F5E8000453F60000E5B600023CFA00034135000294860002A4E0000223870011F96E000147EB0004A6160000D7DD0002222F00028D350002281B0001970B000102C10000E0DB00013EC70001A3FA00028A3300014FEF000129B400033B920004D3EB0004145D0007A7BA000186D100103F420001FF8000072D930001649F000377980000F95E0006B01100077F58000104CF000113F7000168E700031DD7000119E000045139000457CF00034D8100055EEB0003612C000472B7000434020003821600050DBD00017A9C00020063000107BB0006DE4A0007C9DF000216770011E20F0000E6CB000ED4D90004EAC800092C3700024C8D0002BBAD000302810004D57D0001F5C200028D4400024FDE00012F3300009EB50005B10B0001175F000107AB000185A90001FD530001A9220000D32E00014317000234FD0001494E000202490008343F000178CD000177B30000ED2A0001889E000228E700013EAA000316EB00015846000229A10001CA490011B0DC0000D8CF0000E2320007949900027C790003D24B0008FE49000117E20002E289000970CD00015BEE00020A4B0001B8710001772E00045548000157250002205A0004BF150001C7F40001A6B60011ED8E0006D8E9000A598D00012072001191840000CC7900036D420001FBC900023A07000215B5000520460003407E00023EE40002AA550001D62B0005E0EC000D63320002801F0000DE770003ACCB0001448500013A680002790200018EE5000347F30001EEA1000106DF0000DF40001196E7000119C100014EA90001182D0001E1EB00013679000244CD00012D1C00014CF00003496B0001B0B40002592000010A5900043EA80000DA8B0000B9300004A7870002663E0001E6A90001A8490001EDFC0000FA920001318B0000F78A00116FC60003514400011D860002A13700118E250000EE6C00027300000252370000D411000838C5000206B20003AD1A000186480001CB510001874D000DBBC90011A2A90001C13D000105AC0011055500013732000153A30003D0E70000EFE10000DE010000AA0F0009066F0001639500034390000100FA0002058200010A3400016D1400044A3600015F920005F4B70000FD7600021EF00001BF08000113BC0000DE8F00016D0D0000BFFC000213AE00036C7D00011F5C000115550001FC970000900B000181040001554A0003FD670000E13400034FC70001A044,5120
94,0020001000,5,0003A01F0002272B0005C7BD00027B870000FE7F00037EB60000B0FB000268290003C1AC000227FD000371A20004A44B0002146A000EA8E6000577DC00015A35000154C10003B9940000B6DD000363A100014EAA0001E45300034BE5000246C70000CEFF000363470002C07F000137450000E47A00050CFB0001747B000193ED00034D88000D48690004C64B0003838A000271730013C768000169400003D0BB0000E2B300024421000133D20002E8BA0004DB77000205290000FA4000090543000A32F40001608C0006AD210001A4620002763E0001D0930001AE11000193E90000DEE80001C6D70006FF790003CE46000120F7000390E40000C0A30000B8FD0006A053000101CC00011C870000CCA900030E740001609B000341C80000D49D0002F8A1000150840000DF500001E98E000401D80001D2FA00026D4C0004013D00038DBC0001017F0000E6C900056BC7000142F500024D170001F24F0004711B0003FDC9000441AE000149AB000281EF00024DF10004BB4C0002964F00009FFD0000FA6B00138FDA0006A43F000306DD0000ABB10002CC4F00022C4F000185320005215D000170A10002C16500015DDF00020BB600017FE6000203C10006A00C0001368B0000F742000157810000E7CD00074E9400028A7B0005C963000246A80001C4450001EC1B000185220002191C00028DBC00021B010001D53F00037559000252BE000162A90000BDE9000A6DFC0000EBEE00011EF000012AAB0001358C00060823000304230001B256000384C30003B0910010CC48000155F50001B40C0001F40C00013C6F00055EB4000318E90000F8EF000172D4000463170004D23C0000DC81000155520001D51F0001BAD10001D6730003CE1C0001A54E00026B24000135DA000194E10001899D000488A10006A8B00002EB8D0000C13300091EF6000353F0000198000000E6ED00032A3600019CC90001B9F80002C5030002CEB7000796A8001234AA00017AC600021471000243D30005B27B0000E17900016A2C00030AD20000D2CE00017E970002CB3500020BE40013E90A000263B10002596D0001B9230001278700016A8D0007B70F0001A75800140321000102870004E33600014F330002EB5F00012BC70004CB9A0001E1D70002FA800000E75800036F400002CCF6001215D8000477C90000AF2F0002D15D000318250000EF650001ABFA00009FEC000222A90004032C00028515000A302000026068000569FA0001A0F30006DC9D000316590001CDBA00013D8C0000E04100141123000148FF0001B6FE0007522C0001CACA0002231300011D1900019F7E0014053D0007718B000298440000F6DC0001372800016B790002511C0005E9A500019D51000215CB00044F990002BFF3001371B3000438A8000FFF6F00019C7500054C4F0001798300025B3F0005A85800017CAF000214820002C5EF00033AB900036FC70001B2D500015E1B0001F9F4001209AF0000E9EB0007C57E0004075600035F7300034BBA0005A7D90001FABC0002CA750001602A0003BFE200019D910011D7430001769C00012E9A000113980002E320000225AA000137A3000379F9000184AD0000C06F00023897000829740001A1970000F45B000708D50001F4CB0001827B000125D30002410D000115F90001AA7A000187370001179600020C0700028AC1000141B60003B31100023596000269D10000EFC6000160C50008421500050E2A00058E5600013A6800028F3C00010C9900014E7200011C2D000178C7000125140000EE90000650FC00036668000092380002032F0000D317000237E10012F83C0000C39F000111960001CCFB000237B700008FE400018D26000410290005353F0002353B0001E87C0000B04D0001F7F30000DFFA0000B53C000153D400101292000140CA000150B40000D1FE000132A10000CEFF00046DF70002B9D10013F10D00024BD90000F55D0001363F00017E0C00012664000124F20001F1660013E56A0001B01C00012361000128A100015DEF000118730001FCF200016397000439CB0001BC3C000965C10002B8D100017AB3000197C80004F5F3000674D300012DF100020BB600026570000317DD0013854C0002C514000151B300011F4700012D0B00082152000256C4000187830001593E0002815C0000E53A00011EE40001753500028B0E0005022F000102140001B00D0000D5330001B3FE000123D20001E5D20001124B0000DD0100046E69000191E30001757B000105C30000DE1B0014177B00056FEF0001C6C60000821A000778B600016DC2000519930001F1150001878C0001CCDA00027A070002D96A0011AC8700009D3800011D2C0002A1FD0003E2370002EFE9000157E100059D4D000631F30003079F00033E490010FC490008998A000291B3000246670002720C00025E440004043C0002F0F90001F6290007298C000162EF000100B50001EC700001EA2300029CD700078DA800016A9F0013E0620000D2B60003FCD500036401000420410004E2FE0003EFD00001D56C00039FA200018D8B000B7ABB0005EBA7000107550000F43D000100B50001016D0000F819000234B9000182A30002719F0004B6E700038CD3000119A700018A0B000C6F7B0001812D00054ECA000207550009283000010A8100014704000164370001FF010001200600027BE3000117D500014B9F0000BFA40003022F0000E1180002ED9F00073F9A0001B76B000154D5000C3E80000105450001F3C30002FF330003A7300000EBA900020A3000014BCC0000C90D00010D2E0001DFA20001078B0002BD510000DF97000221B50000D28C001344F20000FCFF00055D060003A1350001C198000126D50001748F00056CB1000E333100019617000175990001202300021A1100010BC00003B4CB000104AD00013CF50001B4460008B6010001CFE500015DB60002C2410001FE99000148790012B5B200011AF2000658D9000100C30001ECD70001B9AA0000C19F000582FA00009202000198540000FE390001A5CB0001B1270000EB8D000150DA000288BF000B32810000F35200036DFB0001AC330000DFE30001C044000132D000064B0A0002D0A30001E32D00037A0D0001CB5D0002D84D0000FEE300027597000130D40002C881000367C100017AE500039AFB0001056C00076BA300018FE200013F730001CDFD000274FB00057AE80000F0B5001381310001FEB9000122210007A8C600039176000190CB0004EEA400019FC30002050A000106350000DCB900027195001323640001035C000146AD00022DB70003143C0001E235000434EE00043FD80001C9410000BF09000114DA00019A03000285E9000227DC0000C0070001ADC000027EF20003CC40000A9A210000FF9F0001DD9700017F59000242670000B0260002A50D0001C89D000144970002252F00017243000A4C080001C3F10002082F000176A50001314F0008BD0500020C0100011FC90000FA60000574CD0004AC5A0001CEDE000295410001E2A00009A0E6000143570001C5FD0001151E0001D66800016CF90001495A0000F6DB0002906000014609000299050004E8F4000270730001EDB30006042D00030C000001126B00027355000265F8000103B30001571F0000AADE0006F74E0002371A00017F6100012EF100077DA9000236C50000E306001048420000B0120008B4B50003E65900019C1D0000FB0B000189C70002E7820001C4B4000148B50004F380000154DC00028C13000129DA0003C7D30001264B00033073000204CB0003761B0007FB7100018F3F0000BAB30002A0E6000139100013561E00011983000256D80001C5B500014C4300011E6D0002B0610001F45C0001DD710001CAF50006FCBF0002991A000394970001452F0001ECE70001AFD20001CF86000632540001C9730001A5130003918B0004E82F00032C98000140230001C27D00027A3700014A2E00012C950004394B0001016200021AAF00083BD2000121DF000276AE0000C007000257BE0006339300014EAD0000EDF50005E1BB0000C03D0000D21B000210530000C69D0000E57800033BD800035C95000190F6000587270003D5A800011A7F0003176500020DEF00013A750003967F0002A24A000169B60003DDB50003CCFF00035C0A00092C9200019B7600041AD90001CF200002725900024C670001FB8400009FE70001CFE6000254FD000135080007C3B50002B8BF0002860600014CF400038749000137550000852D00011D810000E4890000FC0300010C1B00007DEE0001AEC80002E95C00051E1500029C6F00014C09000131BE00044CBE0000EFEB0001358F0001A28C0001444F0008A6290001592A00026691000187BF000210AD0001036B000233AC0000F70B00053EBB000326F50000B2C50001B3E400016FE70002277A0004B7BD0001A5700001CE870004067600014A7D000148660001C790000127AE0001C09200022F730009D4A100022D0B00026520000147EC0001A4120000BFF700132F9F00011715000A08470009DB940003F913000380E000011D4C0001794700013676000220DE0001BDDC0001448500132688000393720000FF82000132E300011BF90001544C0000ECDC0001C45000011BA70001E2E7000141240001357800017FFD0005E4D5001494630001AEC40001C7BB0001AEC900023AA20001FD4F0001DCD70005CD1100010D360000EF590000B8420002A82A0001DA60000222F3000152A9000130B10001B851000144DC0000C5EB0003C35E000226F500008C18000116350001E8690003F5EF0004BC160006F87F0000D815000ECCD1000389DD000100A900020EC800029E6B0007C1870000E37A0001346B00013CD3000157BF00029866000174B50001012E0005B40A00008FE2000238CE000665DF0000E1DA000FF04B0004A0190001A67B0001F84000026C5B000333800001C6BD000141A6000868ED0001D401001412A40000E2BF0000FF600008614B0002D4DD000152EA0004CF9B00017FB0000285D30000A8AC0000A506000107BF0001B499000189C500010E400004C2B1000161A900019D320001EE490003191F000350BA0000ECCE0003C6640001502C00066DD10004CADC0001B8060000EA2D0000C15A000189CD000114A2000189B2000591B50002B0D20000C6AF0002322900038D310003B3C70012689800065E9B00018AE40000FD7F000174E70001881100014FDD000103DF001392150006679800016C710001A78A00010FD10000DB6F0002A5C20000F9F30004B95B00031EF7000292A40003F819000194460000EEF70006EA9B00028C0B0001CFC70001E821000183B300010BAE00025E8D00016366000181BD0001EE2300020B4700010BDE00019D730004D02E00022369001246CE0000AF42000853050000E59700059A99000285CB0001F56A00107FDD000109850003F4E8000129DB0000F41C0000E12A0003B1540001400E00043C8C00048CF3000150B6000166E10001BB370001C9CF0000FA7700010F870001A9D300021FD200027C960003058C000370660000DDF400029FC00000E0C200015CE40001FFBA0002100B0001DE210001085F0005EEEB00035A67000408BF00025BC30000DF8A000213130001F1150003BADF00060DDC0004B21100009D4F0003DD03000384630002568B000250F600017DBB000130AC000BA28C0001D98F000133D7000331C7000112050002314F000D20750000CC4C000893690000E87F0000FC8200021CC50009684D0002117A000C047000011B8F0001DECC00018469000366030009015200068EF5000265020001F6B20002F3B600055B670001E46B000141A7000084CA000157010000EEC80013068D00012A9100024BE90008C5620001F63000011DF000013C050001145A0004C2FF000353EA0002D3230000C0610001C0D000022AA6000A1A3100029FBF0002921F0003D4D00004F15D000339F900037C060001A05D00047B5B00025CA10013F8870001100900013E0600014D400002954A000137620000F9050002ABAC000146F50003642B00017CA70001B3D50002446F0000BD5E00014B340003D7DF0002E1860000E5E50001CC95000183A6000173710006D74C000680EB000114CE0009124B000235E300053347000483E500023C230000CE930009651F0001F8C8000440D2000200F70007D32B000212D8001381140000DE2E00022200000254180002B59F000187450001E53D0001CDCB00010D7700022B1C0000F0040001F20000066043000176E80002C92B000371340002E8AF0006CD8B0008084300013AAD000145670000E7CB000598E80001A7740002D80B0001379B00024CD10005AA4900142C580001CDAC000497240000B0860000C72D000180F20002C00A0004E18D0013C6870000D29C0001E06E000179810010251F0000D0B80001C8A1000668F70013F070000143220000D6190002B7D70001756E000194F5000133E600017FD70001272E0001826C0000C02900018A0B00021DC2000193D80001B15A000114F2000696110001384500020745000655380000B1A20001562C0002BA3C0000DD0700015D19000123F60001CE1300013B220000E7EE00018E1C00028FDB000274240001012F00024EFE0000DED700010A78000163170003946F000257B30002777F0001BB4C00017D77000264C7000435120002A8ED00073ADF000C0F440000C21300015E350001A69D00016F82000358A0000154570003EE160000F77C0000E20500014A8C0005CEC20002978B0003F4C500137BB50000A33F00016F23000289DF0005BEAB0003824A000C690700032CD70002264000016258000148C300052CB5000215280002A63B00016DA400026BB70002D75D0000C2410002924C0000EF370001D7160002AE470001B501000144DD0001D03B0000BDD50003C3F600011D6A000335C00000BCF000009F87000887810003119000027E240000BFD900015B3D000966D50002A5610001F43D0001483A0013504B0002A63D00010B440003F6B2000218FD0001A26D0000FB3D00015C14000159F20002AB6C00022DAB0004D13D0002595B0001B7EB0000B2D70003E096000344BA0000E0F300014F99000128F30013A3140006B1AB0001498400019E740001DFCE0003941800050BE70001598F000153990002994F00015124,5120
95,0020001000,5,0004E012001457810005CA92000B448200014F69000137420001DB760001BD380002C843000124FE0002A75A00012BF7000138B60001E1A20001192300047EB700015483000120A40001414D0001E8C30002C1F300038501000376B4000329A600035218000153F90000EFD2000126730000F5BB00017A57000101D50009C5130003935300010F9F00020AEA00020D010003C7D900016DC400012CC500014D510001B76B00020BAB0000FF8F00072DAD000674F20004A03F0003DC8A000326AC0002F007000219400001DC3A000135F600016FFA000140CD00016B350004B95B0001993E0001E7E7000329EC0000BE6D0002B8E4000209CF000550C30002D42D0000F09E000133A500017ABB00045A6F0001B19600100A9600015BC10001FF14000495A3000190FD0002CCF900025B0A00024EFB0004383500058BC9000A109D00028786000262B500019A4A0001BE430001BF2A00027CE400010A97000806E3000198810001747F0000EE0F000152C30001FA53000165960001CDCE0009C9990002EE8F000D01FF0000E46300054C9E0000BB31000593820003875C0001B676000286E90002206D00019E140004162F00017E6C00031A340002120A0004224500027F510002E6CB0000BA7600010E7E0001CA9B00016EF20002AF0D0002715500022F200003564700011158000212620001FDD0000286110000ECE4000278FF0003289A000273180001FE7D000481B300016F48000368D90003606800016AD100074DB40001309E0004E145000220190000F3B800017B160003DB7E000175E100011EA40000F5F600010C9600052ED10009ACE5000377DD00017F6E0000E0340001846C00028378000226BC00017F88000128A500019A3D0001501800054EBE00053319000100FF0002908F0001898C0003FB4900012D840002465A0001837E0002D75700015AD10003D79E0000D0C40002888E00056029000163770003F73B0000CD7B0001D983000178BB00077E0A00027C0500032E6E00025A780006A5DB0001D798000234630004E0270001F7940001AFDD0003FD640001D0A6000127110001488F00026D97000298CB000200EF0001F80F000A4EB9000334C600025CD80001A91800038BB500010F8D000145D40001104B0001B4EC0001760A0001951D00044B510001DB8B0004697C000275E500030F190001B8F50000F4460003145F000182FC000F5A12000183810006C3110003197A000191BC00016C270002663F0001B9D40001C453000169ED000104970000DD14000114D60003E36D0001890D0002AD9A001449EE00020E2A0001359D000249C80009A16D000154A40002B2CB00029C7A0003CDFB000125DE00014FC20010774E00065B480002BD5F00011F3D0002E3120001BA5900020BBF0001E94400020A9C00035BF000030901000CB9D90001326D0006BD790001060E000204B800013C52000308E900011F240001DF99000169EC000EE11F0003B01F0000DE230000C83C0002FE4B00019C16000493E10001B3120006BB410001D64A000376C10001B1060000DF91000177420002703900027E730003109D00015C8C0000F13200013E1D0002CBF40002E29500155DC900046DA40000EFBF0001788F00031BBB00033F40000336820000FEFC0001655D000412BE000909C20000F4180002917700017A44000287060006FAA2000240350003761200019D7C0003E5A7000443030001B4C10002F3C00007328D0002E83F000138C6000133EB0001A5B00003BA8900024481000272BA00015E980002EEAD00024C0300017BD50001F368000202DB00032EC700011F3C0003C1900001B9B10000E00000021E130005329F00019E890000D9E6000E825500059519000449C5000202790001E218000833560003BF8F00020A0700017D5D0001E0DB0001009300025935000427450002335300010FEB00016C8800014D5A0001CC2D00022B61000107E700012C00000148110004076D00042DE9000140D1000126FB0000D54D0000DB400000E84D0001EEF7000100A7000177D80001390400037A23000307760001566D00017DF50001C0F100022704000477A70003B4BB0001C6AC0001E35100099C910001352700013D43000295000001841800020E4B000276E9000185FE0000D1A20002B426000243DB00019554000377F90002437200018875000134BB000174BB001463EB00014C9C000301950001CC890005B18B0002DA9C0002DF19000194E8000ADD03000127D50006B3A9000186FF000463480001896D0003AB3D00011DA30004A3FF0000DD330004F4B80008089A00043C3B0001DB6500010AA000031C0B000224DC0006B90B000242B000031C820002998B00016296000207C60004746C0000A00300011ADA00013E2C0000C0C700035EC60001F3E1000141750000CF720001227600068D8000033A1C00017E1E0000F8190003098D0001D8DB0003E32A000500D10000FFE800042B91000139E80001E7E50005D40100025AD30000EE46001425040001127D0008E7450002ECAB0004B8220000E2D100018D830006B7120001B423000122C000019B5B0005EC93000B394A000155CF0005A7C9000145410000F26F00031E8200040ABB0003CD16000466E2000150BB0003B7A7000275940010DF250005995A0001C46300016527000F6BEF000122B3000279C2000239ED00144752000588BD0001DEA000013BFB00038C8D00034E440000E24500078D67000161350005D20D00026DF80003B3610002734E0009BEE400016150000142990001A57F0000C3730002A3FD00051BEA0000DD3B00038C44000425000000F8670000C89F0001160B000BED1700013B510005BF4F000391C70002D88D0009EDBC0002D393000472BA0003F79B0001FAF80001B4DE0003BA77000249E700010E8000015CA90006547A0000FE1C0001C0650001B3DF0000FE5F000115590001881B00133BE00000EB9000024E33000188190001BD860000E037000275E50001F426000440DB0003091300012BFE0002FA13000377520001772D000130BF00031FE6000EDC41000237680002B1F4000122820003A52E0001219A0003757C00012E250004568F0001807C00010C6000017B040001BC21000518CE0006FB050002AD2B000267B8000216B000045AB30001E26B0002FC0F0007838F0003614B0001EA9D0001530C000323C5000A9F190001A00800022B20000136100003136C0000F97B0001ECAB000172B80000D07A0001B1160002DE140001AD4100055EB900070AE600016DD00004EDCA00028AC7000123D30001EC63000179FC0001A88500034533000507FF0001CD46000B7A670001A17900022AF7000689AD00010ED100019A980001D10D0002534E0000D02500038410000160600001997E0003C7410000FF9D000309D10001CB2C000440310001E1170001AD8000027DD400023A080000D48600016759000435A7000165690001633B0002E1570001D0510004CAF0000275560002BBF9000319420003F2D5000225C8000241620001D45D0001B4240001697B0003E77F00037F6C000276F300026B8D00033A6100056676000196CB0001676B0004604F0005FD0D0001EFC400076314000156E900048F0F0006281F000129740004265B0001D21A0001D52F000186AD0001349B000468EC0001B6F10000BA0A000270C400053838000402B900010BBF0007061A0003CE990002C152000173060001C8870005FDFD000122080004A4850002DC630000E3B50002CA1B000367DA0002F917000187A90001425E0001C2C60001521500017929000185B80002E3980003EC7B000103820001ADBB000438800000E34D00016C31000159BA0001B00B0001491E00010E23000704C0000244020002FA100000C114000129910000EF6B0001DD670001A73C0003BD1300013BB3000A641800010AE70001A48B000178E70000F8DC000217CD00020DDF0003219C0002E32100040FE3000A08B20001A08200027C630000BFAF00069E160002E69B00018077000169720001A213000105360014731F00035AB70002C0B300023FA500040B700001EC8300043865000116FE000111C00001255A0002A1B2000148B6000288790001A9AE0013F6480001B5CE0003895700012E9600066C8B00013A0C00012834000299F90001E8D00000EB7A00019ED1000135E4000170870000D61400011499000226DF0008EA090003FC8A00013EE60000F0FB000312B50000DBFE0000B14500083BBE000311E500038A0B0001D5870006FF7B0001BA730001D0940004DD5D00012F4C000205D40005377B000194F10001BAA00003A0C5000220F20001382D00010F7D00156ECD00021A5A0013E7360001C3420005EA730004DA3D0002544D0006D4E6000576950003C08600033A6F000131C0000424950000C40F00018BFB0000E0340000EEC700016B29001476F800026D820001E887000169AD000264FC0001A2E20013A1D50006595E0001B1DE00064DD600030B5800018E1C0003A950000279980002D10900023E8A000273B6000249C100028A3D000722AC00024C5B0001FDD200095EC600017D8900088BF1000407B2000972850001EC43000677790000CF6F0001F6F80001C89F00148F840001431C0002A29A000157B4000368660000A0070003BB2B000167470000FF050001ABC600013F430002665D0002FE9F0002F01C001301B10000DA0D0014816E000699A2000528F5000138E60009017E0001D7DB000642EF0000D7E40005B5200002BA0B000370420000DD8E00022F4A0001931B000294A90002913F000311350000FABB000449DE00010B750003D2D80000FC6D0001912700044F8E00023A7B0007F649000579480002EF060001BB9C00026CC8000215FC00016D4C000242BC0009A02D00069D5F0003CCC300067B10000309250002F165000145410003CF0F0001A13B00011D10000278180000DF2D00011B840002CCFA00014AA600011138000136190001C55E00094D4C0004F0FB000142F70004206A00028FF6000269730004587B000459C300019E3D0011783E00028E440008DBC90001157600014AA1000205A4000255A8000207CF0001F41A00037FA9000293CF0001C477000265F4000523DD0004203F00051705000291960001753000037EBD0003416C000E6ECF0001CB33000A408B00013F810008AB0D00015A1B000174D1000138AF0000CD030001B8BB0000FAE90001FF31000174640000D00C000168930002B8F70012DCE9000157340002876D0001D5FD00016C2E0000E1330002828800044BC500029A83000168FB0000FDF90001F3900004523400075F4F00011EBC0001871B000174FE00026D890000EA670001E82F00028FB90003214D0002A9FB00026B08000186110003A0880001887D00077C38000B0E850002DDE100012CEF0001CC5C001409FF0000B77F0001319D000100A50001E9520003D3F20001199B0001AC19000BC0AF0001407D00024F3B00013A9700015E3A000557C90002EBBB0006CC4E0001FEFB0001C088000106C1000157A00002CEC0000161890008210900044F91000151070004614D000718C7000192B10000E2810000FE38000330E700010E720002E3930002F5740001F47D00031AFC0002BD780006D0950000D18200010F1F0001C4A60002A74400029F4F0006F5650001EE3B0001639A0001720200057C71000792150000D0250004824D000229630003F2FB0000BE2900028D9C0003CE1A001429300002B2380001AEC10001A6610004504F0001FC730001A5D80001DFBD00035E3400018ADF00043823000269DC000281D90003285A00024E310001A49C000318E70000FE97000230610003ADD3000EB92D0005100D000215CC0001979B00016ACE0001DD0C0000D8050000D01D0001C28E00068941000249950001D83E0014A63D00036B88000102030004D867000163CE00012A530002098B00013CBA00017C3D0002E85B0001111000014B0D0002A9AE0001638000052322000221550013B318000131270003B54600011EC400011E000006D2CF00056E6D000248170001C30B0006A6170006770700012D85000272A100048B7D000B960C000130A60002B7C90005034800053AA20001602A001474D600010DE20001D35700086D14000434EB0002D2C400020DFE0001F4DE0001D8B1000315AC00019C3E0002394D000211250001AEA20002403C0005E368000141BA0001C67100022DC700021A90000163A90001366900019D3500012B4300012C900007D19600030FFB0000D3130002CFCD0003D6C30002552A00016AEF000255C80002CC73000189F500015A8E0002C43C0000E1AB0006AF460002C00F0003D22100038166000256780002AC010002D0E7000145DF00010D050006E064000F0B590004EE9600016DA400012591000214D00002A4A500023E67000139470002337B000367870002B1E30003E98B0002E93A00013A600000B3D40004D35100021C090001B7BC0005ACA50001586A000DB6F30001C084000191D90000E5EF000168770001E7A70002EC7100010FE30002D129000300780002B2D60003B4A600039B56000292070002BD96000176BF0001A89D0000BB810012961B00075C270002E511000173AB000490690001F7F700030B770000E7BF00048A880001E4B40002C5640001380F0001EDF30001AE240001C723000140150005120800037561000161BF000204D100026DE600020C47000334E3000173BF000283E90005E4610001776F0002DED70005EF9800017FB30000C06600016F4E00043FE30002E83100017E0000061EA100028A200000CC7500038101000323B10003A26F00012CED0001B241000392410013210400015FDD000704210001A6FB0001833F000270BA0002B63D0001FA87000457BB0001C8F30001481100018DAC0002CBD000048958000408120001482C000788D90002552D0001262A0000CF620002BC0E0001BF850001DF2D0001C6DE00013AC0000198840001428F00025C33000740E10004D54000017E0C000112A000010EF5000195D30005FF49000535BC00067EFD0009114D00020ADA000311F70002E4000002119500015A250000BF310001BE7D00015158000742A30002D3A4000205390007015B0007E0DF000113760004DA3D0001F3480002BFD300017FDE00008FA0,5120
96,0020001000,5,0000B99A0002EEF7000183830001FA7F00026D46000226280001FE060005ECCB00018AD200018C270002BFCA00018D090002A248000F873C000C570500037DF70001687600144FA10002996E0001C7F30001E8910006D43500035638000154A800017AF10006121B00025417000250BB0001374F000470DC00017F5C0004DB3B000402A00000F8470003369200014B6200010F0200034A8B00028E2F0004467D000141080014087600034A6A0003A7D10004750700014B9A00014BFB00081E07000243860000DF690001626A000139460000C2750003007000013AFD000715D7000831830001E4D8000314970001954F0002254600010E760002980400030BD30000DF81000180CC000181490002564100023569000878E7000445DC000585FE000240ED0002F5DD0002A87B0001ACFA0002BB560004E5FE0001758D000C6F7D000199B20006E0770008AE490003BA8300011AB500023C3B00010A330001C23700025DC800010BAA0002F51D0000B2920009FE9F00149D750003B641000114FC00037406000172DB0002649B0007EC33000100CB0001E0AA0001EB3C0002541A0001EC1F0001C2B90000F61600016CAE0000E0670003DF3D0004B56900017DB9000112780002F26700029C290001CB850001DE5D00061885000124B50000F71700010715001466D40007C2B700027BE8000123A40002A8F4000630240002AA760002BC330002681A0001E4920003F6870000CFFA0003058100031AD3000162D80001F96600145D6B0002D906000AB4A60001A2470003D6AB0000DBCA0001BF11000288B6000426F50002168400027155000131A3000427770001452B000159100004CAF30003EAFA0001DCAB0005718F00082BC0000F9E8000012F090004C7370004082E00017ACE000182AB000180BD0001F3DC0006A98D000105A0000366F000029926000762F60000AADD000152480002A349000136F900030F49000464FB0001526D000166DF0001C6510000EC52000162DC000CCF1D0002EA2A000359DD0002C485000122440002D8AD0008958500019DAC0000B00A0001E13D0000D7390000F9700002A6F70002109D000190D3000166F300019B65000312F500032A26000104F10001EE0D00015D6E00016B650001706C0006A97400013CF3000290610000F3F7000189AF000386D4000159D10001936C0002E30E000318B90001E0050002CBFF00146D6000007FEA00055AF50001942F00022DC00000EB7E00020ACE0001CB2D00055EF300027B1B00019E810001F12B0004E5980014AF7D0002046F00021630001493950000FA760001B2360006C432000279B5000175010001D0B90000D385001459DA0001FFB100018A0E00020B6600024E170000D80400017C3A000122CD0001B3910000B27C00033DFF00017D740003A17F001393A80003009900031EED0005F9B70001830700014C180002113500015FD30001C7D700015D5800015F9A00021AA90007BC420002467C0000E558000317B5000255EF0002B2900007B5870002623E000107A200020B2800014BBA0000F18B00013A33000161EA000584BA000126F10000BFC10001F1970002320C00074E7F00069BE90005491F00019308000107890001F43F0001A8C30001206B00010F0B00010F5B0000D0A40005173400026EED000284810001456D0001D59D0007967A0000E52100048ABB00032E5C000D3B2F00030F8600037265000492EC0004C9A70004DB720001C9F50001ED060001E8D700012F20000106070001595D0014AB9C00071ECB00030F25000141070002831C0000C66900066BF500014BB2000A08D60003DB770002A32C000110EC0004CF190006E8D300119B03000375260005AE570001B9790001E7FB00013BF70001F7460001DDE10004E433000239290001F2960000DFD200034D3E000156550002C7A500014881000101FD0004689F0001596F000657CF00037D220000E3740001EF3800019F550004CE3500019ECF0001BE15000215D10001A0F5000176BB0000B1930000DDBA0000C1BD000554890001735C00078E540009969B0000EAB800019FDE000140E7000144DC0001C11D000462430000F4210007CA120003B12200017F780000D2BE00078F310001681E000E455300042A090001DEA600057056000129EB0002EF4D00012F6D00031E5000027C4400049F540002B8EB000158550002A3C40000D525000132EE0002893300059E3E0004D9D70001A3B3000566A300009FCB0001220100062669000176110001133C00021E3500013F970002464000019DD30002040D000128FC0001FA06000100DE0001A22A000211D2000202B5000454030001AF2F00015C750007337E0005FDC00004290900067A8D00031305000476C300025AE8000166AD00081D1B000178DA0002F8C40002DC4E000171700000E0F90000F87D00070E990004BDE60002836A0000E438000193570002875C0000FDEB0013221600020CB80003D9BB0012EBBB0000EBC40004BEA0000248750001815B0002A596000415820001C66C00019EE600043A2A00018C770001572500076F230001487300043DD20001498000069EB40000CC91000174230001A1F300021F9D000224410001887400012437000215F10002FDA6000167270001889E0001E3650008688200029C6D00010EEC000CD51400050C850002A84A00080CC40001F4CD00065607000101950001B4110000BFD80008262C0002AB8F0008F4E30000FE920002EC72000236950001783700042B70000178B10002C69200067588000126A0000346DB0000E16100017FCE0001749F0000C0980001F6E5000941130001A8640001F830000870720001DE070003C9620005B2BC0000BEFB000139CA000C7F8B0001325A0001CF770001613E000311D30001404F00021EF500094A6A0002F4ED0001107E000199E900019D0E000273080003E27A0000E8710002942900015DA100012D64000394D600010B440001DE910001425F0000FFCF0001512D0003C4DD0002DBD20004B68F00010718000782A20000BF710004BCB500014E230003227500015AF70002941F0000CD5D00016FC2000133E000013A9D0001CF6900016CD000046FD2000216BF00018BBA000245580001C0F700028E790001298400035AB60000BFFD00008005000676BB000F2E7C0000F1980001BC560003B264000211ED00013C3C00064BF7000291C50003142D000546F90002120A00090F8800142A8D000678000000DD8B0001768C000217A40000CE6B000182FF0001719D0000C003000161A20000DDB1000A5C8B0000FF0F00012D910003B95E000130F4000127AC0002DF3A0004ED190001DE230003CA4600013D210000FE250002CF73000364C50000AF970000E01D000182380001742F0001339B0001EE270001C89000145122000119340003B36800013DC3000618C40004501100020598000A52C20003D40B0001372F0000F0660000FA2A000139C100037F77000160F300024EA10001C7830005835C0001249F0001A5B90001944A0000DC8000033BFC0000F27600036BB90001477B0001778E00015AA0000135540002AEAE000176620001E3E200034AF50001DA570001401100028D3700016B6F0000D27B000111FA00013931000AD7190000D4220000EEC50001C20A0001B47500012CEA00025E8C0001E6C600141AAE000145AB0000A1E3000130A40003D6E700019E5E00051E7C0000EE18000305F00001D0030003156D000158F300014798000179360002A4C5000164600001646200036E4F00048BAD0003591700013FAB00042784000AA243000118E300080CC50000F1C600048B06000379310001B93E000124B60003067B000102CF00143F7A000244980002E4C30002659100124E90000232A70001DE87000101BB0001D05F0000C0AC00059E7900018FB50003952A00027D4F00016FC2000160140002E197000132FA000177110002C64B0003263D0004E05D000100300002022400032D7B000155F000031D250000E3140013C06200043180000D5E170003802C000193420007014E000187560001CE4E0002495C0001C2BF0003017B00018D7D000241C80001DA290003A7A0000190130003DE2500021C0A000148C40000DF59000200C90001642A00028B7D00010CEB00037D2F00019FF700033C340001EBCB0003AC63000480E700093DDF000824570001FB6200039C7C00051715000191490001F89E0000AF470001EB81000158C50001A6B70000DD47000245F60003B46C00033449000864610002DBA200019D250014443300038C490001FB000001692D0004FC5300015A4F00076EF800025BAF0014688F0001248900041C5A0006089900012EAF0001E4DA0001DF9D00067FB10003EBEB000321BB0001DB420005F77300034480000271F30004BD530001457A0002836A0000B8D400028BD3000388BA000367B100025E10000105ED0001B515000136B800019D0A0001F52F0000D0DE00015D6500016D6C000218D900036485000130680002DB5900013D4B0005E3480003A3A50000DFFF00061D3000028C150000F3740002E6EB000430390001B99700141F380003167F0002241D00034C8E000139BD0001E6B30002BD6300011D1C0000A0D80001E5E1000159690002DAF30005BBC800015762000159470001FC630011077400022D040002D8A90001AB75000346A600009FBF000CA9110001FFFD0005003600097E1F00013A7C0005ED170001CD7B00019A590001561300096FDC00067EDF0002F45B00020ABB00073DFB00015E210003DEB60001790300029E3F00022DAB000196260003F14400013215000118DC0000FA590000B2C2000142860014362A0003C9AB0002BCF100017DB60008850000048B4000037DB4000522360001A5C30000F765000152A10003C80D000155B80002578D00012F67000465F6000789F00003D6CC00018EA50005F90A0000AE690003AD3100034C580008989E0002309E000169240002BCC4000134A7000215420001BFC40002715E0001789700016963000293E20001BB8600014C3C0003911700062BA000017B1D0000FE9C0002733D0006DA48000231150001ABEB00024DA7000106A50001EE1B0000D8950001214000030FF00001C770000204D100148A2F0001945C00024F7D0002A56A000A28950007D8490009A56A000264D8000277BF000267990004F1590001AA71000144930001F9FD000241800001A0EF000363DD0001122200031E7500015FA90009AA660000FD4900011D2A000180F50001F63400022B5C0001B4810000FF8D0002A3CF000152A00009336600035EFC00104E7000014E4B000A2D5F0001025A0000FCBF0000F42A0000FFBB00017A4E000183540002DDF30000A0010002A4E2000351D9000100150004087F000230B40001284300013FF100117E5F00015A77000245540000A8C90001475D00042AD20013B4490013E1A50000DE2B0001051200035DF700012E5100020749000257E500013EAF00030CF4000110A700011C87000F65270000EFCC0001C9380002643000013D500001973600026523000464C100022F310000EF3700029B380002BFAA0001D2DC0006C7D40001845F00044DBB0002E6DB00011E3F000B7A070000AF0500078471000189510001C41100074A3A0001A1FA00014EA400011F760000E16A00011B3F0003A1950009C7650001E69100094B01000163B90009F74B000105CB0006F2FB000306CE0001D31A00018C3000022EFC0000E68B000CCF87000133DC00144EE60000DB3F0000F0D4000232DF0002AF6B0007CCC10001D17A000145200001FDA3000187690001C40F0000C00000013D6F0002664200055D930001BD8500021544000511040003514E0001E6040008FA1D0002A2B10005017700021202000358710001D7D20001C3300002C25B00017DD500014A900008D0FA00026CA100032D0D0001F9FE0000EFB10003650500034B1D0002F042000634250000CF7F0001A4570001293C0002B62100019D250002DC0C0001FADA0002D6E100013CBF00014C090004474B0005FC58000133B400017A8B0001E79400014F660000D88D000C3C630000B97E0008C0E800022CC000143EFD00019192000267CA0000900000012E670001977C0000C02500016E000001272C0001DD1C0001B97100011EFF0001A2170000D4AB00030B520007E4F20002E1FD0000FAA10002FAEE0003B29A00014365000369E50001BCB00009E6F90001CAB3000126600006F31B00011BF90014B5E90001063C0011E5BD00033AF70013744200008EFC0000A9B00000E7320002F5C00001DEF600123678000387850013F8870000B0000001957A000270C40001D1DC0007A71300037DEE00028B4900018B230000B0050002B0E7000329BB000135C70003432F000195D6000363A100012353000222B70001D1DC0004ED5E000129C10001D404000152E70003E0BC0001C16D0001CC010004C36A0001214D0002CFFB0003D0660001BD680000EC280001C3D30001E8EE0001E3350000D0830000BFFF000129F1000123E0000131E50004F5AF0000ABE50001E0120001167100025CC7000273460001F33B0002E9B6000181F6000338F90000C59F000162780000B001000414A400056E610003057200142BCB00018A270006D278000196AF000134A3000176FE0001D907000160920002C8A4000145E20006D46D0002A4E60001D35E000361790000D27A0001CCC3000285F30001E54100034581000144DA0000BB2E0001C43B0003CAC1000631CE00010DBD0002F6870001E0730002C2220001B05D0000B17F00025F460004FD1900013E21000176B80008EFCA0001CD110002E2400001C5260001D71C00011BFA00024D820001CFAA0009908400020C2A000E1BC50003AA650001EA1F0000A73C00013DB500028B32000226600003EE560002CD8B0000EFB400052B9500012E7E00017F5800009000000A6BEF0002BC74000269A80003CE420002698B0000FFF0000484DF0000F5530002BB5B0002C5200003B019000323D6000199150000A00000010DBA0000C6A300025A8E0000D0220001E0B70001E2AF0001579500013FB4000147530002E89D000751D90002C39100014A9300013C8F00017565000451D8000252D30001F66F000143330009073A00133A88000188E40003221F,5120
97,0020001000,5,000100FF0002C2450001F43B000154170002BFC20002E1430000CA90000AD2CB0003D9B90003AD49000291AF0002A850000462D80001858000067C4D00013900000577B90000F5B10000CD37000265FF0001B1B100037B5D0003625000017FCE00022AA10000D0C20001E0B3000931DC0001F4040002AACA00036F88000346240003BB2F000526210001542A0005E43900025E5900058FF60002E0B900083A650002ACD100018F5B0001E27B00027B1C0001598E0001C86E00023EAD0000E5F0000307A50001F9FC000178AC0004DB820001057C00035E4100037E730001488500022F84001207E50006783500045C630001B8C20000BFD9000333170002664F00020DAF0001C9950008887B0005F5FB000133BC000257720001A4510003F800000425950001B9A90000EBC80001FE01000204F900013162000100D100048A77000608CC0001E5DE00033BD90003640F00022B0700126586000230900001D9BF0002B38F0011A07200025DEE0012E43F0001DFDB00014A77000152470000F05200010DF800041F2F00017AE500012F710002F9970001C525000270AE000331A100098CEE00030FCB00025BF30008748B0009BA980000DEF30001630300019AFE00054D0F00026BE100015448000151D20001CD4F00015F8B0001C8FB0005128900022EA8000A74D6000143570002EC5D0000D720000129A90001CDA60001E1820002D6F50012039600015B930001837D000246590010501900034310000241F8000A9C410001BDC00001B2020003C45800017CF500025B56000166AA00058923000655AD000BCC2400018B4F0004F6210000CF500001635D0001235600028ED50000D30D001044FC00035493000251990001F3850001E9630006B243000AEC410001629300024D7500032BAE000205BD0007FC53000834E50002B8E60002B9C10009D7FF0011C1F20001AE3F0002C79800016C340002339500010F1F000157E500017A980001A5B4000181EB000349790001E7BE000287B700018430001264C700013DB300014BB900013FB9000329DF000350190002535200015F65000F11EB0001B3870000B3180001BFF10000E7680007191F001158DA0003971E0003271D00010E4C000232020001868A00017B880001E2AE000CF661000188E20003E4C2000773290002EB260006E38B0000D5AD0003E93E00014D420003DD6B00026BE0000283E40002164C0000F3760003A890000150E3000202170003F13700021DD900011DD000120E140006C9AA000B18430002491000029931000DD9010007DAB30000DF6C0002338000019F2A0002C1F30001DBB0000201F2000217F700019F8400010ABC0001AEDA00014F5F0001C61D000D02FD0002A894000407B00001E02D0004F91B0011ACF00001E50F00014F360001D8360004F7CB0001D09F00017A950001382800013A5D0003A6630004C03800020DDF000120F90001E70C000244C30001F7510001AD020001F87F0000E24F000132F1000514530000E5B300010FA0000128430002536A0001A9D600021E500000F4AE0003E689000427D10002314C00010E8F000187360011ABDD0002324100017E0000051F750002F06E0001A39700099E75001081BD0002AD1A00015D6C00022CE90002B4B20001BD9F00053FF80001BA2F0001AF2900016F940002559E00014ACA000CBB560001FE3B0007418B00035932000147B800023C11000E37C9000263C200029C73000366290001030300013E290001579D000916D20000E7E3000117F1000151360001FFDF0002C1410002CB0200021E8700022A3E00012D010001A1FD000222810000D3BF000318FC00050D7B001212530002641900037DEB00014E440005E63A0002810B0001347D000111A700065EBB0007410100012F9D0001D18C00021566000162F70001B21E00018C440011944F000159D2000205160004AB910001409800041D9300018FFB0002C6760011D52200022B450001BFF00002C4DA00123F43000375690001D4270002431700122446000211310009C6CF00014BCB00043EEA00013C3D00037B7E00035AE1000479A300033A0600027B270005423400125A22000119A70001EC1900011438000238CB0000FBC80012C8D20002604F0005B90900045D8C00020F7E00071A980000E0040007A9650003F215001115EB00010F97000315A9000177170001989600045E640002739100010AA90000E68D0004FAD6000458EC00011F8C00020EB400019A960007A0D4000DF4E40002569A0011A6900001D59700036525000482AA00030F340002350000019E280000CD710001D4D500013B190000BF3900046FAA0002DF290009158E0001892C0001113B0000EF7D0001D5340007916300012D600003727700019EB6000137370001BC440010471C0001161800027BB60002380D0001A15700037A770006D1750000E2B40010E94300032F19000102F4000586050003AF730001F35F00010E50000161890003C2CF0001B9C10000FECD00024C060005E1F9000143C7000265720004AC9600031D9E000236E800026DB6000179EE00012DBF0006612E00032D1B0003DC3B00011556000339150004B7900001906B00016E1F00016B9D0001578E0001CC270012572300024ACF00013B4C00021E990001B88C00016BF000027DDF0001203F0011789D0001110700014ABE0005429A000169EA0002015B00010B680000D09F000302AF00038DE80006B2A2000269340011D6D80002193A0001A54900012DCF00125FE400012A1500036F2B000321290011BCF30001BFBF0000FE0B00026B720001209E00016384000125EA000454FF000172FE0009349100026B7E0003856C0001C10C0002257B000C309D0005DF1F0001709B00018BA3000340A30000F9970002F06D0002DD1300021922000195840002FA970001820200015ED600023937000121810000ECDD00012C2E000589F70011B9210002471900018899000174280000CF6F000383AD00023800000147AD0001C7200000E12F0001AF790001254400023DD30001B77B00094C300000900A00016F9700028C5A0001DE7600017063000F8BA1000290860001B3BB0002EEE200119F780001800F000159A90003DEAE0003C57F0001E75F000202ED00016859000185680000F4010002B5D10007A7B00009D81900017B9D000142A800012CEE000F5D1000028254000168A70001E61E0001C9570007FF930002F7570001A9760001294E00025A63000380360000FFEB0001DB5F0000D98600028BE6000269D300018DEB000182B80001456B0004311600012BBE0000E0B10001FC78000116A10001FBA500026CF5000168510007751F0000F8BD0008F41C000183150000C4CE00011BDB0001B00D00018BD2000116C700018AA20002E9E70001620E000134F700014ECA0001BB2700022F970002BBC400014A1500015A810000DA9F00017FA40000DEF70001907C000159670001DDB40001E4340002F9390000D7BB000128CD0011F19E0002CF2200010C51000127250001382D00043B3300017983000A25060011F5250001FF490003C8A60001E7BD000140470000BFEB00122E120001763D0001A36900018EDB00021D8100011F210001C83C00008D0F0001430F0002033300013CCD00043BA70003C98D000172E60002753200081005000CB7770004E24C0001DBF20001323D000122430000BBB20001C4DF0002E1AF0000DF130001E1CC001226CF0001306D00044612000790AB000191B3000154670000E97E0001B8F10000A007000363E10003A31C000129CC00095C0B0002031300060BED00013F2D0000E05A000154BC0000B8CF0000EAE90001B77C0001CE030009D32400010C45000723130001B3E30008004600065AB30000EBA90000EAD000022FC2000170DC0011DD790001BEA50002E4B90000F89A0001D5D90000C1A90002F5540002A60F00021D7F00015107000178DD00035991000135290004A7D7000896640003B890000237ED0003D21E0001B3C100092E5D00060EA70001549D00015427000549590002B17B00041DBD000BCC030000A2630005DD690002BA230010144D00012B5900012EC70000EBB00001EF5C0001C84B0003E6880007EF21000360550006CE1D0005119E0011BCAC00015A520008A4C1000A184A000148FB0009375600021EAA0001C94A0001B45600024D930000EF3A00031DD90001F236000290CB0000FCD4000103270001D8650002991C00048DD50002A21E0000B35A000201A60001B0D200010BB10008F7D4000C764E0001934000014ED90000FBF10001B9470001BD8B000436B500062FDF001276440001697E000196020001A4E8000105740000DD3C000167AF00010956000CB2C0000168B10002A10A000317D7000430BD000434EA0000F72E000189E40003F22700054FDA0001B929000269F5000612860000BFF50001EACF0003EB0300032CD50001D82D000207B6000839E70002008D000181BA00017634000EAAE700025C4B00029707000152AA0009127400074C490001623B0001EB5E000600700001B61F000669200005280B0001D2C000016E07000587790003EF490008EC110004B781000247EC0001E45100016E18000314BC0001177B00017D920001A7E30002A98B000ABA9A0000D00000039E240001660F0001FADF00023685000167F40001006900044BB4000192A200024289000221FE0006AF5E0001679B0002EB28000AC23100017BA500022CBB00021B85000235120000EB330001D7210001D97400044C460001CD9F0002E705000782F6000195CD0001F5320011F719000328AF00011BFD0003E57F0001780F0003A9170002C2B100021A2E0001CCCD0002045000031F3D00014A3F0003B2DE000283CC0000DE210000F0A8000108CE0001F94B0004F59F0002FF7D0002E3290000DFDC0000800300018D140011FA680000C0F00001E9AE0001A0E500010443000225BF000BF3C1000214A8000F7D0C00010A4B0005D0A900013E220005C827000100F60002DFD300010F0B0000F04E0002ECA600020997000894C600046B330001452F00016F0F0002C47D000106A5000600DA000261070001E24100076F470002498F0002858C00008F800005855700012131000F32C20002BE1100039CF80000ED53000B19750001B36000037EF10002DE05000275AE0001018100014C92000186E600037E86000259C1000167E900020B6C0000D3A7000201DE0003C3E50003880000015B7F00037F5F000C2D84000168D30009E0CD000497930002006E00023B310001C4320003B826000222D70001562400032386000196660002B14500051FE30005B57E0002DF7A00068F580005587300014EA80002B0EB0001AC410001E6CD0001444900044B1D0011F1AF000280850003894F00016BA8000100E600019A5900049124000297AF00105D1F0003BFD000028B6F00055490000F4CAE0001CB710002CA340000BCCA0011E9770001B7DD00020FB30001C47B0002E9030005FA2F0008F82C0001B7660002A577000887D800068F5200019011000345D00001011C0001B6510001B1BE001210F800020FBD00010EB20000DB120002A6B00007C3950001D77A0000FDCA00011E4B00025DF20000F3FC000173E80002471C0005E8D900019E9800016E330003861F00014B0B000190610001F8AD0007DC95000134EE0002BF6F00063C300001B58B00070EAB0000F37F0001393F0001B3DB0001EB86000479410001D083000119BB0001BABE0003E7A6000333DD00020E050001C761000278390000F73F00011331000796B900024D1A00045EEB0000AF9F0001B7290002777600018E45000162500001B90E000334A50000F09100124629000141BF00063ED70006852E000472FA0001BF5D00018E9C0003BA2B0001B91D0001E975000298D30001D3340001BD12000F7009000247BA00012A2E00046FA200035F8600013FCB00029E2B0001693D000144AC0002D8630002090A0011DA76000209BC0002E7C20002F46C000155DB000139710002D7CA000191B80011E0720002395B0001B246000413E00000F8670001B7570009DCC70001570B0008AF430001A8850001560B00024408000233990001B71400047D130001331700029AF60003178F0003EA780000FCEB0001D9390005F15300020C770000F42E000283C40002205300034BB9000DBE8500027F4A000284130002259500023E8F0002306B000170A900012025000161DE000102BD00010FC5000320DE0005F2D100011C230000F23F0002319600009B9B0011BDDA000105DE00126E3E0001510D000233320006B35200014A6E00068D7D000312A30003AA1500020F9A00076B07000317EF00013EDE0001001700008001000293230000E900000149E10002193B0002F61F0000F1A00001C3160002F7430002335C0003FA5700017B4400010C640002AA860000F11B0002236D000C61CC0001D6BC0002CCDE0003BF200001053F0002958B0000BFDA0002502500016F6B000294C3000134CE000206CF000204560002FB370002EF100006E3AD000129360002D7D200010C85000198400000D5730003C8BE0000BFBB00010B0D0001A7D200039B2F000170EE0001F8500001A57F00115CF500029820000728940000D2A50000DEFF0000E952000209070000FE000001D1060002C353000111E10008D79F000240E20003219200018847000102310001AC4F0000C7A90001D67E00044F990008CB51000314AD0000CD3F00032EDF0000FBA300021B4500022DF000012B8800028A790008039600015BC3000118420012408B000241C30002AC120001427B0003C8190002159E0003CC1F000154800000B0CA00012B7100019BC40000C11900017D7C000139DA0002E73F0000A1EB0004352A000164DF0002AFA10001CC57000242E7000166FC0000FDC500029EBB0005DFC00001EF0D000164820004451E000233F300014E57000111FD0001C27900020243000279B70002AF160001521A0003C6D30000D0080000FAE30003366F000171790003E35100072C8A000157EE0000C42300030F5C0001A1A30001B7FF00123272000149DF00026A3700025141000279B30002C8C30003933E00027E53001248EF00032E270011EEC30001F5B00001EFDD0007C6EF0001EC9D000352010001B9720004B26D00036A74,5120
98,0020001000,5,0001EE4F000102460000AF190000D03D000234890000FFE30000E40A0000C7DF00013C790000A0AD00032DE300012C36000168F20000C6A40001323D0002573D00014A1200022DCE00017F6A0004769800016AC100071AE6000112940003A7D90001498700010BF2000196F30009EAF70000BBB100021A310000F43800028D8E0001EB840000F0B2000112130006555A0002757C0001C72E0000FC96000141A50000DFD30013DE8F0000FD19000751DD0002F2D30005066B000137A400013BC30000A0F900034C690000F6BF0001BD5E0013851D0002A1AB0000D4480001BA7000021C520001249F0001C9050003627700042EEB000295810001F545000111A6000925790001CF7500012DA70002C58200015899000C7E15000705360000DFFC0000E0AB0013CE290000BFE200082B3A000185B700016FB800034726000140B400042323000196E30000E4830001F65A000457A80001C7F2000205880002331B0001B1400012F3060000E2D70002DD7100018EB40002FAC100011EB700032E1F00059A0F00023AA90001FB85000361870002B59900059F670002124B000136810001228300064CC90004522B00064558000323D40001F4B20000B7FF0005BD170004852B0003CAE7000148D20002754A0000DA3A00049286000139640003D9110003F710000235830001B1EE0002421B0001A7E60001738C000639760004A6890001AA29000262D1000126660001A78B0001479A000A1477000246B90001F71D00018DCA000121610001C3280001FFD40002A4C9000A8581000128160004281D00014FDE0001DDEC0001F67D0001ACF600013A1100035628000161F8000556DE00025A9D00014BB30000E8090003410E0001877F0001442F0000DAC70000AFB3000290A200017DC2000228EA0007E0970003DD080000CF16000100EB000442700003B4BD0007197E000258790002C3730000F469000255660004033800024FCB000169D500049473000221700002AF1E000206D100021C27000359D70004109B00048A9E0000E94D0004F3CF0003E250000105BE000107E100010C450001859400021C0300020416000237600000C80E0004F2250001C54B000104110001DBB00001D952000253320001AE7C00037E27000134A40001AEE30001A4CE0004ADC100036A6D0009207F000109140001A7EB0002CA0F0002D42700016CCC0000E1FF000201680001CEF6000162620002B22F0001BD7100009FFA00063DB00001106D0005DAED0002D93000041AAA0000DECA000500BB000313E8000132370000F1D10007283A000B5776000182F600016F0300029ED70011DFBA0005176B0002397E0001655E00016EEE000239FB000114240002C0EF000186BD00012B3D00019DF900017C810000A87C000653370002B9A800036D960000FB770001A6FD0002B7570002B2CA000162F80001C6ED00017D620001646B0001B89A000356620002764900023B260001D4480007CC4C0001C17F00018E40000199D50001399600026D91000188E600012C2B0001119E000242E100028FFE0013B71700010DCE0002A3FD0002D7C8000216210003DA1D000559160001DD130001C9800000FEE200019E5A0002C8BA0001B07D000200D4000183E400010F8A00041FBB0002B731000A74CB0007DC0F00028A2E000192EF0000ADF8000320430004CC79000137300001D085000624370003E7CD00009DDB00021E1D00008BEA00027222000158C6000278470001D030000182710003187E000291DD00010C4200075141000122D00001627100011E80000103650000FAE700060E9400008F89000FD34F0000FF1700015B7E0006F4AA0001B9650007E09F0000BD0E0007241B00041BC100042E8000013DC40001F42C0002DC7100009093000080070003B80200136FD6000256E30004999B0004BE61000174FA0001E79B000483020001716B00108CAE00012E8B0001438700024DBF00049FC30002D00C00012A38000159380002D45D00061A440001146E00018DCF00019BA60003884F0003DEF40001DC270002674200023E7B0003A798000123F7001257BD0000D6B1000186340000EFD5000168C900015C450001A6C50004DBBA00015FFD0000FDB8000460670002BA7F0001AEAD00021CAB00050EBD00016125000210C60001A05F0001BF460001000D00012C5E00051FC40000CF7E0001EBA3000373B50001CFAA0002209900025A360006A15B00017C290003D14E000397440000D32E00011B840006D9050000CFEF0002AE030000CC170000C0150004D9F50013E41B0001A5850007A9930001D8EB000122350007049D00023C350000FC8000033DFF000557D90000DF5B000150A400141A42000228C10002A1200001AECB0013B2280002277B0001E84C0001CFE900113A5B000113530001FBA600022289000142430001675B00013031000111ED0000B04B00053A250000F57B00014FE6000167310001E1570001404A00055EC40000D888000419F90000CF7C000109DA0001200C0002958500033C890001DD7500036EC60001BB6E0002D56B0000BDD40013CDD700017BCE000137AF0002D73F00056F3F0001A04C00019E0C00018A890013B29C000242910001B33000019A7900016287000134870003DE8A00017DFA00073D7B00019092000322510001038F0002888D000176AE0001A87B000148E70003321F0005D8BB0005D1EF0007999B0014026E0000BFD700017DA900029317000273FC00059A20000642CB00014F890001DCA700013C9500028AEF000360D90001335F000168FA00018C6900019B0D00030FCD0000C04E0001B0A70002F9C80012B40D000338BE0002AEE80000F2D70002EBFB0001471800039C2A00009D7300137FEB0001A9280002979A000174080003B9BE0001BBEB0006E80F000101EA0006404300027F9900023C0700017DD7000132C60002B310000160FD000568250000EF2C0001A8330000E2A0000195AA00017B0100064C700006EFDC0001106E0000B04300019D4B000351CB00020EA300014ABE000296E200081253000102D40002027300029DBE00014A26000363F70001E8CC0003787900016D0E00008FE40003321300012F970003B9520005CACB0002A5E70006064D0001FF0D0000B2610002C06F0002CA3F0001D66E000138790003FD0C000104A0000944C80000C1F30000E8C200022B11000421F60006306C00028FC100014B7E0002C8E00000F329000248FF00027EEE000205ED0000D32B0001FAB90001A4BD0001CE4F0003475B0013A7F00001115C00020637000394B7000335600000F4A10001ACE100017E5D0000F5830000C0BA0001A3610002C81100020FC900013CD300070DE10002448F000198A70002D22000033ACD0001D4CE0001A907000411C40001C6D80003E6AC000366F600040C770005F4E60006B8B40000FC25000146900002ED9F00011C02000201F10001A7FB00058C31000100F9000C71F300035FD6000167A5000198250001789800010FD60002E8CF00014A260000FF790001BD2A000326A8000125C900138F7A000174D3000346B80001D6D100014A6B0005EE060001FB40000194AA0000FECB000279680001C0110001BF1D000302280001A5D1000464F60001FF9D0002824100010C4F000174FA00016FEE000B926E0000F364000872090007E9980001B90B0001397C0001EF9200033C41000204A600048FE1001104AF0001652400084BF40001073800014E6F0002E4CB000191020000CE4D0007840B00018B0E0000ECD90001443100025AF20005811C000B8DA0000119170001A84200012C950001BBBF000080000009A46A00024699000250EF0001A9920004044F0002A3E20010E93C0001F53D00011769000399550000905700054B530003C6120000F80B00030ED40000CF4E00018F6B0004E11000026B2B00011B2700012DED0001C937000326ED0000E44C0000B041000207B10000F1A60000EF7100015E9A00034ED50001C9790001744C000402AD00010F750001071500030809000838B50001DCC300013AA200012F7F00039CF00001D14100016CD50002F55B00052D9F0005A7830000D041000126CA000130AF000193020003556B0001BE0500097DCB0001B4E500011FB90000C638000A38490000D78800033ED700014D18000372C400069AAF0000CA5D0003BB4D0002176600029703000A95AB00040CA70002F9490004507F00139D82000161580001A35F0002000000027F6B000120630000E00900041C380000EF350005C7160002302A000659B10013FD0400012C1B00026166000273C500037FD900027CE30002AB6F00015FA300055A4C0004545300022BD5000089E5000342A30000F26100018B44000229B400147C8300023C4E00018DAC0000E132000210820003CAB2000933630005448500021CBE000289B10006EE7D000480A60013EC650002BA8E000128840001FE800001322E0003708D000846590004E71700029CA80001AE380000E2CB00046EC500042BC30000DB48000177BF000578E70013E6420000F0A4000377A9000388250011FA5B0001F4670002F08600013689000374FD0000D02800009ABB0002A754000206690000F3C30001083D0001D7B1000463350002731300028045000149BB000673B70001439F000898E800087C79000160410002CF0A0002844900025011000260350000F3320001B6680000F39700118A0800022CB60004003D0001999D00025E160002321E0001C267000162320001A32E00011D240003CABE00136C76000171F800016A700000E77500034D46000B755C00025BAD0001C0FA00048F470002879600041EC800031FED0000BD7C0001EF290002C17C0005CA1500012B42000332D100022AD20001FD5E00019EC10001E58E000148FD000128B1000708D800017D430000B04D0000EA3B0001D81000013769000344160001422200063DA6000148280000D6BF0002001B00019DBE0002B38F00012669000415070001060A0001756A00052DC9000313190001159F00031D89000114170007869B000210800003B6EF00026819000573F00001C40F0001686F0001840A0001B52900011E5000021721000128CD00015B75000706AC00124B8200023F5D00010B5F00028ED60003DDD3000596330001096D0001418300024971000194C600018E450001B9DE0001CB3A00016F68000163D7000408FE0001358D0001EEBD0001B3EC0003BDE700020639000557590002EDFB0000EEA200109DEC0000D6330003C34700021F62000171550000A00F000223C500019ACB0000E5F5000123520000F39D00030A17001429F50002D0CA00036D1D00008FFC0002B25500011DCA0001985F0000B0500002697B0001CD5D0003489F000270EC00017FBB00018EA100023E970000F0370001321A0000F9C5000445DD000104A30000FECE00020E140002268D000132A100120D920000F4B500018C480001185B0001B379000340310001ADB10000BD4E000202010001BB050001060300015B820001F7DA00010FEE00014CE30001C5360002D89D0000DEFB00021AD60001725100032B4900011FBB0001404A0000B7910001FAA70002B7CB0001178D00019F2B0001C2DC00013E3B0001042E0003A10800025EF70000FB3B000602130000E06E0002A2BC0002281B0001BA8300071FAA0001A92700018C4A00017C2C0000DF3E000167610002AD4F000D15C600068D580002D5830005F89B00019975000150F60013F1290003151F0001B7C0000269EA000145E200010F710001BD6300061DCC00021F00000297B30001BB5C00019A81000193DD000201E7000660C10005777700016F0E000160B90002A4CB0001A169000CBE050000C00B000110E9000177DA0000F4C700011D120000F0A4000370070002B0940000C1BA000BE06700012F080013B0440001135B000187970001E2A60001E314000374A300014D3F0001FBF90001064D0002223E00017DF80000E2A700037F55000149E600012F4D00021D980001D2670001B69D0000EF7F00018F870002655400009FFD0001554D0006F4210006E2CB0000A03A000291240000DEAF00046F730000D0F500028A030006791A0003644F000177AD0001C40E00025DB5001461BA0001F4C50002120C0000FF270002D91F00020E9C0001100F0000BFFC001401A60000F8D7000459BF0001A4B20001E09D0000FEF700010F7A0000D1C60002A885000213130003DE1400012E8F0000E1980002992C0002734300011DAB0001BE5F0002A6870004322300079CF70013D1A70001179F000121F00004AA72000168BE00013730000411AE0005E0010011393B0000D727000199D70000CD83000FCA350004D5B900016E80000441A900109DE000014236000213360002C1D30003D6500001D4CF000353B900022A59000243890001B1A90003E05C00015DB60000B126000301500004E99B00011DF100014A4500038C470002520800013C2200040C410003F78900018E39000191F2000311650001886800026A540000FC240002B1D100029A0B000266530001D3A2000248C70001795C0002D36B000212440001ABEB0000FBCA00030C49000176EC0001A17900013E370001947300015AF1000195AC00020E5A000251E10000F68F0002CF5D0000ADEC000183D300016A93000187C10001FA6000009E810001B1400003FA060001DF410003D6730002AC6A0002A5540003D3390001551800019A6B000209350001BB1D000104570000E741000101EC0002A4B600090C0D0000DF4900026CE90003705100041E2D0001713200010ED60000EAD40001D3490000BF900001A6310001074A0001C55E0001AFBD0001FB190001D22D00024FB60001BD830000B1830001B6470001FE0B0001123C0007467B00025F4D0000DF710001918F0000CCE5000127BF00017F3C00026A620000CF3C0001A9F400010C0B0001F1400001F3920001E49F000252AB0000A003000358030002B99700025F150002027A00011FD60001B61D0003EE6D00045B3D0011519100015CF80002D0FA0001E903000080000006AB40000205AF0004258B0000C9D6000567CF00148ABF0001FB150001089B0001C21A000321170000F9E00002600F0003190A00050C450002440800037AC60002E2A0000163E90001D07F00020D850001DBC50002CE76,5120
99,0020001000,5,000170DB0001D170000125BE001285E10000D04700016F0B0002A84B00024C980000B0C00001DB7C0001C94C000213100001BF830001F3CA00017D6800025488000116950000DCFE0003D83A000BFFE700019268000BA6C00008E8A00001404700015EBB000404E100019C600001641600010C0400021C43000825A40004F1E20000E08300035B2E0004C36700018AA000025F5A00060D7A00015481000285970003032C000143700001B86D0000F3BB0000FD6C0001BE330003C6D8000357E30001FA32000344A30000D0A10001A82B0000BEA700016C4D000220A9000316450001AC7400026B16000182BB0000CEB60009E5020001054A00010C8200029B3A000237D5000160370001FF9A000107CD0001ED750002051E0001CF4D00011C4900019D430005E5250000FF1A0001B66B000290DD0003CC51000154E2000501C100029390000257E500037F81000170140003724600013984000113590001FE1B0005E7AC00022F54000312CF0001AF750002926A0001365B00015C8E0003D9B70002E9EB00016A3300022F5900016E3B000B1BBF0004F22C0008FE790001D981000321250005A2790009CAAF0006234C00014CFD0002F39A0002A21900011B9D00013B170012460200021ED30001848A0001602A00046DB60001A9790001ADBD0000E1FF00023F5700038238000B947D0000EAD40000C2CE00065D01000160510001AEA80001E02800020F9B0002E8DF00099D410001FB850000E9F500012F9A000253A3000322FF00009BE100013263000774100007080A00021FE3000315700000D003000330B400011021000CA5A1000942B40001A394000890C000016E920000A3C9001152D30000F66C000108AA0001557900127F360002FEBD0002812B0000FA1F001227C2000185C50001675B0002D62900031E000008EE8C00046D450007268C00122D7F000149C000010ADF0003188E000F5096000202C20002B5A000032178001257BC0004826B0005D7720001069A0001A73B0003A85B000596FD0002A49F000AA977000174BB0002F421000122CA00038D810002BBBF00021C480004920B0001D15300022AEC001048AB00019CA70002E42200031B8500041F6000015059000215BB0003563C0005CECB00010C2E0001405100014DE10000EF26000C79B300123EA00001E677000360DF00033F560000D1470001257800029BAE0001CCD700036596000163EF0003DBC50003E87B000351120001BAC60002064B00019FC300120EF600039D6F0008F7370000BC9B0002AC83000356A20000CA0D0000FC7D0003E30D0001149100022DE200017B4B0001916E0000E357000DF03D0002FEDC0001BBEF00075987000518D300013B2F00121ACE00013DB500020CC30003031500011AAC0001B9B7000210D30000DF610001685B000143F20001FE050001190E00020EE80001D52F00012E850004F58B000425AB0000F0D10001E5020002A1BA0001CDD80000BBFB00020E02000258480002EC5800019ABE0002C7150000F18400020AF4000293DF000247B300018849000101230002ACB400010FE10002A6E20009AADD000223300002DBFC0003529B00027892000129410001073E0000E4E50002DB370009755700039AA70001A9A200022EF80000B1DF0001F3B20001858900022BD700072D420000DAE40001DC03000173F70002C1B800032C270000D18200029B2D0002246E0002575D0001EF5E0012699F0001788200104E50000147BF000181A5000118FB00017F11000106890001E5080002156B00057720000091920011B85700028F2B0004A71A000277270002519700026145000BE78B0001978200122D2F00055596000389640007056000127F71000B99B300032919000396EB00018A950001138E0001999F000286C70003001800030E190000B00200039E990002F48E0000F65C00047EF70000F47500017AB80002C5CB00014219000952830000D2B30003FC530001CC5000012C850000FCDC0000E31400039B730000DCD90000D7B5000190D70006F0E00001FCDE0000EAF10002B010000149C8000101D3000206E4000315EB0001302900016BCF00013B3C000179D600039EC300098C30001215460001B44B000616D4000D740F0000B0000000CFD20002D9EF0001D9C50000F2CF00027B910001413C0001695F0011F92400010E3B000242D700020B84000771B8000121560001DF570006B357000121280001F3CA000196160009421900015C910001502C0001370E00019B9E0001525800020BF60002787F0000FA1F000165670004AEF4000196C70008EE8400035CCB0002806C000235410000FE5B00018D8C000429B20006313E00020D8B0004ED0D0003F1CD000450FA0000DFA000014ADB0002A30A000161C900016D340002A82C00033C8F0001F2DE00019D3E000158470000EE510007DA2D0000D1180001CF7500092F8A0003AFD8000220D4000162C500042B95000260FD0002AFC90001DBA60001C98E000122B000015E2700014B7D00013738000234BF000108230001ABD7000821F4000C95DB000246000011FABB0001A7500001350C0000A01100013E79000230310001220B00026C8D000269FE00017942000421BF000115C3000157940002792E0003E4A9000142CA0002EB320002A5DC000500C000032D1A0001BB140003945F0002D6A100022FD80001FE950001C99500020D4800042764000309FD0000DEF70001DC8B00010D240001AE730003540600074786000357BF0002D4AC000187030002628900077DC9001221DA0001DC4D00025295000547710005C96300069C8B000325EB000580EE0003954300024589000500D10003BACD0002AF9F0001CB3D0001FD750002625B0010D6FF00063F93000C1FE00002B54000011E5A0000D75500025C330000AC44001211D10003AC650000DAC200011E8D00022E130001D942001052FC00097F01001212330003937D0002AFE5000171AF0010EBD900023E7B0000D9A800024A2A0001224000036C860001C74B0007C2E600034BBC000757E9000208110003EFC000029809000112E0000448AC0000B03B000230FE0000FF420001123C000104E6000B29B00003109E000222C30004B1450001014400035A950001917D0005E92600022CCD0001E7FD00015D0D00023C70000163D000011CCC00018DD300087FBA000241F80000D449000DFD7C0004495E000129070001CE7B0002342E000AE86D0001FF5A000189F60000D1BF0000FF0C0002D0E10001A74F00023978000196320001CBE5000200A90012BD450001A911001252D10001C7E00005E9F8000209350003511D00013D960003955E0000F00D00009FED000159F90002E6DF0005E0010004550E0000F37000018EBE0001B53A00024D8A00038E6500021B8C0001C9AC0001A454000568E400015BF50001A4230001F5D500017B9A0001215F00010D950000E47B0000F21F000230870002494400013E8A00012D360002C50A0000F9D500015F49000126570005F3CA0000EEC600022659000280EF0002AC3F0000EE460011FC9500033E100003F8EC0001799F00061B0300021EDA0002E139000168E3000253AB0000DF1D0001F4DA0000E02D0000EE5F0001347200013D1E00067B050011EBDB0000DC9900018ABF0001CDB5000100B800041C790002645000010D090001FC270001D4E70002E8A20001D0270001207100012C1400025AEC000188D80002C6DE0001E667000259050009245E00014A15000538810001A4770000F5E40007777B000154C000012CE5000225730001CDFE00011D910004CE54000283930001752900013102000C768A0001EABC0002042C0001AC410000BE7F000A96360000D3F10001E1830002F7A2000388DF001042EC0000E45D00024772000115DC00031B8C00037E3B00019ADF00015852001075CE0000E06D00019DB10003B9C80011BBDF00011F450002FC2D00022E940002389000024FA30002C47B00010CC1000160C2000117DA00022DE50000F0950006235500030FD0000195BD000188F1000400C900030ADB000AE0910002A80200033F11000409CE0002F1290002109E0002C75100010AE3000CB3960003C2B70001F6650004471B0000CF62000133850001607B0001AD7D0002887F00020636000118680002E1D50001F2480003C4330001391B0008AFE70002583C0001548A00050C5F0004488E0000F6EC000B469B0001018F0005FFED00014C3A0001ADEF0002F1590001BC880003F8E90002AD9B00012F960002AC5E000250C200012B140001C17A0002FBBA00035A3A0001CE880001E5D100020E40000238230002756B0001E8400001378300028D55000180A400124E7D0000EDB40003CB590000E9FE0001C55F0002F2810001C99F0001ED1600012E0A0003F827000301AD0005901E0004FF9C000152E8000464790000F565000883B20000FA540000F48B0000E46E000430EA0004F28C00015788000151C500013F51000285D600030C2A00045ABD000338A9000251E000014B130000BF55000169CF00019A870005F52100015FDE0001B9E100018E4D00038320000B52310007492800010DA6000196D100029E640000DC8C001268A300022755000308790004B68F0001D30C000AA5710001CB7B0001A65E00026009000507AD00059F970000CF560000C0370002FB2B0007719100010614000146BB00012F750002E5BD00021DAF0000F5AA0000B02A000282C30001C6670002F91700025CD50001635D0002C2440001405000012F930001EABE0002330E0003CBC0000167A200010EB500016599000993480001A8790004EAB3000C4F1B00061CA10002BF53000138E0000560DA000121B800031B120001380E0001241C0001CCA5000247DA0001CDF30000F496000208C90001B1CE000D6A5200013C890001767E000A3E12000178780001D7C6000127EF00103C70000133CC0001C8690000FEC600035EB70001E64D001250C80004FE7F0001E3340005889C000618780001C031000AC8E500019D2100028B1700088D9D000170EF00017DD000018E0F000345D50001631F0001D49500103D840001A232000435090002A60F00028FE80004B164000140B80000D71500040BE50000DDF7000173570003E7C1000121560001285800055FCF000250D900119009000139FA0002BEF50003C744000A209D0003EE9E000F40120003C82E0003500A00014BD200015C520002B5BF00036C6E000134910002E5C0000869DF0002DD2E000641BE0001549F000233550001D1FA0003F7120003664A00033A0B0002873A0001871A000274DC000176CE0001F8120002B8190001006C0000E3BD0001F4F60005563F0000C85600014CCA0001AC1E0001E78E000E199800011D570001459900048E2800013EFE0007908700030D540001EE2D00042E870000B76B0011F2630000D7DC0000BF0D00023F500009E9E50000DF190006B6F70001767200011D750002FC9D0000C01F0001EACC00126D090002929C0001B12E00013EE000015C9C0003606D00016F34000789FB0000F4D300039E4D00017183000165C80000DA630005C3ED0000E0520003D05C0005D0EA00017C04000290930001F1900011E9B100016D7000039FB100035498000187E60000F5520002CEB40000D2CA0006A6F900012D730004727E000210BE0000F6DD0011F041000112E300013B10000144810001558F0003177F0002C8370010F8CF00017C8800016D3D0001BA330001EB7800015FF40003872D00016A0D0002A90700028EFD000A238F0001A9F70002BDAD0001C115000301B90001CE6B00050E460000FF5700015AEE0005EB1500037EE10001979E000624E40001F7AB000179820001EE6600029C15000281080002C333000456380000EDCF0001648F000551BE000257D80002AACE0002252F0011883E000399B000047D6B000279270001D35F000498450001137D000222E10011930F00021A96000232250001DB7B00121D93000155080001B96E0002E476000261B70000EEB3000122A10000E60000016B9C00026E9A0009A2C2000988C1000839100002AD210001967C000256C40006D00B000237030002503C0001CF2D00024421000578C8000196CA0002C6EB00096D0D0001A69A000306FA0001BFF000013EDF0001F22A000109A00002D7610006C1A200046EB70001E3D600019D570000BE1D0000FE2900011D930004ABC30002511700035C7100020BE10003400500022D1E00019411000301B80005CA73000162450001CA420002F5980010F7CB00015B240000F948000298AD000372CA0001D17E000142A1000378F70000CF4100018ED10001A0BC000893510001500900022675000419EF00016039000670ED000158D500012F150002AAC30000DE410001F46500013037000367110002469A0001434D0002FBF50005ABE200031BB70001C4E800011BEC0008B8D60008A27C00115448000269BF0001E7110001375D000207BF0000C0280001E5540000D1570004E0AA0000D3BC000185B40003505D0001722E0002E3FF0003669B000187750001B0200000E3AC00036CC400016739001247DE0002B4CE0001B1D400013DDC0011CDA40005436C0000E9A80000E03B00017FF100012E26000106C300021D9800016C6E00013F320002E91D0001EFDD00043B93000176750007823000017BE90001667B000210EA0001D685000236B1000188090008D8960001B0130002C8E70004057F000128080001D75B0001AA5F00044553000524A30001616A00012E4B0001AA450001685E0002EFEB000636840004DB08000184F80005636D00023F3D000306A300017FEE00020F8A00037A050000BFA200017BEC000239ED00014F170000C95B000139770001ECBB0001A777000729B500020A2E000127CD0001610A0003EB6E0003C2EA00017A100000F3F600019DCF00018FC60006CDC20000F55D000257560001606B00030BF50004772200034A310003298B00024E920000E3880011C78F0002CC2F0001785F0006A2C2000100D900021F8B000286EA0001A5E6000216DF000546F90000FFFF0002620200010557000171E4000287FF000334DA0011A09C00025FBD00011D4700029582000194F800073A980001E6F8000115FD000325D90005093C0001C20D0001576800038C6900021AE000014F6B,5120
100,0020001000,5,000117280001EB8900081449000101DF0001111E0002759A0000D02B0001896B000229260002725E00012E0800034613000592B4000432D0000134FB00026B1F00038ACD000166F50001BF4000017914000140C1000135B30000B99700012A620008C28A00018E3D00014FFA000556350004ABAB0001340A00123CE300073D3A0001BD7D000BD1FC0001B5320008BE58000172C30001019600011CEE00013FF60000EDC10000E3CB0000B0450003ECE8000187F90001D44B0001CEDC0001134B00060F920001E7500001CCBF0004381F000369F80003383200086C7B0007471D0002B89E00011870000218CE0005DE81000289A7000256200002B51A000860EF000492700001153D0001E8640000D6390001E179001091070001953F000F9FB1000438E6000124F60001B3640003273F000159300003FDEC000145B50001547F00035A320002A3830002146D00016A6A000119EF0002D4A9000207670001BB2600018E80000858E500015AC700011C2A0001AF090001823F000108F00003D8C40001B6250001420A00010C2C0001A365000244830001A9360001A8F60003AFDA0001A8CA0001546A000837C50001DD9E000128160001D1030002FAC300029C5A000CE859000CC9A000017F720002AC3600047FD9000409F10000CF33000C75A100010D970001EFA5000197130006F64700028E730001132B000203710003DE8A000B3A3D00108C720005DF730002353F0002927B00030DE600011FD60002113C0001D3FD0001152000023EDF00122CAA001104A80004FEE80002ABD00001C62500078EA2000A733B000168420001D9D1000FEC8D000270B400038EC600032ED40001A15A0001A1160001CA250001659D0001B821000C423B00010D4A0001F3BB00011CCE0011EAEB000165150001B2C700017D6A00014F87000629220003B42900012CD300037BCA000199D50001EC5300011E3D00123B0A00018F170002F5B30002760500016D490004066F0001EEC7000163B5000610F3000169000001636B0001F17F0011B11600015ABA0002D55C0004C37B0006AA080000D16C0003D8B90000D4ED0001213F0002E4F0000144130004089B0003B7FB0001A507000225C0000283AA00016B6300023E6D00020B3E0002E71F000B0FED0001269D00016A450002F3E40004845E000638800001AA0F0001840D0001C3A50003E76900012CFA00014B4A000B1A3E0000EB9E0001229E0002C3F100026CDF0002B9250003860A000140AD000193B7000146EE00022B5A00016461000128C300011EB10000F8960004BDE70011F96C000222DC000A97BB000D830900030F710005851D000345EF000297FF0011D769000294D500010A5E0001211400018C3000015828000143FF0002BF3B0004C1240001075D0005FFDB0002E767000352A20000E28A0001F165000248BE0004B1840001DFC00002A5810002D7420003ABFF000171AA000289870001DFC20001D23C00016A9100064E4B00051ACB00046E3F000444CE0001D077000211070002549400012D1C000B0DA60002149F00079E510006F1D10005FFA800017FD300018197000170200001BEB80002CF1200019AD5000224340002AC760003026F0000EA83000405CB00020CB80003E4A8000AF5940006C61700024FDC0001F6BE00047992000569C3000178D10000BB5D0001630D000131CE000307C70000C8A50001BA0F0001ECA20004BEB50001AC5B001180FE00029D790002307F000171430002207C0002FBFA0001812B00068A270005577E0001545C0001BE04000ABCB60011AC1500028D170001063600016CDE0001A7C700013971000178B10003B3BD0011BA6C0001F27600017139000115D4000197EA0001F6C5000860AE000164C600011B6F000255590000D65B0002E69400024066000118FC0001F2C200044CE5000136B400014F80000C11AA0004CFB5000238650000E0A50002C60B000100AE0011BFD8000105AD00057DE9000317210002F7D1000160560002A2910001391C0011D0700000A0010002A8B70000DD6B0000E0050007CE32000112AB00017464000321A40007C3710001D428000176AA0001BF69000246F7000303E00001C57B000569A5000427E3000B706B0001E397000446810001D6DF0006239B0001FE310002A480000133F700015E55000837F900014CD10007F7C40002C61B0006CF620000A0000002FB9A000A6D9A0008E3D80001DFBD000143050000F02300015D0C000A03480001E5450001394B0000CED4001061600002124C00040B2A000131820011D89E00024C01000198B10001CD6A000ACD3F00016FF90004CC940005202A0001BE670005E65100031FE30000CF630002F3DF00020C9F000623EA0002493300028A990001CD910001FE05000362B9000A9D5D0003B043000181710000F72E0001E22A0003B3410003925F0002509500031A2D0006F8C40003F30500018A3100022D59000253E20001F75D000154F800012BD10001884F0001480A00047D6D0000E0E4000817CA00058EF000015436000138180002076E0001F32B000CD99C000189B00001E21A00014DB30000CC520001C0A90000AA88000290810004A7A00001D3CF00022EC70001472B000186F00002E434000251A40001C2A80000B0000001C161000373830001E2960001869F00105AC7000158E20001377000068C730000A00C0000FC1600037F4700014AE200052E6900010E280001683A0001C4D70001AC2F00009F4100020C12000141DB000F01A80001E7120005D5F700024F500003A3DC00031143000558420000EB1C0002568600024FF100039D0A000156540004122400034187000126E80003DF8800027CED00025F3F0001440000040A640011B37900020B030001C89500021D5E0002644B000222C30003798000039C4C0002FA5100093A780001C2970001AF0C000231E40001C4F0000226AE0001113D0002A9FD0001BB1300013F330000E6950001DDAF000183140001A4F7000137530001BE360001E2A7000600E00001FFD20001057C000187090000E1C10002E2C30000C074000149F000021106000371AE0001EF5B00030FBD0001A1F90000E9A70001492A000192ED000131C00001D99A0001F8D70001C0DF00027828000364B7000117980005565B000100B5000160A40004F23200030D290005E207000147BE0001022F0001321F0004E24B0002C44D000149F900044D2A000298570000FA28000386E40003A353000178FC0000DE7B000395D2000205550001190A00015F3F0003C152000191AF00014697000121650001CC610006BF1300014456000150950004DA43000128940000B42700044026000BDABF0005BF420002857100091CCE0011B950000169B70002E9D4000131500002965F00035F1E000F0B68000280CD0002B76C00018A56000526D500040F280002869700022E0100020C1800015DFE0010E7BE0002742C0007B177000C64FC0002194E0006BDEC0001C50A00084BBD001151E00003A6CF00016AC10002C7CA0001451D00025A2F0001FB050001265A00098E220001108B000950D00001809300023E5800061AD70003B0870002B88100030BD10004BD6900016F3F00010DF50005046A0003C19D00011E390002E0EF0004B6AC0000FED6000FB22F00011D4800032F7B0001ACC400017D44000300FC000EDE3700017FE50003F2CF0001A6A6000335ED0003024D00046B970001E104000116320003F5350001609D0001BA3D0001EF09000485220000E7730002BA300001D4310001586E0008D0C50001131800112FCC000203E000017AC80001D3630000C47F00035619000D610400018ED3000D9F800000EFD10001EB130001264C000148330004CC910001BFEF0000CFB200036ADB0001919D000D220F00046D1A00077CCB0005C120000AD41400017811000102500002BF8A000192E300012D5600018AA30006E5C200080BD9000137110002053A0000C0FC00012ECA000115F500016F4B0000CE7B000220220006DEB0000176CD0004C1E20001226E0004500C0001BF8900015345000594C80000C04D0002E2140001F64B0003044700049D02000321470001398C0002DCDE0000F97F00050DC30003A0560001B25B0006D1A0000308AF0001055000015289000090000004CD41000141D700016076000167550000E1870001A1C30004DC6C0002E2510002F29B0000CF820001C2180003B4A50011C60A000304230005F27D000815D000030D780005C2A300015693000129C10011D285000280DF00011EB00001AB800001B576000184DB000291510002875B0001D4880001664E0008180B0000FF2D001165440001277800071BFE0000900C000321BE00020314000105FE000126A000085FC40000E06B0003C65000021E4C0000F49F0000900A0002058B0001B3BA00011C3B0003D29100021B380000C07D000962DF00011B950001B771000267250001DA44000160D80001E00C000259F70011C91A000530D400032B3A00023D340002437A0005F6F9000336CF000907660002B70B000171B80001A90D0004B355000153F50002CDF60001283000028F400001F3AC000160DC000B529C0004547D00010198000348C30001CA5B00018A870001940200012BF200044C6D00011E3C000176D000019FD40000E21D00028D540004E3FB000252060001D2620000E3D3000141F8000341CD0003D1890004FDFF0011B78F0001F1E50002666C0000E35A0001D0890003F0D80002DB7500011B180001E6D8000420CB0007AB4D000198040001BFBF0002051300022E6700018C5B00023E810001670B00027F2C0004B034000289F50000F05D000265AC0001F1EF0006A47D0001B5FE000290B300039EA3000199810000F7CD0003B3DA0004D43400026C27000144600001B0630001656C0001C4C10000DE4300046BA200016DF20004EE6D00034D99000136AA000877880006C7BF0001C9D20000F3150005C2E1000142BD0002EA73000A77E50002BF700011FE4E000111900001DA0B000437450001BAD300048B7200047C130001BB400001807900037AD200014CF9000119AC0003C3EE000141F900094E2B0002319400030CBA000190ED0004E72000013EBC0002A1FA0001E3FD0001F13F000982340002148D000167580002B6E2000293D70001B8B50001E65D00041D070005F894000230AC000235E10000EE2C0001B8A90011393800012A7300013F18000466A30001F7BE00029DA8000107F00001546A00018F1D0001157700057791000FF949000148D700030E0100047555000263B4001186590004D5130001C5530002EEC000064559000144CC00033E4D0003B3BF000196410001586200011ED30001E9980011EAEE0001545A000113AF00031CDB0011950C0001A72B000354D50002D482000599050000E3D300018C6A000144D50000D3410002ECC7000175070002C39B0001BA080001F806000315D2000382C80003A73B0001A21C00011D630001118F00031D9D0002193C0001933F000146C30000FFA4000182840000CB660000FFAF000252CB0003B6A20001213D0008442300011C7C000198E80005AEA5000522F60001A17100024BFD000166A700033D0F0001CB58000211530002ED1F00011C7000020E4D00089FB80009364E0000CF46000251E20011BB0B000414460000E12500011DF90001FF530000E0FD00023D13000ACB1B00086AB300014AEC000277AB00054FB10001D6830001C55D00046A3F00011C3F00018B470003713300014F7B0001F5E40000ED6600017E8B0002861E0000ABAE0001C5F60001CB49000467960003739D000110C70003B7FF0002B8F500019A82000173E0000245650004FA1100011F6A0000D0D20002A5A40001BD0D00016FA50001F9570003E7D20001D6A30001A5FC0003E9170001F5E700065D4E0001B208000140DF000FDDD10002D6BD0006FEEB000133930002013500025AB600018DD8000418B10008AE900002A38F00027C22000549CC0002FA020001952B0001CECA0004C1700003592F0002842000021A9F0002B351000212920000DF16000167F70001824C000128CF0003C6640000FF07000184330003938800016AF70001F49A0002BB0D000189BD000A464400019E480001CDBF000A410F000105C1000256430008806F00017A4F000446E50002BAAD000132230004C293000230CD0001A143000117D20003A8B70001A1F5000783F8000214FB000A071900013B9D00030CC9000159030001B9CD00010931000A81810006C6D00001B85A00019E3A0002059F000984FB00018D100001AB640011B8E500040C630002A0EF000203EE0011C84B00017BA000026D050001AB0B0000C07D0001456B0008458C000125F500116B17000AC2FE0003016C000119C1000146AD0002FC73000987D50001754A0011AE980000FFCF0009573A0000E3E40001BC1600015AD8000149F5000122FB0002673700032A760001E6B40003666F0003306400012CFB0001506D0001ED8D000149D40001B13F00011EC10001E6B90006159300028B1C00037F230000EC0C0001AA440004224600025D0E00023837000216FB00021BA7000EA49B00024E28000159A900091F3B0010E68B00029AA300019AA8000198E600068C8B000190F50000DF0B0001AE870002403B00038BBF0002D8980001D8490001479E00010075000098330000D9410001D2F00001DFB100014A6D0003678D0001CB760001AC0800016DE90001789500016F180006C109000CB6190001D8520009A8F10004442F00022A930000D4D0000153D800020111000287DA0001D34E00011B860004A9F80010CCA800012B0F00011205000293E70003255A00033C960004E261000119C6000194BF0001101A0002BA520001CDF80011FDC7000195A2000291AF000297E40001E14B0001464A0001D44B0000903B0000F5180001C8BF000705960000EB77000329ED000285A00003440500019FA1000270EA0001D699000196BB000643850001133E00020C35000156110004447F0002A487000265A2000151EB000802380000E796000966A70002C2EF0001545300012E2300019C30000468F3000331D50011AA5E0001DE0C000861BC000AB11B0001A4B400016AF40002FFC50005DE0A0001C8C300075C7F00052A5E0005F6230002844700024D7700059C33,5120
